140 9.9 99
150 27 369
160 54 909
170 64.1 1550
180 118.1 2731
190 155.2 4283
200 163.9 5922
210 136.1 7283
220 170.2 8985
230 146.8 10453
240 127.7 11730
250 159.6 13326
260 150.2 14828
270 164.7 16475
280 190.3 18378
290 204.6 20424
300 195.9 22383
310 186.1 24244
320 98.8 25232
330 67.9 25911
340 70.7 26618
350 81.1 27429
360 85.8 28287
370 63.2 28919
380 29.8 29217
390 23.5 29452
400 0 29452
410 0 29452
420 0 29452
430 0 29452
440 0 29452
450 0 29452
460 0 29452
470 0 29452
480 0 29452
490 0 29452
495 0 29452
