0 10 10
10 21 11
20 26 5
30 23 -3
40 29 6
50 37 8
60 46 9
70 56 10
80 63 7
90 79 16
100 95 16
110 108 13
120 143 35
130 220 77
140 289 69
150 373 84
160 496 123
170 576 80
180 711 135
190 916 205
200 1016 100
210 1031 15
220 1033 2
230 1054 21
240 1060 6
250 1059 -1
260 1035 -24
270 1016 -19
280 1016 0
290 1012 -4
300 955 -57
310 744 -211
320 585 -159
330 476 -109
340 505 29
350 557 52
360 549 -8
370 466 -83
380 390 -76
390 308 -82
400 247 -61
410 190 -57
420 110 -80
430 66 -44
440 40 -26
450 25 -15
460 8 -17
470 3 -5
480 2 -1
490 1 -1
495 0 -1
