0 0.1 5.553778406964002 0 5.553778406964002 5.553778406964002 0 0
10 0.1 2.270483711747285 0.0 5.553778406964002 2.270483711747285 5.553778406964002 1
20 0.1 1.5763546798029555 0.0 5.553778406964002 1.5763546798029555 3.9121310593556435 2
30 0.1 1.3875123885034688 0.0 5.553778406964002 1.3875123885034688 3.1335389328380807 3
40 0.1 1.678183613030602 0.0 5.553778406964002 1.3875123885034688 2.697032296754428 4
50 0.1 1.483679525222552 0.0 5.553778406964002 1.3875123885034688 2.4932625600096627 5
60 0.1 2.0689655172413794 0.0 5.553778406964002 1.3875123885034688 2.3249987208784777 6
70 0.1 2.263779527559055 0.0 5.553778406964002 1.3875123885034688 2.288422548930321 7
80 0.1 1.9821605550049552 0.0 5.553778406964002 1.3875123885034688 2.285342171258913 8
90 0.1 2.180376610505451 0.0 5.553778406964002 1.3875123885034688 2.251655325008473 9
100 0.1 3.048180924287119 0.0 5.553778406964002 1.3875123885034688 2.2445274535581707 10
110 0.1 3.1067961165048543 0.0 5.553778406964002 1.3875123885034688 2.3175868599880753 11
120 0.1 3.431372549019608 0.0 5.553778406964002 1.3875123885034688 2.3833542980311404 12
130 0.1 3.497164461247637 0.0 5.553778406964002 1.3875123885034688 2.4639710865687148 13
140 0.1 4.034582132564841 0.0 5.553778406964002 1.3875123885034688 2.537770613331495 14
150 0.1 5.089820359281437 0.0 5.553778406964002 1.3875123885034688 2.6375580479470515 15
160 0.1 6.752730883813307 0.0 6.752730883813307 1.3875123885034688 2.7908244424054507 16
170 0.1 8.582834331337326 0.0 8.582834331337326 1.3875123885034688 3.0238777624882656 17
180 0.1 9.919839679358718 0.0 9.919839679358718 1.3875123885034688 3.33270868297988 18
190 0.1 13.013013013013014 0.0 13.013013013013014 1.3875123885034688 3.679399788052451 19
200 0.1 18.639053254437872 0.0 18.639053254437872 1.3875123885034688 4.146080449300479 20
210 0.1 18.05416248746239 0.0 18.639053254437872 1.3875123885034688 4.836222011449879 21
220 0.1 20.87475149105368 0.0 20.87475149105368 1.3875123885034688 5.437037487632266 22
230 0.1 23.34975369458128 0.0 23.34975369458128 1.3875123885034688 6.108242444302763 23
240 0.1 23.038728897715988 0.0 23.34975369458128 1.3875123885034688 6.826638746397701 24
250 0.1 13.413413413413414 0.0 23.34975369458128 1.3875123885034688 7.475122352450432 25
260 0.1 14.398422090729785 0.0 23.34975369458128 1.3875123885034688 7.7035181624874705 26
270 0.1 14.057826520438685 0.0 23.34975369458128 1.3875123885034688 7.951477567237186 27
280 0.1 14.043824701195218 0.0 23.34975369458128 1.3875123885034688 8.169561458422953 28
290 0.1 15.597235932872655 0.0 23.34975369458128 1.3875123885034688 8.372122259897857 29
300 0.1 16.141732283464567 0.0 23.34975369458128 1.3875123885034688 8.61295938233035 30
310 0.1 16.881827209533267 0.0 23.34975369458128 1.3875123885034688 8.855823024302422 31
320 0.1 11.846001974333662 0.0 23.34975369458128 1.3875123885034688 9.106635655090885 32
330 0.1 10.526315789473683 0.0 23.34975369458128 1.3875123885034688 9.189646755674 33
340 0.1 8.721506442021804 0.0 23.34975369458128 1.3875123885034688 9.228960550785756 34
350 0.1 9.35323383084577 0.0 23.34975369458128 1.3875123885034688 9.214461861963928 35
360 0.1 9.371884346959122 0.0 23.34975369458128 1.3875123885034688 9.218316638877313 36
370 0.1 6.519558676028084 0.0 23.34975369458128 1.3875123885034688 9.22246711747412 37
380 0.1 7.114624505928854 0.0 23.34975369458128 1.3875123885034688 9.151337947962382 38
390 0.1 6.0817547357926225 0.0 23.34975369458128 1.3875123885034688 9.099114526371778 39
400 0.1 4.885343968095713 0.0 23.34975369458128 1.3875123885034688 9.023680531607301 40
410 0.1 5.736894164193868 0.0 23.34975369458128 1.3875123885034688 8.92274549347287 41
420 0.1 4.291417165668663 0.0 23.34975369458128 1.3875123885034688 8.846891890394799 42
430 0.1 3.5785288270377733 0.0 23.34975369458128 1.3875123885034688 8.740950617726751 43
440 0.1 2.7613412228796843 0.0 23.34975369458128 1.3875123885034688 8.623622849756547 44
450 0.1 1.8756169792694966 0.0 23.34975369458128 1.3875123885034688 8.49334992471484 45
460 0.1 1.9704433497536946 0.0 23.34975369458128 1.3875123885034688 8.349486165031246 46
470 0.1 1.1892963330029733 0.0 23.34975369458128 1.1892963330029733 8.213761849812574 47
480 0.1 0.8893280632411068 0.0 23.34975369458128 0.8893280632411068 8.067418818212374 48
490 0.1 1.085883514313919 0.0 23.34975369458128 0.8893280632411068 7.920927170151736 49
