0 0 0
10 0.1 1
20 0.3 4
30 1 14
40 0.5 19
50 0.6 25
60 0.7 32
70 0.7 39
80 1.2 51
90 1.4 65
100 1.6 81
110 1.4 95
120 2 115
130 0.9 124
140 1.6 140
150 2.7 167
160 4.8 215
170 7.2 287
180 10.4 391
190 10.3 494
200 14.9 643
210 12.7 770
220 15.1 921
230 13.4 1055
240 14.9 1204
250 15.4 1358
260 17.7 1535
270 18 1715
280 18.4 1899
290 20.6 2105
300 21.2 2317
310 24.5 2562
320 16.1 2723
330 13.8 2861
340 10.1 2962
350 12.4 3086
360 13 3216
370 9.3 3309
380 7.2 3381
390 8.6 3467
400 5.9 3526
410 5.7 3583
420 8 3663
430 4.5 3708
440 2.5 3733
450 1.6 3749
460 1.8 3767
470 0.4 3771
480 0.1 3772
490 0.3 3775
495 0 3775
