10 0.1 154 0 154 154 0 0
20 0.1 464.0 0.0 464 154 154.0 1
30 0.1 342.0 0.0 464 154 309.0 2
40 0.1 587.0 0.0 587 154 320.0 3
50 0.1 396.0 0.0 587 154 386.75 4
60 0.1 512.0 0.0 587 154 388.6 5
70 0.1 546.0 0.0 587 154 409.1666666666667 6
80 0.1 949.0 0.0 949 154 428.7142857142857 7
90 0.1 1030.0 0.0 1030 154 493.75 8
100 0.1 1345.0 0.0 1345 154 553.3333333333334 9
110 0.1 1485.0 0.0 1485 154 632.5 10
120 0.1 1510.0 0.0 1510 154 710.0 11
130 0.1 1907.0 0.0 1907 154 776.6666666666666 12
140 0.1 1781.0 0.0 1907 154 863.6153846153846 13
150 0.1 2.4e3 0.0 2400 154 929.1428571428571 14
160 0.1 2704.0 0.0 2704 154 1027.2 15
170 0.1 3199.0 0.0 3199 154 1132.0 16
180 0.1 4277.0 0.0 4277 154 1253.5882352941176 17
190 0.1 5076.0 0.0 5076 154 1421.5555555555557 18
200 0.1 6111.0 0.0 6111 154 1613.8947368421052 19
210 0.1 6269.0 0.0 6269 154 1838.75 20
220 0.1 5668.0 0.0 6269 154 2049.714285714286 21
230 0.1 6386.0 0.0 6386 154 2214.181818181818 22
240 0.1 6110.0 0.0 6386 154 2395.5652173913045 23
250 0.1 5941.0 0.0 6386 154 2550.3333333333335 24
260 0.1 5885.0 0.0 6386 154 2685.96 25
270 0.1 6823.0 0.0 6823 154 2809.0 26
280 0.1 7099.0 0.0 7099 154 2957.6666666666665 27
290 0.1 7387.0 0.0 7387 154 3105.5714285714284 28
300 0.1 8026.0 0.0 8026 154 3253.206896551724 29
310 0.1 8471.0 0.0 8471 154 3412.3 30
320 0.1 5054.0 0.0 8471 154 3575.483870967742 31
330 0.1 5080.0 0.0 8471 154 3621.6875 32
340 0.1 4847.0 0.0 8471 154 3665.878787878788 33
350 0.1 5202.0 0.0 8471 154 3700.6176470588234 34
360 0.1 4667.0 0.0 8471 154 3743.5142857142855 35
370 0.1 3543.0 0.0 8471 154 3769.1666666666665 36
380 0.1 3158.0 0.0 8471 154 3763.054054054054 37
390 0.1 3661.0 0.0 8471 154 3747.1315789473683 38
400 0.1 3372.0 0.0 8471 154 3744.923076923077 39
410 0.1 3498.0 0.0 8471 154 3735.6 40
420 0.1 3665.0 0.0 8471 154 3729.8048780487807 41
430 0.1 2328.0 0.0 8471 154 3728.2619047619046 42
440 0.1 1168.0 0.0 8471 154 3695.6976744186045 43
450 0.1 624.0 0.0 8471 154 3638.25 44
460 0.1 557.0 0.0 8471 154 3571.266666666667 45
470 0.1 257.0 0.0 8471 154 3505.7391304347825 46
480 0.1 41.0 0.0 8471 41 3436.6170212765956 47
490 0.1 141.0 0.0 8471 41 3365.875 48
