10 0.1 165 0 165 165 0 0
20 0.1 388.0 0.0 388 165 165.0 1
30 0.1 261.0 0.0 388 165 276.5 2
40 0.1 428.0 0.0 428 165 271.3333333333333 3
50 0.1 338.0 0.0 428 165 310.5 4
60 0.1 424.0 0.0 428 165 316.0 5
70 0.1 490.0 0.0 490 165 334.0 6
80 0.1 755.0 0.0 755 165 356.2857142857143 7
90 0.1 777.0 0.0 777 165 406.125 8
100 0.1 1116.0 0.0 1116 165 447.3333333333333 9
110 0.1 1191.0 0.0 1191 165 514.2 10
120 0.1 1225.0 0.0 1225 165 575.7272727272727 11
130 0.1 1586.0 0.0 1586 165 629.8333333333334 12
140 0.1 1628.0 0.0 1628 165 703.3846153846154 13
150 0.1 2142.0 0.0 2142 165 769.4285714285714 14
160 0.1 2702.0 0.0 2702 165 860.9333333333333 15
170 0.1 3395.0 0.0 3395 165 976.0 16
180 0.1 4313.0 0.0 4313 165 1118.2941176470588 17
190 0.1 5530.0 0.0 5530 165 1295.7777777777778 18
200 0.1 6754.0 0.0 6754 165 1518.6315789473683 19
210 0.1 7068.0 0.0 7068 165 1780.4 20
220 0.1 7705.0 0.0 7705 165 2032.1904761904761 21
230 0.1 9132.0 0.0 9132 165 2290.0454545454545 22
240 0.1 9676.0 0.0 9676 165 2587.521739130435 23
250 0.1 8087.0 0.0 9676 165 2882.875 24
260 0.1 7221.0 0.0 9676 165 3091.04 25
270 0.1 7660.0 0.0 9676 165 3249.8846153846152 26
280 0.1 7751.0 0.0 9676 165 3413.222222222222 27
290 0.1 8027.0 0.0 9676 165 3568.1428571428573 28
300 0.1 8432.0 0.0 9676 165 3721.896551724138 29
310 0.1 8473.0 0.0 9676 165 3878.9 30
320 0.1 5183.0 0.0 9676 165 4027.0967741935483 31
330 0.1 5060.0 0.0 9676 165 4063.21875 32
340 0.1 4410.0 0.0 9676 165 4093.4242424242425 33
350 0.1 5236.0 0.0 9676 165 4102.735294117647 34
360 0.1 4822.0 0.0 9676 165 4135.114285714286 35
370 0.1 3664.0 0.0 9676 165 4154.194444444444 36
380 0.1 3054.0 0.0 9676 165 4140.945945945946 37
390 0.1 3268.0 0.0 9676 165 4112.3421052631575 38
400 0.1 2702.0 0.0 9676 165 4090.692307692307 39
410 0.1 2656.0 0.0 9676 165 4055.9749999999995 40
420 0.1 2623.0 0.0 9676 165 4021.829268292682 41
430 0.1 1817.0 0.0 9676 165 3988.5238095238087 42
440 0.1 1016.0 0.0 9676 165 3938.023255813953 43
450 0.1 520.0 0.0 9676 165 3871.6136363636356 44
460 0.1 459.0 0.0 9676 165 3797.1333333333328 45
470 0.1 209.0 0.0 9676 165 3724.5652173913036 46
480 0.1 36.0 0.0 9676 36 3649.765957446808 47
490 0.1 100.0 0.0 9676 36 3574.479166666666 48
