10 0.1 12162.9619140625 0 12162.9619140625 12162.9619140625 0 0
20 0.3 20869.905680338543 1108.7148857560321 22314.015869140625 12162.9619140625 12162.9619140625 1
30 1 18748.22316894531 8905.934120942557 31639.116943359375 2586.69189453125 18693.16973876953 4
40 0.5 26304.655615234376 10048.645922096355 35709.941162109375 2586.69189453125 18732.493617466516 14
50 0.6 29600.240193684895 17908.128613914647 56255.548095703125 2586.69189453125 20725.16782740543 19
60 0.7 28820.398472377234 21678.370516616 62812.01806640625 2586.69189453125 22855.1851953125 25
70 0.7 23064.229038783484 6916.000612070789 62812.01806640625 2586.69189453125 24160.07559967041 32
80 1.2 36915.188232421875 26391.38242451144 83904.5400390625 2586.69189453125 23963.38519130609 39
90 1.4 34971.189243861605 17492.6726281462 83904.5400390625 2586.69189453125 27010.868259803923 51
100 1.6 32140.461944580078 22295.781000933108 83904.5400390625 2586.69189453125 28725.39893329327 65
110 1.4 36340.36444963728 25053.32165739554 106103.68481445313 2586.69189453125 29399.979281201773 81
120 2 41241.68764648437 24026.198818836318 106103.68481445313 2586.69189453125 30422.77288497122 95
130 0.9 29471.376763237848 16804.31315765506 106103.68481445313 2586.69189453125 32304.323278277854 115
140 1.6 36223.84100341797 20139.712345370594 106103.68481445313 2586.69189453125 32098.70619250882 124
150 2.7 43761.52615921586 28816.516339315625 139929.21899414063 2586.69189453125 32570.150170898436 140
160 4.8 33501.39769999186 17276.852543709672 139929.21899414063 2586.69189453125 34379.534312722215 167
170 7.2 35440.35726250543 22219.623349959365 139929.21899414063 2586.69189453125 34183.485208484744 215
180 10.4 40937.11403714696 26391.069610247574 139929.21899414063 2586.69189453125 34498.798058273904 287
190 10.3 36199.79516838592 24291.886317506007 139929.21899414063 2586.69189453125 36211.29131096648 391
200 14.9 34769.15237160496 23923.329653374098 139929.21899414063 2586.69189453125 36208.894341966894 494
210 12.7 38886.39754552168 22789.99307603491 139929.21899414063 2586.69189453125 35875.268286626415 643
220 15.1 41093.39819820984 21713.612543849267 139929.21899414063 2586.69189453125 36371.90908647018 770
230 13.4 50130.69531614389 23522.91345333104 139929.21899414063 2586.69189453125 37146.0077356262 921
240 14.9 53169.33737285025 23468.91739076308 149088.43286132813 2586.69189453125 38795.24767476304 1055
250 15.4 52839.391628513076 21531.773417919932 149088.43286132813 2586.69189453125 40574.10096796486 1204
260 17.7 57602.67501158633 22081.87752336408 149088.43286132813 2586.69189453125 41965.010218130126 1358
270 18 62629.9218085395 23066.455202986235 149088.43286132813 2586.69189453125 43768.18068617035 1535
280 18.4 70107.30185334575 22127.077630536165 170758.80102539063 2586.69189453125 45747.83864653562 1715
290 20.6 80440.9643045073 21224.026499572195 170758.80102539063 2586.69189453125 48108.10259074472 1899
300 21.2 84940.35115598283 17302.78126728413 170758.80102539063 2586.69189453125 51272.26863019131 2105
310 24.5 92634.61185626591 18423.03134459875 173560.09594726563 2586.69189453125 54352.81826138156 2317
320 16.1 98770.30617508976 15326.063032036358 173560.09594726563 2586.69189453125 58013.64551772296 2562
330 13.8 105843.35084069295 12960.46083860036 173560.09594726563 2586.69189453125 60423.422368929736 2723
340 10.1 117569.77347617575 15898.486752669782 208461.48095703125 2586.69189453125 62614.24730045834 2861
350 12.4 128422.68587961505 16535.308813830834 214835.6591796875 2586.69189453125 64488.15281826639 2962
360 13 138478.10526216932 12040.218942159416 214835.6591796875 2586.69189453125 67057.13600025188 3086
370 9.3 147481.04297400033 9770.891070843598 214835.6591796875 2586.69189453125 69944.17766817764 3216
380 7.2 154452.22385321718 11606.04388762033 214835.6591796875 2586.69189453125 72123.36427242107 3309
390 8.6 166335.22067473654 12300.587936060538 232896.73876953125 2586.69189453125 73876.59641966074 3381
400 5.9 179361.87898487155 12800.19179481898 232896.73876953125 2586.69189453125 76170.06099593316 3467
410 5.7 188750.68713593064 12314.274507199114 246210.8388671875 2586.69189453125 77896.75335592958 3526
420 8 197717.82373962397 10295.022984174047 246210.8388671875 2586.69189453125 79660.26835047606 3583
430 4.5 205681.39492730034 10084.713647313143 246210.8388671875 2586.69189453125 82238.64793855464 3663
440 2.5 218964.98978515624 7920.000794051716 246210.8388671875 2586.69189453125 83736.73952822389 3708
450 1.6 224083.00311279297 10473.414904628928 251092.81103515625 2586.69189453125 84642.36670647819 3733
460 1.8 235572.81928168403 11028.811978443417 257906.67407226563 2586.69189453125 85237.47211658783 3749
470 0.4 245014.89422607422 8451.206059966496 257906.67407226563 2586.69189453125 85955.82524878101 3767
480 0.1 246779.57299804688 0.0 257906.67407226563 2586.69189453125 86124.54343385372 3771
490 0.3 268310.6533203125 5774.394422255849 274545.958984375 2586.69189453125 86167.13490510616 3772
495 0 0 0 274545.958984375 2586.69189453125 86311.88472106526 3775
