10 0.3 10.517578125 4.465307901886294 16.827880859375 7.15380859375 0 0
20 0.4 16.478759765625 15.55040625719205 43.410888671875 7.15380859375 10.517578125 3
30 0.2 16.39404296875 9.26708984375 43.410888671875 7.126953125 13.923967633928571 7
40 0.1 7.0888671875 0.0 43.410888671875 7.0888671875 14.47287326388889 9
50 0.4 65.7034912109375 60.04853739721594 163.099853515625 7.0888671875 13.73447265625 10
60 0.4 29.36669921875 17.634154704318533 163.099853515625 7.0888671875 28.582763671875 14
70 0.9 39.815890842013886 31.75374236717599 163.099853515625 7.0888671875 28.756971571180557 18
80 0.5 24.512744140625 18.767981522077843 163.099853515625 6.97998046875 32.443277994791664 27
90 0.5 32.86923828125 13.016157275944554 163.099853515625 6.97998046875 31.20413208007812 32
100 1.4 73.50270298549107 59.24316729614396 218.85400390625 6.569091796875 31.42914643158784 37
110 0.8 102.34432983398438 160.81417860707944 522.75390625 6.569091796875 42.978750191482845 51
120 1.5 90.93250325520833 63.617302990350154 522.75390625 6.569091796875 51.0283203125 59
130 1 1824.6927978515625 756.3327787665488 3197.18896484375 6.569091796875 59.117006044130065 74
140 2.1 2724.054954892113 1119.6825031247677 3359.502197265625 0.613037109375 269.30460030691967 84
150 2.2 1593.9989124644887 1774.1750352842398 4270.732177734375 0.5869140625 760.2546712239583 105
160 3.1 1226.7129693800405 1460.684303259014 4270.732177734375 0.5869140625 904.6828075018454 127
170 3.8 959.9230892783717 1226.4246866618423 4270.732177734375 0.5869140625 967.8659405285799 158
180 7.3 656.4190088559506 942.5471883562798 4270.732177734375 0.56787109375 966.3259999800702 196
190 8.7 780.5882301769037 1089.1816487043886 4270.732177734375 0.56787109375 882.2248462549372 269
200 9.4 698.9989585064831 870.6738092236076 4270.732177734375 0.56787109375 857.3866844605864 356
210 6.4 779.3625602722168 1089.3050004058543 5672.708984375 0.56787109375 824.3012483723959 450
220 7.5 903.8306575520834 1103.9937490302484 5672.708984375 0.56396484375 818.7057696984435 514
230 8.4 574.267101469494 796.4060802757253 5672.708984375 0.56396484375 829.5451017680921 589
240 5.5 613.8375133167614 891.1616299123942 5672.708984375 0.56396484375 797.682765921016 673
250 8 608.171923828125 854.2082666383789 5672.708984375 0.5439453125 783.7933581006396 728
260 7.3 1118.343234963613 4124.846413240944 35451.3388671875 0.5439453125 766.4050972815787 808
270 5.9 824.8647171279131 1051.701850395024 35451.3388671875 0.5439453125 795.5668271916678 881
280 7.2 618.1896226671007 965.6539904654696 35451.3388671875 0.5439453125 797.4057373046875 940
290 8.9 437.9680532391152 789.3394914812824 35451.3388671875 0.5439453125 784.6551836941082 1012
300 7.9 585.8599250890032 924.4009462949908 35451.3388671875 0.5439453125 756.6305201060115 1101
310 6.7 566.5867427996735 789.792089815329 35451.3388671875 0.5439453125 745.1975734904661 1180
320 3.9 643.4114332932692 783.232515297299 35451.3388671875 0.5439453125 735.6010011919232 1247
330 2.8 964.7831595284598 648.3526938516525 35451.3388671875 0.5439453125 732.8052055869096 1286
340 2 1032.4556274414063 627.3092686839658 35451.3388671875 0.5439453125 737.7484192173231 1314
350 3.1 645.0962307837701 812.2230122089347 35451.3388671875 0.5439453125 742.1668181412224 1334
360 4.5 714.6905110677088 1036.5127073521035 35451.3388671875 0.5439453125 739.9622846554487 1365
370 4.3 1042.6436739189683 1076.941919366058 35451.3388671875 0.5439453125 739.1557386898826 1410
380 3.5 1457.8715750558038 958.0150282162971 35451.3388671875 0.5439453125 748.1371435177222 1453
390 1.5 1431.48818359375 731.029737033793 35451.3388671875 0.5439453125 764.8311657649216 1488
400 0.5 1503.86083984375 119.3323696699716 35451.3388671875 0.5439453125 771.4844294159079 1503
410 0.2 829.0770263671875 22.9500732421875 35451.3388671875 0.5439453125 773.9127331640109 1508
420 0.3 417.0177408854167 363.88582311366275 35451.3388671875 0.5439453125 773.9857984530216 1510
430 0.1 7.68505859375 0.0 35451.3388671875 0.5439453125 773.2779966204356 1513
440 0 0 0 35451.3388671875 0.5439453125 772.772320967842 1514
450 0 0 0 35451.3388671875 0.5439453125 772.772320967842 1514
460 0 0 0 35451.3388671875 0.5439453125 772.772320967842 1514
470 0 0 0 35451.3388671875 0.5439453125 772.772320967842 1514
480 0 0 0 35451.3388671875 0.5439453125 772.772320967842 1514
490 0 0 0 35451.3388671875 0.5439453125 772.772320967842 1514
495 0 0 0 35451.3388671875 0.5439453125 772.772320967842 1514
