40 0.1 16.370849609375 0 16.370849609375 16.370849609375 0 0
50 0.3 165.21232096354166 39.71721919658308 219.240966796875 16.370849609375 16.370849609375 1
60 0.1 14.778076171875 0.0 219.240966796875 14.778076171875 128.001953125 4
70 0 0 0 219.240966796875 14.778076171875 105.357177734375 5
80 0.4 46.58935546875 35.418401426249595 219.240966796875 14.778076171875 105.357177734375 5
90 0.5 43.060205078125 40.68454809382767 219.240966796875 14.471923828125 79.23814561631944 9
100 0.5 155.749072265625 100.47335946259331 322.171142578125 14.471923828125 66.31745256696429 14
110 0.6 139.00614420572916 146.98596755694905 447.947021484375 14.471923828125 89.85208932976974 19
120 0.4 293.1402587890625 234.88229501132116 680.291015625 14.471923828125 101.6490625 25
130 0.5 875.819873046875 377.6727287945174 1497.906005859375 14.471923828125 128.06164129849137 29
140 0.6 2687.7667643229165 1205.7588782638836 3395.886962890625 0.872802734375 238.02608714384192 34
150 0.7 3226.2677873883927 416.10190677538657 4036.260986328125 0.872802734375 605.4871887207031 40
160 0.6 1057.592041015625 1492.6667746563473 4036.260986328125 0.7890625 995.8162140541888 47
170 1.5 920.5784993489583 1172.7844329026507 4036.260986328125 0.760986328125 1002.8097038988797 53
180 1.6 1111.613510131836 1116.4897297689356 4036.260986328125 0.68896484375 984.6704676011029 68
190 2.3 428.0961489470108 921.4098967633089 4036.260986328125 0.68896484375 1008.8500947498139 84
200 3.7 441.5761982685812 776.0481160900631 4036.260986328125 0.64794921875 884.0151344370619 107
210 3.7 473.40983292863183 777.5704107624246 4036.260986328125 0.64794921875 770.3329077826606 144
220 5.7 574.2818153782898 908.8284277838974 4036.260986328125 0.64794921875 709.6359256301796 181
230 5.7 646.337462308114 820.372086952095 4036.260986328125 0.626953125 677.219184939601 238
240 6.5 576.7603102463942 1092.50096941481 6124.092041015625 0.626953125 671.2522080243644 295
250 7 476.5891601562498 772.580304199345 6124.092041015625 0.626953125 654.1911709255643 360
260 8.3 624.8742028661521 818.2604481123637 6124.092041015625 0.626953125 625.2792156840479 430
270 7.2 588.3680691189236 802.3771590141744 6124.092041015625 0.626953125 625.2136872944079 513
280 6.9 550.3440224467843 907.6553192444469 6124.092041015625 0.626953125 620.6788419805022 585
290 7.6 1259.0952919407894 7526.399385756187 66113.14794921875 0.626953125 613.258195882908 654
300 9.4 738.0857712765958 3717.0125781937386 66113.14794921875 0.626953125 680.4960305409888 730
310 7 471.23856026785717 737.3958625209741 66113.14794921875 0.626953125 687.0657339744198 824
320 8 584.9781005859375 775.0765636839063 66113.14794921875 0.626953125 670.16651455668 894
330 5.9 914.2083388506356 650.7180809048085 66113.14794921875 0.626953125 663.16951956935 974
340 6.5 718.7529221754805 732.1704163663672 66113.14794921875 0.626953125 677.5076515515337 1033
350 6.2 856.3806624873991 803.1752393870672 66113.14794921875 0.614990234375 679.9493114700734 1098
360 5.5 809.4313964843752 974.5547761985077 66113.14794921875 0.614990234375 689.379262989965 1160
370 4.5 905.2953179253473 1060.00824888661 66113.14794921875 0.614990234375 694.8137217078189 1215
380 3.6 1348.4105902777778 987.011799877021 66113.14794921875 0.610107421875 702.3309215727306 1260
390 4 1461.2465026855466 538.3005932019549 66113.14794921875 0.610107421875 720.2775790367598 1296
400 2.5 1355.225478515625 231.74047542214237 66113.14794921875 0.610107421875 742.4622773495978 1336
410 3.5 945.52509765625 120.33110704642849 66113.14794921875 0.610107421875 753.7180304937202 1361
420 4.3 571.5464207848837 303.76239449281735 66113.14794921875 0.610107421875 758.5269469340415 1396
430 3.3 12.117742365056818 10.396230588507446 66113.14794921875 0.610107421875 752.9396205793411 1439
440 1.9 16.145777652138158 14.657604807509342 66113.14794921875 0.610107421875 736.3315214074177 1472
450 1.5 11.521712239583334 5.858680459776778 66113.14794921875 0.610107421875 727.1541041496374 1491
460 0.4 14.7113037109375 4.01808381595472 66113.14794921875 0.610107421875 720.0262914812106 1506
470 0.2 16.7510986328125 0.5079345703125 66113.14794921875 0.610107421875 718.1579074076469 1510
480 0 0 0 66113.14794921875 0.610107421875 717.2301206235533 1512
490 0.2 18.83740234375 2.0654296875 66113.14794921875 0.610107421875 717.2301206235533 1512
495 0 0 0 66113.14794921875 0.610107421875 716.3075410749669 1514
