0 0.1 14.380859375 0 14.380859375 14.380859375 0 0
10 0.1 46.68896484375 0.0 46.68896484375 14.380859375 14.380859375 1
20 0 0 0 46.68896484375 14.380859375 30.534912109375 2
30 0.2 12.6875 0.030517578125 46.68896484375 12.656982421875 30.534912109375 2
40 0 0 0 46.68896484375 12.656982421875 21.6112060546875 4
50 0.1 122.591064453125 0.0 122.591064453125 12.656982421875 21.6112060546875 4
60 0.1 54.010986328125 0.0 122.591064453125 12.656982421875 41.807177734375 5
70 0 0 0 122.591064453125 12.656982421875 43.841145833333336 6
80 0.2 89.7564697265625 57.1673583984375 146.923828125 12.656982421875 43.841145833333336 6
90 0.2 51.0211181640625 40.1329345703125 146.923828125 10.88818359375 55.319976806640625 8
100 0 0 0 146.923828125 10.88818359375 54.460205078125 10
110 0.5 73.2810546875 66.72973612963261 195.384033203125 10.88818359375 54.460205078125 10
120 0.5 131.512451171875 50.404667160052306 195.384033203125 10.88818359375 60.733821614583334 15
130 0.2 1705.47607421875 503.468994140625 2208.945068359375 10.88818359375 78.42847900390625 20
140 0.4 3102.5498657226563 209.52146800662328 3230.0830078125 10.88818359375 226.34189675071022 22
150 0.7 2333.6619001116073 1540.0872849808459 4061.211181640625 0.754150390625 668.8354304387019 26
160 1.9 290.91903525904604 833.9972030198055 4061.211181640625 0.672119140625 1021.980439157197 33
170 2 884.979833984375 1257.3408878357418 4061.211181640625 0.672119140625 754.8618492713341 52
180 2.3 970.0359205163044 1019.7758416393963 4061.211181640625 0.616943359375 791.0057339138455 72
190 3.1 464.0260442918347 938.3054129198217 4061.211181640625 0.616943359375 834.3498843544407 95
200 3.7 504.4862621410473 767.6608366365135 4061.211181640625 0.616943359375 743.2384633866567 126
210 3.4 492.77663286994493 756.788101049876 4061.211181640625 0.616943359375 689.0431784413344 163
220 3.2 260.9248580932617 651.7181220890118 4061.211181640625 0.616943359375 655.1697644848509 197
230 3.9 743.3785494290867 1050.6819677831236 5152.19091796875 0.616943359375 600.07877319869 229
240 2.8 401.8686087472098 758.9086382569623 5152.19091796875 0.614990234375 620.9320988441581 268
250 2.9 515.5149094154093 829.5884165211262 5152.19091796875 0.614990234375 600.2098768079603 296
260 2.5 499.57789062499984 793.8832093881398 5152.19091796875 0.614990234375 592.6524797175481 325
270 2.4 692.0965270996094 1100.0630602163444 5152.19091796875 0.614990234375 586.0042947823661 350
280 2.8 421.11171177455356 782.3733461583411 5152.19091796875 0.614990234375 592.8123524711731 374
290 2 470.9652465820312 784.0219691478444 5152.19091796875 0.614990234375 580.8531038654384 402
300 3.1 2640.5540732106856 11652.492139291791 66329.791015625 0.614990234375 575.6451485439499 422
310 1.8 281.4807400173611 591.0507187948494 66329.791015625 0.614990234375 716.9523817992895 453
320 1.9 256.4938450863487 578.1563245706456 66329.791015625 0.614990234375 700.3101534509356 471
330 0.9 1090.8909776475693 630.6134681010333 66329.791015625 0.614990234375 683.1009496572067 490
340 0.4 618.12451171875 621.840038313237 66329.791015625 0.614990234375 690.4558800217623 499
350 0.8 1039.0715637207031 784.2246043425904 66329.791015625 0.614990234375 689.8806802738258 503
360 1.3 775.1313664362981 1035.35789531902 66329.791015625 0.587890625 695.3474651418786 511
370 1.5 991.7110188802084 1077.7149043668592 66329.791015625 0.587890625 697.3268367388777 524
380 1.6 1002.1572570800781 1018.5838298701334 66329.791015625 0.587890625 705.5193464459647 539
390 1 1067.8573974609376 727.2922828719842 66329.791015625 0.587890625 714.0710699957771 555
400 0.6 1423.9513346354167 165.65118594080124 66329.791015625 0.587890625 720.3327749066648 565
410 0.2 917.89208984375 78.636962890625 66329.791015625 0.587890625 727.7263149388408 571
420 0 0 0 66329.791015625 0.587890625 728.3900698250709 573
430 0.2 24.189453125 12.222412109375 66329.791015625 0.587890625 728.3900698250709 573
440 0 0 0 66329.791015625 0.587890625 725.9406763756793 575
450 0 0 0 66329.791015625 0.587890625 725.9406763756793 575
460 0 0 0 66329.791015625 0.587890625 725.9406763756793 575
470 0 0 0 66329.791015625 0.587890625 725.9406763756793 575
480 0 0 0 66329.791015625 0.587890625 725.9406763756793 575
490 0 0 0 66329.791015625 0.587890625 725.9406763756793 575
495 0 0 0 66329.791015625 0.587890625 725.9406763756793 575
