20 0.1 89.3310546875 0 89.3310546875 89.3310546875 0 0
30 0 0 0 89.3310546875 89.3310546875 89.3310546875 1
40 0.3 84.73038736979167 5.335079641098286 90.302978515625 77.5390625 89.3310546875 1
50 0 0 0 90.302978515625 77.5390625 85.88055419921875 4
60 0.2 197.447998046875 102.60498046875 300.052978515625 77.5390625 85.88055419921875 4
70 0.3 174.84700520833334 81.68302617481346 300.052978515625 77.5390625 123.0697021484375 6
80 0.4 394.63153076171875 214.80499431412514 716.509033203125 77.5390625 140.32880316840277 9
90 0.3 167.21077473958334 32.632109871126346 716.509033203125 77.5390625 218.57579627403845 13
100 0.3 526.625732421875 118.85904311803287 716.509033203125 77.5390625 208.94485473632813 16
110 0.3 397.812744140625 95.58692367787032 716.509033203125 77.5390625 259.10499331825656 19
120 0.1 503.966064453125 0.0 716.509033203125 77.5390625 278.01968661221593 22
130 0.2 1348.4530029296875 841.0679931640625 2189.52099609375 77.5390625 287.84344217051637 23
140 0.2 1569.9605712890625 1569.2674560546875 3139.22802734375 0.693115234375 372.69220703125006 25
150 0.5 1417.787451171875 1738.8377725988987 3803.298095703125 0.693115234375 461.37875253182875 27
160 1.4 1046.602329799107 1424.6255961697173 3803.298095703125 0.668212890625 610.8176116943359 32
170 1.2 2045.0735677083333 1314.1043770319293 3927.694091796875 0.668212890625 743.4477432914402 46
180 2.1 761.2288760230655 1082.527549641543 3927.694091796875 0.64013671875 1012.7496379983836 58
190 1.4 486.09425571986606 922.0498245336684 3927.694091796875 0.64013671875 945.8896886125395 79
200 2.7 289.09054000289353 686.8094150455483 3927.694091796875 0.606201171875 876.6731718329974 93
210 3.1 492.80847561743957 831.6507182712626 3927.694091796875 0.606201171875 744.4670796712239 120
220 3.9 607.4422576121794 1516.2503843418226 8552.14794921875 0.606201171875 692.8020682429636 151
230 2.9 876.9326592807112 928.1538946071983 8552.14794921875 0.606201171875 675.2808439555922 190
240 2.5 738.359970703125 902.7431632498134 8552.14794921875 0.606201171875 701.9835957566353 219
250 3.3 817.7340938683712 2298.2928444150034 13121.60400390625 0.606201171875 705.7106833536117 244
260 2.7 792.3201949508102 894.23010099727 13121.60400390625 0.606201171875 719.0564326207129 277
270 3.2 443.49705505371094 746.9659650055091 13121.60400390625 0.606201171875 725.5634115118728 304
280 2.6 479.3567927433894 865.0478516193775 13121.60400390625 0.606201171875 698.6999489920478 336
290 2.6 660.3534498948318 824.1263489522606 13121.60400390625 0.606201171875 682.9460206426967 362
300 3.2 276.52769470214844 598.4318140214302 13121.60400390625 0.606201171875 681.4320854894892 388
310 2 417.0052490234375 656.4766827065367 13121.60400390625 0.592041015625 650.582227143787 420
320 2.2 689.323641690341 760.4586298553556 13121.60400390625 0.592041015625 639.9650917746802 440
330 1.8 990.6190049913195 767.4631973551118 13121.60400390625 0.592041015625 642.3154989135212 462
340 1 1167.586474609375 708.5060424443192 13121.60400390625 0.592041015625 655.3768803914387 480
350 1.3 810.1533390925481 898.9050922442218 13121.60400390625 0.592041015625 665.8301374162945 490
360 1.1 399.9298206676136 630.5386376945823 13121.60400390625 0.592041015625 669.5601605212474 503
370 1.4 626.3126395089286 991.2755665288792 13121.60400390625 0.592041015625 663.7898614193214 514
380 1.1 1653.6624200994318 822.2635717102727 13121.60400390625 0.592041015625 662.7961472020004 528
390 1.6 1203.3342742919922 855.021385581803 13121.60400390625 0.592041015625 683.0179078733765 539
400 0.6 1428.5718994140625 252.71276896799156 13121.60400390625 0.592041015625 698.018019337697 555
410 0.2 1216.1605224609375 376.4605712890625 13121.60400390625 0.592041015625 705.8314298197971 561
420 0.1 1012.953857421875 0.0 13121.60400390625 0.592041015625 707.6443218007603 563
430 0.1 125.35302734375 0.0 13121.60400390625 0.592041015625 708.1856507646276 564
440 0 0 0 13121.60400390625 0.592041015625 707.1540885992808 565
450 0 0 0 13121.60400390625 0.592041015625 707.1540885992808 565
460 0 0 0 13121.60400390625 0.592041015625 707.1540885992808 565
470 0 0 0 13121.60400390625 0.592041015625 707.1540885992808 565
480 0 0 0 13121.60400390625 0.592041015625 707.1540885992808 565
490 0 0 0 13121.60400390625 0.592041015625 707.1540885992808 565
495 0 0 0 13121.60400390625 0.592041015625 707.1540885992808 565
