10 0.3 233.07023111979166 55.50757141645555 301.10888671875 165.143798828125 0 0
20 0.4 189.70703125 28.942748754428607 301.10888671875 159.367919921875 233.07023111979166 3
30 0.2 177.6781005859375 0.0860595703125 301.10888671875 159.367919921875 208.291259765625 7
40 0.1 161.671875 0.0 301.10888671875 159.367919921875 201.48833550347223 9
50 0.4 1048.1122436523438 1140.5028151824233 3006.378173828125 159.367919921875 197.506689453125 10
60 0.4 324.78851318359375 57.624530816540684 3006.378173828125 159.367919921875 440.53684779575894 14
70 0.9 348.8667805989583 183.87367233475908 3006.378173828125 157.532958984375 414.81499565972223 18
80 0.5 428.916455078125 258.2237925232477 3006.378173828125 157.532958984375 392.83225730613424 27
90 0.6 378.9247233072917 101.44230945189686 3006.378173828125 157.532958984375 398.4704132080078 32
100 1.3 582.4819711538462 273.24951094187634 3006.378173828125 157.532958984375 395.3842516447368 38
110 0.8 618.49365234375 312.99838554923633 3006.378173828125 157.532958984375 443.0758272058824 51
120 1.5 831.4453450520833 404.13097199838325 3006.378173828125 157.532958984375 466.86129502118644 59
130 1.6 2388.4564514160156 865.3622212580342 3614.383056640625 157.532958984375 540.7634673247467 74
140 1.8 3153.106730143229 1451.3441280603276 4519.754150390625 7.309814453125 869.2422200520833 90
150 2.3 2092.1451044497285 2044.1795438778195 5059.591064453125 0.68994140625 1249.8863050672744 108
160 3 1367.1899983723958 1733.0260718991335 5059.591064453125 0.68994140625 1397.7638041954915 131
170 4.2 1305.6065731956846 1351.4310839905816 5059.591064453125 0.64697265625 1392.066821743983 161
180 7.3 762.4795557309503 1146.4602898177177 5059.591064453125 0.64697265625 1374.1784944581282 203
190 9 621.5548882378472 1167.7406840956778 5059.591064453125 0.64697265625 1212.3885577657948 276
200 8.8 700.4766706986861 1043.2697015139945 5059.591064453125 0.64697265625 1067.1015898490864 366
210 6.9 836.6551389832428 1039.6083899724792 5059.591064453125 0.64697265625 996.037728868392 454
220 7.8 1042.9025315504807 2055.7422070717143 11979.275146484375 0.64697265625 975.0101978892806 523
230 7.6 458.90970651726974 863.6071543079523 11979.275146484375 0.64697265625 983.8215157354929 601
240 5.9 983.9097010725637 2817.4313566079795 20676.796875 0.64697265625 924.894931539651 677
250 7.4 869.564561998522 1220.5448553415367 20676.796875 0.64697265625 929.6257350755775 736
260 7.6 1129.88719739412 4081.461594269785 35478.875 0.64697265625 924.1386649426119 810
270 6.3 917.5580705915179 1365.8557840741994 35478.875 0.64697265625 941.7875232567368 886
280 6.5 1064.0917931189904 4290.287498923277 35478.875 0.64697265625 940.1790348290141 949
290 9 1205.7011664496529 6915.233502883779 65815.17309570313 0.64697265625 948.1221603604229 1014
300 7.9 602.4836549396753 928.2639156737472 65815.17309570313 0.64697265625 969.1204489003057 1104
310 6.7 1030.9932588036381 3973.0137342771936 65815.17309570313 0.64697265625 944.6366731413118 1183
320 3.9 957.4251114282853 941.7766117856165 65815.17309570313 0.64697265625 949.2653861328125 1250
330 2.8 949.4826921735491 869.1426779364534 65815.17309570313 0.64697265625 949.5122668826367 1289
340 1.7 1269.8101591222426 946.9744383621377 65815.17309570313 0.64697265625 949.511638111297 1317
350 3.1 8860.543244392642 31108.208901578637 127276.47583007813 0.64697265625 953.5934033715564 1334
360 4.8 946.6321818033854 1364.936232979635 127276.47583007813 0.64697265625 1133.1651580028044 1365
370 4.7 4142.29082862367 18578.631685927183 129848.78100585938 0.64697265625 1126.8285813166246 1413
380 2.8 1435.2726266043526 1308.3828501995395 129848.78100585938 0.64697265625 1223.9016810587007 1460
390 1.5 1687.1556477864583 923.7513247250934 129848.78100585938 0.64697265625 1227.8790913243447 1488
400 0.5 1683.984375 542.6875466058191 129848.78100585938 0.64697265625 1232.46268969223 1503
410 0.3 1128.6416829427083 433.7383230497442 129848.78100585938 0.64697265625 1233.9597775082373 1508
420 0.2 1200.7364501953125 176.6104736328125 129848.78100585938 0.64697265625 1233.750674739411 1511
430 0.1 248.737060546875 0.0 129848.78100585938 0.64697265625 1233.707033993153 1513
440 0 0 0 129848.78100585938 0.64697265625 1233.0564593739678 1514
450 0 0 0 129848.78100585938 0.64697265625 1233.0564593739678 1514
460 0 0 0 129848.78100585938 0.64697265625 1233.0564593739678 1514
470 0 0 0 129848.78100585938 0.64697265625 1233.0564593739678 1514
480 0 0 0 129848.78100585938 0.64697265625 1233.0564593739678 1514
490 0 0 0 129848.78100585938 0.64697265625 1233.0564593739678 1514
495 0 0 0 129848.78100585938 0.64697265625 1233.0564593739678 1514
