0 1.3 13
10 0.9 22
20 0.8 30
30 0.5 35
40 1.3 48
50 1.4 62
60 1.8 80
70 1.5 95
80 1.8 113
90 3.3 146
100 3 176
110 2.7 203
120 5.8 261
130 8.5 346
140 8.3 429
150 11.6 545
160 16.6 711
170 15.4 865
180 23.9 1104
190 31.2 1416
200 33.7 1753
210 47.1 2224
220 59.1 2815
230 67.8 3493
240 28.2 3775
250 0 3775
260 0 3775
270 0 3775
280 0 3775
290 0 3775
300 0 3775
310 0 3775
320 0 3775
330 0 3775
340 0 3775
350 0 3775
360 0 3775
370 0 3775
380 0 3775
390 0 3775
400 0 3775
410 0 3775
420 0 3775
430 0 3775
440 0 3775
450 0 3775
460 0 3775
470 0 3775
480 0 3775
490 0 3775
495 0 3775
