0 2.6 26
10 6.2 88
20 5.6 144
30 9.6 240
40 10 340
50 13.6 476
60 13.6 612
70 16 772
80 23.6 1008
90 17.6 1184
100 31.9 1503
110 39.6 1899
120 40.5 2304
130 56.8 2872
140 89 3762
150 95.4 4716
160 120.6 5922
170 159.6 7518
180 193.5 9453
190 249.2 11945
200 277.1 14716
210 364.1 18357
220 450.8 22865
230 385.9 26724
240 392.3 30647
250 338.5 34032
260 282 36852
270 210.2 38954
280 300.8 41962
290 340.5 45367
300 106 46427
310 58.2 47009
320 25.4 47263
330 16.1 47424
340 4 47464
350 0.2 47466
360 0.2 47468
369 3.7 47505
