0 1.1 11.771395596590908 33.48913146057016 117.670166015625 0.720947265625 0 0
10 0.9 1.4131944444444444 0.19662836329226807 117.670166015625 0.720947265625 11.771395596590908 11
20 0.5 2.266015625 1.1658783501819971 117.670166015625 0.720947265625 7.110205078125 20
30 1.9 1.632838199013158 0.7556083151008984 117.670166015625 0.720947265625 6.1413671875 25
40 0.8 1.350860595703125 0.21904157679774983 117.670166015625 0.720947265625 4.194502397017046 44
50 1.1 1.4033425071022727 0.2435640042168298 117.670166015625 0.720947265625 3.7570190429687504 52
60 1.6 1.5223388671875 0.5717254667260265 117.670166015625 0.720947265625 3.346059647817461 63
70 2.1 1.1629115513392858 0.25626071573969783 117.670166015625 0.720947265625 2.9766984770569622 79
80 1.8 1.2211371527777777 0.28311661673426963 117.670166015625 0.720947265625 2.5958032226562504 100
90 2 1.32083740234375 0.3106726651971395 117.670166015625 0.720947265625 2.3861083984375004 118
100 4.8 1.2348480224609375 0.23660446806685426 117.670166015625 0.720947265625 2.231721297554348 138
110 3.8 1.1714316920230263 0.24521039816462636 117.670166015625 0.693115234375 1.9744636781754035 186
120 6 1.3402913411458333 1.1371130594042202 117.670166015625 0.693115234375 1.838235037667411 224
130 8.7 1.1936175466954027 0.28869924235057254 117.670166015625 0.6650390625 1.7330356651628522 284
140 8.4 1.2281523204985123 0.28665265802141443 117.670166015625 0.6650390625 1.606541389403639 371
150 13.4 1.3517738456156716 0.40814305501139425 117.670166015625 0.6650390625 1.5366849459134617 455
160 14.1 1.1872264239804968 0.3236614895463038 117.670166015625 0.6650390625 1.4946168857438458 589
170 16.9 1.1585079396264784 0.45806604156396974 117.670166015625 0.6650390625 1.4352442075128429 730
180 28.5 1.2778594435307018 0.5164189126525955 117.670166015625 0.6650390625 1.3832214830714682 899
190 30 1.1364876302083342 0.5881282999583698 117.670166015625 0.5869140625 1.3578598434860643 1184
200 29.8 1.0885255544777679 0.2422318747137271 117.670166015625 0.5869140625 1.3131080483490567 1484
210 49.3 1.3724471705438637 0.77806898675329 117.670166015625 0.5869140625 1.2755516043683361 1782
220 62.1 1.3488871747936795 1.757099156369581 117.670166015625 0.5498046875 1.2965491929945054 2275
230 65.2 1.2881900342695558 1.3331383608218372 117.670166015625 0.5498046875 1.307772220168983 2896
240 22.1 1.1937813737273746 0.4029543486947005 117.670166015625 0.5498046875 1.3041736899529666 3548
250 0.4 1.2197265625 0.2331914263016179 117.670166015625 0.5498046875 1.2977006992695344 3769
260 0.7 1.3461216517857142 0.2877446985620967 117.670166015625 0.5498046875 1.297618033871422 3773
270 0.2 1.3216552734375 0.2044677734375 117.670166015625 0.5498046875 1.2977078553860781 3780
280 0.1 1.567138671875 0.0 117.670166015625 0.5498046875 1.2977205192771681 3782
290 0.1 1.061767578125 0.0 117.670166015625 0.5498046875 1.297791737398394 3783
300 0.5 1.83095703125 0.9178972919328162 117.670166015625 0.5498046875 1.2977293631491147 3784
310 0.6 1.2082926432291667 0.25510971927791576 117.670166015625 0.5498046875 1.2984330153899446 3789
320 0.5 1.5099609375 0.3828533353240029 117.670166015625 0.5498046875 1.298290500967556 3795
330 0.2 1.5059814453125 0.4708251953125 117.670166015625 0.5498046875 1.2985690146998354 3800
340 0.2 1.4735107421875 0.0364990234375 117.670166015625 0.5498046875 1.2986781217122567 3802
350 0 0 0 117.670166015625 0.5498046875 1.2987700421226012 3804
360 0 0 0 117.670166015625 0.5498046875 1.2987700421226012 3804
369 0.2 6.302001953125 4.698974609375 117.670166015625 0.5498046875 1.2987700421226012 3804
