0 0.1 8.984757412057116 0 8.984757412057116 8.984757412057116 0 0
10 0.1 2.5540275049115913 0.0 8.984757412057116 2.5540275049115913 8.984757412057116 1
20 0.1 1.7751479289940828 0.0 8.984757412057116 1.7751479289940828 5.7693924584843534 2
30 0.1 1.7733990147783252 0.0 8.984757412057116 1.7733990147783252 4.437977615320929 3
40 0.1 2.167487684729064 0.0 8.984757412057116 1.7733990147783252 3.7718329651852787 4
50 0.1 2.3622047244094486 0.0 8.984757412057116 1.7733990147783252 3.4509639090940354 5
60 0.1 2.5540275049115913 0.0 8.984757412057116 1.7733990147783252 3.2695040449799375 6
70 0.1 2.559055118110236 0.0 8.984757412057116 1.7733990147783252 3.1672931106844593 7
80 0.1 3.143418467583497 0.0 8.984757412057116 1.7733990147783252 3.0912633616126817 8
90 0.1 3.2416502946954813 0.0 8.984757412057116 1.7733990147783252 3.097058373387217 9
100 0.1 3.434739941118744 0.0 8.984757412057116 1.7733990147783252 3.111517565518043 10
110 0.1 4.897159647404505 0.0 8.984757412057116 1.7733990147783252 3.140901417845379 11
120 0.1 4.429133858267717 0.0 8.984757412057116 1.7733990147783252 3.28725627030864 12
130 0.1 6.164383561643835 0.0 8.984757412057116 1.7733990147783252 3.3750930078439536 13
140 0.1 8.30078125 0.0 8.984757412057116 1.7733990147783252 3.5743280474010883 14
150 0.1 9.602327837051407 0.0 9.602327837051407 1.7733990147783252 3.889424927574349 15
160 0.1 12.585365853658537 0.0 12.585365853658537 1.7733990147783252 4.2464813594166655 16
170 0.1 14.005876591576886 0.0 14.005876591576886 1.7733990147783252 4.737003976725011 17
180 0.1 15.646258503401361 0.0 15.646258503401361 1.7733990147783252 5.251941344216781 18
190 0.1 22.914669223394053 0.0 22.914669223394053 1.7733990147783252 5.7990106683843905 19
200 0.1 26.024785510009536 0.0 26.024785510009536 1.7733990147783252 6.654793596134873 20
210 0.1 29.650613786591123 0.0 29.650613786591123 1.7733990147783252 7.577174163462238 21
220 0.1 37.47628083491461 0.0 37.47628083491461 1.7733990147783252 8.580512328149915 22
230 0.1 41.36321195144724 0.0 41.36321195144724 1.7733990147783252 9.836850089313597 23
240 0.1 41.77570093457944 0.0 41.77570093457944 1.7733990147783252 11.150448500235832 24
250 0.1 34.44338725023787 0.0 41.77570093457944 1.7733990147783252 12.375458597609576 25
260 0.1 31.813865147198477 0.0 41.77570093457944 1.7733990147783252 13.224225084249127 26
270 0.1 25.214081826831592 0.0 41.77570093457944 1.7733990147783252 13.91273027176577 27
280 0.1 24.216524216524217 0.0 41.77570093457944 1.7733990147783252 14.31634997016098 28
290 0.1 21.53846153846154 0.0 41.77570093457944 1.7733990147783252 14.65773528900109 29
300 0.1 18.253189401373895 0.0 41.77570093457944 1.7733990147783252 14.887092830649772 30
310 0.1 7.345739471106757 0.0 41.77570093457944 1.7733990147783252 14.99567659099571 31
320 0.1 4.322200392927308 0.0 41.77570093457944 1.7733990147783252 14.756616055999181 32
330 0.1 10.312204351939451 0.0 41.77570093457944 1.7733990147783252 14.4404216419667 33
340 0.1 3.1280547409579667 0.0 41.77570093457944 1.7733990147783252 14.319003486377664 34
350 0.1 1.3820335636722607 0.0 41.77570093457944 1.3820335636722607 13.999262093651387 35
360 0.1 0.9861932938856016 0.0 41.77570093457944 0.9861932938856016 13.64878352337419 36
369 0.1 1.185770750988142 0.0 41.77570093457944 0.9861932938856016 13.306551355009635 37
