0 0.1 3172.0546875 0 3172.0546875 3172.0546875 0 0
10 0.1 3170.52734375 0.0 3172.0546875 3170.52734375 3172.0546875 1
20 0.1 3168.234375 0.0 3172.0546875 3168.234375 3171.291015625 2
30 0.1 3167.515625 0.0 3172.0546875 3167.515625 3170.2721354166665 3
40 0.1 3166.5625 0.0 3172.0546875 3166.5625 3169.5830078125 4
50 0.1 3163.91796875 0.0 3172.0546875 3163.91796875 3168.97890625 5
60 0.1 3162.234375 0.0 3172.0546875 3162.234375 3168.1354166666665 6
70 0.1 3161.67578125 0.0 3172.0546875 3161.67578125 3167.292410714286 7
80 0.1 3162.8671875 0.0 3172.0546875 3161.67578125 3166.59033203125 8
90 0.1 3162.8828125 0.0 3172.0546875 3161.67578125 3166.1766493055557 9
100 0.1 3161.18359375 0.0 3172.0546875 3161.18359375 3165.847265625 10
110 0.1 3158.04296875 0.0 3172.0546875 3158.04296875 3165.4232954545455 11
120 0.1 3154.01171875 0.0 3172.0546875 3154.01171875 3164.8082682291665 12
130 0.1 3149.05859375 0.0 3172.0546875 3149.05859375 3163.977764423077 13
140 0.1 3140.5234375 0.0 3172.0546875 3140.5234375 3162.912109375 14
150 0.1 3132.2265625 0.0 3172.0546875 3132.2265625 3161.41953125 15
160 0.1 3119.6953125 0.0 3172.0546875 3119.6953125 3159.594970703125 16
170 0.1 3105.78125 0.0 3172.0546875 3105.78125 3157.247931985294 17
180 0.1 3094.7890625 0.0 3172.0546875 3094.7890625 3154.388671875 18
190 0.1 3067.76953125 0.0 3172.0546875 3067.76953125 3151.2518503289475 19
200 0.1 3044.21484375 0.0 3172.0546875 3044.21484375 3147.077734375 20
210 0.1 3013.9375 0.0 3172.0546875 3013.9375 3142.1795014880954 21
220 0.1 2954.8671875 0.0 3172.0546875 2954.8671875 3136.3503196022725 22
230 0.1 2894.9453125 0.0 3172.0546875 2894.9453125 3128.4597486413045 23
240 0.1 2829.734375 0.0 3172.0546875 2829.734375 3118.72998046875 24
250 0.1 2782.6796875 0.0 3172.0546875 2782.6796875 3107.17015625 25
260 0.1 2774.703125 0.0 3172.0546875 2774.703125 3094.689753605769 26
270 0.1 2772.30859375 0.0 3172.0546875 2772.30859375 3082.838396990741 27
280 0.1 2770.01171875 0.0 3172.0546875 2770.01171875 3071.748046875 28
290 0.1 2768.74609375 0.0 3172.0546875 2768.74609375 3061.3433459051726 29
300 0.1 2776.50390625 0.0 3172.0546875 2768.74609375 3051.5901041666666 30
310 0.1 2817.203125 0.0 3172.0546875 2768.74609375 3042.716355846774 31
320 0.1 2932.78125 0.0 3172.0546875 2768.74609375 3035.6690673828125 32
330 0.1 3026.98046875 0.0 3172.0546875 2768.74609375 3032.5512547348485 33
340 0.1 3030.78125 0.0 3172.0546875 2768.74609375 3032.387408088235 34
350 0.1 3031.671875 0.0 3172.0546875 2768.74609375 3032.3415178571427 35
360 0.1 3031.82421875 0.0 3172.0546875 2768.74609375 3032.3229166666665 36
369 0.1 3050.796875 0.0 3172.0546875 2768.74609375 3032.3094383445946 37
