0 2.6 92.90748009314903 135.2669011211488 378.281005859375 8.1279296875 0 0
10 6.1 35.04242043417007 74.29950700027054 378.281005859375 7.60791015625 92.90748009314903 26
20 5.5 17.25681374289773 19.211666935768324 378.281005859375 6.843017578125 52.33542676903735 87
30 9.3 20.282420824932792 23.944701436774366 378.281005859375 6.737060546875 38.74864003356073 142
40 9.9 18.10223327020202 23.236374916596823 378.281005859375 6.737060546875 31.440732006316484 235
50 13.2 17.615456321022716 20.830171816113868 378.281005859375 6.556884765625 27.48710513543226 334
60 12.9 20.303008796632756 20.701130675265595 378.281005859375 6.556884765625 24.69084409787419 466
70 15.6 24.414032764923878 45.258989403171135 378.281005859375 6.556884765625 23.739531906512603 595
80 22.9 17.152002592794762 41.809275163162575 475.926025390625 6.556884765625 23.87964127257407 751
90 17.2 19.340429971384435 34.6567307705789 475.926025390625 6.556884765625 22.30757060148278 980
100 30.9 21.26145248659991 35.190563819130354 475.926025390625 6.278076171875 21.864560021294484 1152
110 38.5 14.666595855316558 14.555101205238127 475.926025390625 6.278076171875 21.737003396913497 1461
120 39.4 17.710283153553306 25.820955224280024 475.926025390625 6.278076171875 20.26240594105498 1846
130 55.6 20.588927344452564 27.239902887787782 475.926025390625 6.241943359375 19.813505772181916 2240
140 86.3 18.255500943746373 20.95467683057029 475.926025390625 6.18408203125 19.967702622747897 2796
150 92.6 20.428556174490385 36.57036337575538 475.926025390625 6.18408203125 19.563868228383775 3659
160 117.3 19.883212740768872 28.50470398097491 475.926025390625 6.18408203125 19.738503133093637 4585
170 155.3 18.130544806171518 28.620336825965556 488.013916015625 6.072021484375 19.767982877762456 5758
180 187.3 22.04190615823543 33.10898479200585 488.013916015625 6.072021484375 19.420158869394147 7311
190 241.7 21.731920058440167 33.82690391517448 507.141845703125 6.06005859375 19.954842304934186 9184
200 268.9 24.805787540093945 37.560444280403765 559.818115234375 6.04296875 20.325085984808677 11601
210 353 41.725337163044266 90.69698441050208 1029.154052734375 6.04296875 21.168235493707353 14290
220 435.5 124.38002795143878 316.66268382668096 3083.946044921875 6.04296875 25.240433523604057 17820
230 384.7 945.5188352556573 844.5853005999519 5282.39599609375 0.961181640625 44.71068983626337 22175
240 433.2 1378.169701066372 1084.1503831809462 6817.991943359375 0.961181640625 177.88296465866014 26022
250 396.6 1678.3065521655762 1503.1209006786764 8547.248779296875 0.961181640625 349.18302864094284 30354
260 347 1883.9600435372395 1671.9618415979287 8547.248779296875 0.961181640625 502.77579945384184 34320
270 257.5 2718.9045031856813 1969.906234143553 8570.84716796875 0.961181640625 629.6006030254055 37790
280 346.3 1658.787823960439 1868.8642010848152 9712.34814453125 0.961181640625 762.8833366538635 40365
290 373 823.1832097357801 1168.353028220011 9712.34814453125 0.961181640625 833.6718106782924 43828
300 112.8 16.98723196476066 19.081861812688455 9712.34814453125 0.961181640625 832.8491839590114 47558
310 60.6 15.357828776041666 13.199049059916817 9712.34814453125 0.961181640625 813.9465778330303 48686
320 30.3 14.592658216016915 11.32659438843836 9712.34814453125 0.961181640625 804.1286604848088 49292
330 15.3 17.41452844158497 12.729839848375804 9712.34814453125 0.961181640625 799.3050006665319 49595
340 3.9 14.655386117788462 4.220572878535985 9712.34814453125 0.961181640625 796.9002961105614 49748
350 0.2 9.851318359375 0.157470703125 9712.34814453125 0.961181640625 796.2875347172314 49787
360 0.2 9.208984375 0.739013671875 9712.34814453125 0.961181640625 796.2559439555629 49789
369 5.2 14.592928372896635 6.652719326579866 9712.34814453125 0.961181640625 796.2243299305552 49791
