0 2.8 86.26722935267857 132.11199805228125 378.281005859375 7.5029296875 0 0
10 7.1 30.08636388644366 69.61543717971868 378.281005859375 5.947998046875 86.26722935267857 28
20 5.7 16.64856171189693 18.275336471472993 378.281005859375 5.947998046875 45.975901594065654 99
30 10.1 18.67124410194926 21.896181441631633 378.281005859375 5.947998046875 35.260142790965546 156
40 11.5 15.569656504755432 20.295067425942072 378.281005859375 5.947998046875 28.74077015442607 257
50 15.1 15.386718749999996 18.255631799167343 378.281005859375 5.947998046875 24.66905491326445 372
60 14.9 17.56542477191696 18.327851702240896 378.281005859375 5.947998046875 21.98906875522825 523
70 18.4 20.68298605213995 41.69194766697283 378.281005859375 5.262939453125 21.008231026785715 672
80 28 14.003954206194198 36.9836975956319 464.89404296875 5.262939453125 20.938318555600176 856
90 20.1 16.5349218264148 31.634703198228063 464.89404296875 5.262939453125 19.22914424412687 1136
100 35.9 18.286941400809532 32.32378530088719 464.89404296875 5.262939453125 18.82410407512154 1337
110 46.2 12.201815518465905 12.661959884547036 464.89404296875 5.262939453125 18.710400419415162 1696
120 43.7 15.959439135798057 23.627100253044908 464.89404296875 5.262939453125 17.31699623765494 2158
130 60.7 18.852544693420523 25.148707716657935 464.89404296875 5.262939453125 17.08838257541546 2595
140 103.8 15.157588304582132 18.009297110960294 464.89404296875 5.262939453125 17.422813058122852 3202
150 107.8 17.53176024937674 32.32240172491452 464.89404296875 5.262939453125 16.86826039440227 4240
160 136.8 17.03410955060995 25.45405929968825 464.89404296875 5.23193359375 17.002756980273364 5318
170 181 15.540450864338736 25.70825244800959 488.013916015625 5.23193359375 17.009171924368555 6686
180 217.7 18.949132846592228 29.952728424838927 488.013916015625 5.23193359375 16.696273487615496 8496
190 284.6 18.44017370871397 30.419838416595756 498.623046875 5.23193359375 17.15579516141783 10673
200 316.9 21.036856374743564 33.681397568992686 551.382080078125 5.23193359375 17.426180644486465 13519
210 415.3 35.44910170593918 83.24583005113516 1029.154052734375 5.23193359375 18.11183688784605 16688
220 514.6 108.81619579375972 287.7485526570246 3083.946044921875 5.23193359375 21.566645236271786 20841
230 440.3 844.2184708157982 742.2173160889281 5282.39599609375 0.943115234375 38.84398341185315 25987
240 510 1184.5195308670336 926.408318788655 6817.991943359375 0.943115234375 155.5292044727143 30390
250 487.3 1381.5045410256437 1199.1123377285971 7133.31396484375 0.941162109375 303.3976368370713 35490
260 429.9 1531.6225656925108 1319.4373711277728 7767.18115234375 0.941162109375 433.55681588993934 40363
270 314 2231.485266735299 1539.4404338818917 8570.84716796875 0.941162109375 539.2525898902361 44662
280 448.1 1256.168670279722 1421.4679240589394 8570.84716796875 0.941162109375 650.4113406808619 47802
290 501.6 575.5900751384628 840.3889271691195 8570.84716796875 0.941162109375 702.3287630539563 52283
300 143.2 13.293116564191264 16.81653907842782 8570.84716796875 0.941162109375 691.2339575846792 57299
310 79.4 11.693679463653176 11.737593963249703 8570.84716796875 0.941162109375 674.7041643861752 58731
320 40.9 10.778845602842301 9.145460301816529 8570.84716796875 0.941162109375 665.8603118027484 59525
330 22.5 11.797296006944448 9.300912460318274 8570.84716796875 0.941162109375 661.389922379787 59934
340 5.7 9.990491365131579 2.4499474879291743 8570.84716796875 0.941162109375 658.9603882962103 60159
350 0.2 9.851318359375 0.157470703125 8570.84716796875 0.941162109375 658.3460784097172 60216
360 0.2 9.208984375 0.739013671875 8570.84716796875 0.941162109375 658.3245401733078 60218
369 7.9 9.563695980023736 3.973179483505045 8570.84716796875 0.941162109375 658.302982034623 60220
