10 0.1 153 0 153 153 0 0
20 0.1 263.0 0.0 263 153 153.0 1
30 0.1 197.0 0.0 263 153 208.0 2
40 0.1 362.0 0.0 362 153 204.33333333333334 3
50 0.1 421.0 0.0 421 153 243.75 4
60 0.1 543.0 0.0 543 153 279.2 5
70 0.1 509.0 0.0 543 153 323.1666666666667 6
80 0.1 893.0 0.0 893 153 349.7142857142857 7
90 0.1 787.0 0.0 893 153 417.625 8
100 0.1 936.0 0.0 936 153 458.6666666666667 9
110 0.1 1508.0 0.0 1508 153 506.4 10
120 0.1 1493.0 0.0 1508 153 597.4545454545455 11
130 0.1 1892.0 0.0 1892 153 672.0833333333334 12
140 0.1 2833.0 0.0 2833 153 765.9230769230769 13
150 0.1 3315.0 0.0 3315 153 913.5714285714286 14
160 0.1 4656.0 0.0 4656 153 1073.6666666666667 15
170 0.1 5946.0 0.0 5946 153 1297.5625 16
180 0.1 6298.0 0.0 6298 153 1571.0 17
190 0.1 8850.0 0.0 8850 153 1833.611111111111 18
200 0.1 11005.0 0.0 11005 153 2202.8947368421054 19
210 0.1 12679.0 0.0 12679 153 2643.0 20
220 0.1 16920.0 0.0 16920 153 3120.904761904762 21
230 0.1 18717.0 0.0 18717 153 3748.1363636363635 22
240 0.1 18517.0 0.0 18717 153 4398.95652173913 23
250 0.1 14319.0 0.0 18717 153 4987.208333333333 24
260 0.1 14080.0 0.0 18717 153 5360.48 25
270 0.1 10862.0 0.0 18717 153 5695.846153846154 26
280 0.1 11677.0 0.0 18717 153 5887.185185185185 27
290 0.1 11950.0 0.0 18717 153 6093.964285714285 28
300 0.1 11308.0 0.0 18717 153 6295.896551724138 29
310 0.1 3515.0 0.0 18717 153 6462.966666666666 30
320 0.1 1778.0 0.0 18717 153 6367.870967741936 31
330 0.1 1065.0 0.0 18717 153 6224.4375 32
340 0.1 217.0 0.0 18717 153 6068.090909090909 33
350 0.1 96.0 0.0 18717 96 5896.0 34
360 0.1 5.0 0.0 18717 5 5730.285714285715 35
369 0.1 216.0 0.0 18717 5 5571.25 36
