0 79.73359375 79.73359375
10 204.771875 284.50546875
20 126.0421875 410.54765625
30 287.83828125 698.3859375
40 268.15546875 966.54140625
50 348.096875 1314.63828125
60 451.8078125 1766.44609375
70 521.9546875 2288.40078125
80 676.57734375 2964.978125
90 461.29765625 3426.27578125
100 1017.36640625 4443.6421875
110 1195.70390625 5639.34609375
120 1142.99296875 6782.3390625
130 1692.73125 8475.0703125
140 2587.7484375 11062.81875
150 2822.19921875 13885.01796875
160 3592.66171875 17477.6796875
170 4667.1828125 22144.8625
180 5648.5796875 27793.4421875
190 7339.53515625 35132.97734375
200 8060.63125 43193.60859375
210 10773.309375 53966.91796875
220 13447.621875 67414.53984375
230 11253.17421875 78667.7140625
240 11672.51875 90340.2328125
250 10132.10234375 100472.33515625
260 8833.44921875 109305.784375
270 6844.96640625 116150.75078125
280 10303.2828125 126454.03359375
290 12262.7171875 138716.75078125
300 3509.4546875 142226.20546875
310 2019.38671875 144245.5921875
320 903.96875 145149.5609375
330 569.65078125 145719.21171875
340 141.82421875 145861.0359375
350 4.17734375 145865.21328125
360 4.27734375 145869.490625
369 172.29140625 146041.78203125
