0 0.4 286.5269775390625 152.95284491863202 378.368896484375 21.669921875 0 0
10 0.9 70.07956271701389 108.39333989193031 378.368896484375 20.9130859375 286.5269775390625 4
20 0 0 0 378.368896484375 20.9130859375 136.67876727764423 13
30 1 24.205419921875 4.096479630178797 378.368896484375 20.6279296875 136.67876727764423 13
40 0.3 22.788330078125 1.7804468697842037 378.368896484375 20.2890625 87.77731190557066 23
50 0.4 23.35235595703125 2.4621486915173922 378.368896484375 20.2890625 80.27858323317308 26
60 0.9 25.10592990451389 4.973032276225716 378.368896484375 20.2890625 72.68841959635417 30
70 1.4 51.41700962611607 90.2722193799466 378.368896484375 19.617919921875 61.707845052083336 39
80 0.6 21.9202880859375 0.9407875143485759 378.368896484375 19.617919921875 58.989511165978776 53
90 0.7 22.651611328125 0.8695927064153594 378.368896484375 19.617919921875 55.21975966631356 59
100 2.4 38.09113566080729 71.93323700889076 382.18896484375 19.617919921875 51.76556211529356 66
110 2.4 22.282938639322918 2.380252015789789 382.18896484375 19.443115234375 48.11904839409722 90
120 3.3 25.588526870265152 5.893957341795996 382.18896484375 19.443115234375 42.6798673930921 114
130 5 27.379208984375 5.662037559084889 382.18896484375 19.443115234375 38.84303584715136 147
140 4 25.416485595703126 5.511785431474737 382.18896484375 18.858154296875 35.93343512055838 197
150 6 23.922615559895835 4.691512258417012 382.18896484375 18.858154296875 34.15842254252374 237
160 7.5 30.450286458333334 38.47160808924742 382.18896484375 18.858154296875 32.09058274805345 297
170 8.8 27.353127219460234 40.91914999304239 407.618896484375 18.858154296875 31.759877850932458 372
180 11.1 34.61407965582771 44.59630370472732 472.300048828125 18.81494140625 30.916847295346468 460
190 13.9 36.68761416647933 62.73245021941678 476.861083984375 18.81494140625 31.635573726193083 571
200 13.4 38.62152008512128 54.346934050599124 476.861083984375 18.81494140625 32.62463516450264 710
210 20.5 66.80964534108229 76.31125207427203 626.0859375 18.81494140625 33.576747225359156 844
220 30.1 168.83131099460135 258.6905724720375 1531.264892578125 18.81494140625 40.071260203169686 1049
230 26 906.5049325796276 629.7977385566861 3113.925048828125 1.06396484375 68.7799826388889 1350
240 22.8 1526.0745560495477 881.876792336573 4089.595947265625 1.06396484375 204.06475716348024 1610
250 0.9 3572.883246527778 564.4844363025779 4911.60693359375 1.06396484375 368.05726758025025 1838
260 0 0 0 4911.60693359375 1.06396484375 383.67363672509475 1847
270 0 0 0 4911.60693359375 1.06396484375 383.67363672509475 1847
280 0 0 0 4911.60693359375 1.06396484375 383.67363672509475 1847
290 0 0 0 4911.60693359375 1.06396484375 383.67363672509475 1847
300 0 0 0 4911.60693359375 1.06396484375 383.67363672509475 1847
310 0 0 0 4911.60693359375 1.06396484375 383.67363672509475 1847
320 0 0 0 4911.60693359375 1.06396484375 383.67363672509475 1847
330 0 0 0 4911.60693359375 1.06396484375 383.67363672509475 1847
340 0 0 0 4911.60693359375 1.06396484375 383.67363672509475 1847
350 0 0 0 4911.60693359375 1.06396484375 383.67363672509475 1847
360 0 0 0 4911.60693359375 1.06396484375 383.67363672509475 1847
369 0 0 0 4911.60693359375 1.06396484375 383.67363672509475 1847
