0 0.2 13.7880859375 0.116943359375 13.905029296875 13.671142578125 0 0
10 0.9 14.162027994791666 3.8050004924796688 19.196044921875 8.549072265625 13.7880859375 2
20 0.2 12.2449951171875 4.3238525390625 19.196044921875 7.921142578125 14.094038529829545 11
30 0.6 9.911051432291666 0.9629545846106597 19.196044921875 7.921142578125 13.8095703125 13
40 0.5 9.328369140625 0.7469093219101298 19.196044921875 7.921142578125 12.578459087171053 19
50 0.5 9.5220703125 0.994006573645732 19.196044921875 7.921142578125 11.901357014973959 24
60 0.6 14.240397135416666 9.608772590452622 35.68017578125 7.921142578125 11.491135169719827 29
70 0.7 9.566022600446429 1.3994309099340625 35.68017578125 7.697021484375 11.962437220982142 35
80 1.4 9.577043805803571 0.9810871773390669 35.68017578125 7.405029296875 11.56303478422619 42
90 0.6 10.5828857421875 1.6648643051422791 35.68017578125 7.405029296875 11.066537039620536 56
100 2 10.4593017578125 5.077211975827098 35.68017578125 7.372802734375 11.019732075352822 62
110 2.5 9.2856640625 1.072094219067002 35.68017578125 7.296875 10.883041754001525 82
120 1.8 11.794962565104166 5.53622491729687 35.68017578125 7.296875 10.509822667202103 107
130 4.6 10.384075662364133 2.3655174667505134 35.68017578125 7.296875 10.6948828125 125
140 4.5 12.189371744791666 6.621112801503467 39.2060546875 7.296875 10.611273871527779 171
150 4.5 10.623757595486108 3.8451333193181467 39.2060546875 7.296875 10.940044261791089 216
160 7.1 12.175268898547536 14.064493162370194 120.742919921875 7.0791015625 10.885512077945402 261
170 9.1 11.388840895432692 5.911913382053304 120.742919921875 6.968017578125 11.16133356668863 332
180 8.9 12.703821760884832 5.484589932231018 120.742919921875 6.968017578125 11.210277223699764 423
190 12.9 13.249161594597869 7.369421557393018 120.742919921875 6.968017578125 11.469897270202637 512
200 13.5 14.591923466435183 9.542597146909879 120.742919921875 6.968017578125 11.827970745782956 641
210 17 23.850999540441173 50.8569828582997 508.472900390625 6.968017578125 12.30881303610261 776
220 23.4 84.16400094317575 223.06980621859233 1304.12109375 6.968017578125 14.382990314894952 946
230 26.5 871.4033451872054 651.5490595096841 3124.337158203125 1.112060546875 28.220919541181143 1180
240 24.8 1334.8391684255287 817.9531726171876 4026.426025390625 1.112060546875 182.85299068041743 1445
250 13.4 1880.765732494753 1199.5223737366905 4349.514892578125 1.110107421875 351.602294921875 1693
260 1.8 1787.8170708550347 1546.1307736229735 4349.514892578125 1.110107421875 463.7576866212541 1827
270 0.1 2196.23193359375 0.0 4349.514892578125 1.110107421875 476.67533915036415 1845
280 0.1 2826.450927734375 0.0 4349.514892578125 1.110107421875 477.6068432643638 1846
290 0 0 0 4349.514892578125 1.110107421875 478.87855094409855 1847
300 0 0 0 4349.514892578125 1.110107421875 478.87855094409855 1847
310 0 0 0 4349.514892578125 1.110107421875 478.87855094409855 1847
320 0 0 0 4349.514892578125 1.110107421875 478.87855094409855 1847
330 0 0 0 4349.514892578125 1.110107421875 478.87855094409855 1847
340 0 0 0 4349.514892578125 1.110107421875 478.87855094409855 1847
350 0 0 0 4349.514892578125 1.110107421875 478.87855094409855 1847
360 0 0 0 4349.514892578125 1.110107421875 478.87855094409855 1847
369 0 0 0 4349.514892578125 1.110107421875 478.87855094409855 1847
