0 0.1 28.073974609375 0 28.073974609375 28.073974609375 0 0
10 0 0 0 28.073974609375 28.073974609375 28.073974609375 1
20 0.1 14.2861328125 0.0 28.073974609375 14.2861328125 28.073974609375 1
30 0.1 13.798095703125 0.0 28.073974609375 13.798095703125 21.1800537109375 2
40 0.3 12.845703125 2.3816147675898143 28.073974609375 9.76708984375 18.719401041666668 3
50 0.1 11.68798828125 0.0 28.073974609375 9.76708984375 15.782552083333334 6
60 0.5 11.21083984375 1.1210481811194264 28.073974609375 9.08203125 15.197614397321429 7
70 0.2 11.6380615234375 0.0140380859375 28.073974609375 9.08203125 13.536458333333334 12
80 0.4 10.3525390625 0.5989147972096158 28.073974609375 9.08203125 13.2652587890625 14
90 0.2 11.328125 2.123046875 28.073974609375 9.08203125 12.617987738715279 18
100 0.5 10.942431640625 1.019946992375665 28.073974609375 9.08203125 12.48900146484375 20
110 0.5 10.365869140625 0.8756325288349526 28.073974609375 8.9951171875 12.1796875 25
120 1 13.2940185546875 6.445402620598719 32.339111328125 8.9951171875 11.877384440104167 30
130 1.1 14.823686079545455 5.5120359899982025 32.339111328125 8.9951171875 12.23154296875 40
140 1.4 13.409388950892858 3.560062506562317 32.339111328125 8.821044921875 12.790632659313726 51
150 1.5 18.557145182291666 22.3357764588796 101.18017578125 8.821044921875 12.923903245192308 65
160 2 12.53154296875 4.580684466929145 101.18017578125 8.821044921875 13.980136108398437 80
170 2.2 15.111139470880682 8.109676179066183 101.18017578125 8.43603515625 13.69041748046875 100
180 3.8 13.906391344572368 6.083396991066981 101.18017578125 8.43603515625 13.946613249231557 122
190 4.6 17.93868885869565 22.593689799356678 142.4541015625 8.26806640625 13.937060546875 160
200 7.3 16.614348111087335 8.353861013680921 142.4541015625 8.26806640625 14.830628033980583 206
210 6.8 21.85091983570772 17.680354220223876 146.755126953125 8.26806640625 15.29733615451389 279
220 8.6 137.93931402162067 299.01526896983114 1370.04296875 8.26806640625 16.581611919128243 347
230 7.5 769.706396484375 657.8789951308302 3174.75390625 1.786865234375 40.684989242025125 433
240 9 1190.39954155816 743.4832023987551 3174.75390625 1.198974609375 148.3161025159941 508
250 10.4 1398.8033869816704 1075.6430158563521 4319.551025390625 1.083984375 305.1514027062866 598
260 7.2 1741.5965237087673 1071.0238494414657 4319.551025390625 1.083984375 467.17391889523236 702
270 2.7 2595.69421838831 1394.562555124639 5039.219970703125 1.083984375 585.7248588778868 774
280 1.8 2269.587890625 1291.3548942769394 5039.219970703125 1.083984375 653.4766350411595 801
290 0.5 1830.899169921875 1680.5466220737878 5039.219970703125 1.083984375 688.9955637353098 819
300 0.3 21.473388671875 7.077068328579491 5039.219970703125 1.083984375 695.9245904718788 824
310 0 0 0 5039.219970703125 1.083984375 693.4779718438256 827
320 0 0 0 5039.219970703125 1.083984375 693.4779718438256 827
330 0.1 12.341064453125 0.0 5039.219970703125 1.083984375 693.4779718438256 827
340 0 0 0 5039.219970703125 1.083984375 692.6553427286194 828
350 0 0 0 5039.219970703125 1.083984375 692.6553427286194 828
360 0 0 0 5039.219970703125 1.083984375 692.6553427286194 828
369 0 0 0 5039.219970703125 1.083984375 692.6553427286194 828
