0 1.1 11
10 2.9 40
20 5.7 97
30 7.5 172
40 15.5 327
50 21.3 540
60 16.7 707
70 19.4 901
80 19.4 1095
90 21.4 1309
100 33.1 1640
110 36.8 2008
120 40.8 2416
130 49.8 2914
140 66.4 3578
150 85 4428
160 105.9 5487
170 117.7 6664
180 132.1 7985
190 131.9 9304
200 122.9 10533
210 130.3 11836
220 129 13126
230 119.6 14322
240 102.6 15348
250 89.9 16247
260 97.6 17223
270 96 18183
280 100.8 19191
290 88.6 20077
300 55.8 20635
310 15.3 20788
320 6.6 20854
330 1.7 20871
340 3.6 20907
350 2 20927
360 0 20927
370 0 20927
376 3.6 20963
