10 0.1 80 0 80 80 0 0
20 0.1 155.0 0.0 155 80 80.0 1
30 0.1 372.0 0.0 372 80 117.5 2
40 0.1 459.0 0.0 459 80 202.33333333333334 3
50 0.1 1069.0 0.0 1069 80 266.5 4
60 0.1 919.0 0.0 1069 80 427.0 5
70 0.1 972.0 0.0 1069 80 509.0 6
80 0.1 1201.0 0.0 1201 80 575.1428571428571 7
90 0.1 1069.0 0.0 1201 80 653.375 8
100 0.1 1308.0 0.0 1308 80 699.5555555555555 9
110 0.1 1982.0 0.0 1982 80 760.4 10
120 0.1 2007.0 0.0 2007 80 871.4545454545455 11
130 0.1 2337.0 0.0 2337 80 966.0833333333334 12
140 0.1 2987.0 0.0 2987 80 1071.5384615384614 13
150 0.1 3844.0 0.0 3844 80 1208.357142857143 14
160 0.1 6260.0 0.0 6260 80 1384.0666666666666 15
170 0.1 7034.0 0.0 7034 80 1688.8125 16
180 0.1 8389.0 0.0 8389 80 2003.235294117647 17
190 0.1 9867.0 0.0 9867 80 2358.0 18
200 0.1 10204.0 0.0 10204 80 2753.2105263157896 19
210 0.1 11669.0 0.0 11669 80 3125.75 20
220 0.1 15496.0 0.0 15496 80 3532.5714285714284 21
230 0.1 17922.0 0.0 17922 80 4076.3636363636365 22
240 0.1 19109.0 0.0 19109 80 4678.347826086957 23
250 0.1 17311.0 0.0 19109 80 5279.625000000001 24
260 0.1 16027.0 0.0 19109 80 5760.880000000001 25
270 0.1 15291.0 0.0 19109 80 6155.73076923077 26
280 0.1 14442.0 0.0 19109 80 6494.074074074075 27
290 0.1 15146.0 0.0 19109 80 6777.9285714285725 28
300 0.1 10168.0 0.0 19109 80 7066.48275862069 29
310 0.1 2599.0 0.0 19109 80 7169.866666666668 30
320 0.1 824.0 0.0 19109 80 7022.41935483871 31
330 0.1 476.0 0.0 19109 80 6828.718750000001 32
340 0.1 223.0 0.0 19109 80 6636.212121212122 33
350 0.1 415.0 0.0 19109 80 6447.588235294119 34
360 0.1 63.0 0.0 19109 63 6275.228571428573 35
370 0.1 29.0 0.0 19109 29 6102.666666666668 36
376 0.1 326.0 0.0 19109 29 5938.513513513515 37
