20 0.1 20418.578125 0 20418.578125 20418.578125 0 0
30 0.2 30329.271484375 5208.93359375 35538.205078125 20418.578125 20418.578125 1
40 0.5 26924.7115234375 13049.429881402955 46471.56298828125 10759.7119140625 27025.70703125 3
50 1.1 30626.555308948864 13575.207363710599 54253.591064453125 10104.7900390625 26962.584838867188 8
60 1.3 36618.724083533656 10059.068802184154 59100.781982421875 10104.7900390625 29083.83090049342 19
70 1.5 35364.72711588542 12754.892594991603 59100.781982421875 10104.7900390625 32144.881256103516 32
80 1.4 34020.195521763395 13370.062105198567 59100.781982421875 10104.7900390625 33172.49163688497 47
90 1.5 39797.80714518229 17528.58905288074 79655.7470703125 10104.7900390625 33367.04662685707 61
100 1.4 42604.85813685826 19859.61587490813 93353.39013671875 10104.7900390625 34636.27567652652 76
110 2.6 37719.51938100961 14871.966618632918 93353.39013671875 10104.7900390625 35875.832948133684 90
120 2.3 35762.685398267655 17516.831627449814 93353.39013671875 9902.83203125 36289.07301067484 116
130 1.8 37044.38233778211 11817.887056640424 93353.39013671875 9352.0458984375 36201.972902147034 139
140 2.7 38775.676694516784 16821.62168521368 93353.39013671875 6801.73193359375 36298.554875659334 157
150 3.8 38608.84279913651 17077.124121021472 93353.39013671875 6801.73193359375 36662.0455773395 184
160 5.5 41240.218723366495 14725.954141668992 93353.39013671875 6801.73193359375 36995.281137827275 222
170 6.4 43521.137660980225 18309.1990131569 108109.02099609375 6801.73193359375 37838.13878116539 277
180 5.9 44456.80996342029 15488.419919251059 108109.02099609375 6801.73193359375 38904.742676497204 341
190 4.9 46968.320785833865 14275.907983498058 108109.02099609375 6801.73193359375 39723.67260131836 400
200 7.5 50462.51154296875 13397.017571780285 108109.02099609375 6801.73193359375 40514.2912227911 449
210 13.1 51814.45451902433 15256.457176402637 108109.02099609375 6801.73193359375 41938.17771899973 524
220 17.4 49005.610087778376 14800.716128096901 108109.02099609375 6801.73193359375 43913.43307900465 655
230 25.9 49361.39866938646 18920.17252197637 108109.02099609375 6801.73193359375 44982.23742101506 829
240 31 48588.504937153484 17468.791381373827 119229.63891601563 6801.73193359375 46024.70319613288 1088
250 37.6 48670.78125259724 17140.69120234247 125939.7890625 6801.73193359375 46593.21431180984 1398
260 37.1 51996.760606626965 15060.718107711933 125939.7890625 6801.73193359375 47033.55544469375 1774
270 36.7 56341.27606384113 14405.046585589787 125939.7890625 6801.73193359375 47891.99326058057 2145
280 40.6 64087.889548015126 14016.574126909663 125939.7890625 6801.73193359375 49126.42271471936 2512
290 40.7 69362.99222529087 12120.2783198395 131257.26391601563 6801.73193359375 51208.107270688546 2918
300 21.1 75954.08425049986 11352.509863239693 131257.26391601563 6801.73193359375 53430.37439144739 3325
310 7.6 86170.14760228207 11058.947647001012 131257.26391601563 6801.73193359375 54774.4079831499 3536
320 4 95355.17583618165 9668.729393019747 131257.26391601563 6801.73193359375 55435.00494080605 3612
330 0.5 99965.16840820313 7603.057048942949 131257.26391601563 6801.73193359375 55872.246681171615 3652
340 0.5 122242.89838867188 14765.14344177863 148259.34594726563 6801.73193359375 55932.53232750335 3657
350 0.6 123827.96638997395 10092.46960909897 148259.34594726563 6801.73193359375 56023.07078471412 3662
360 0 0 0 148259.34594726563 6801.73193359375 56133.98391820146 3668
370 0 0 0 148259.34594726563 6801.73193359375 56133.98391820146 3668
376 0.2 150328.1358642578 4941.2210693359375 155269.35693359375 6801.73193359375 56133.98391820146 3668
