0 8.1125 8.1125
10 38.2265625 46.3390625
20 88.58203125 134.92109375
30 104.2546875 239.17578125
40 263.134375 502.31015625
50 359.92578125 862.2359375
60 296.540625 1158.7765625
70 300.34453125 1459.12109375
80 299.04296875 1758.1640625
90 312.51640625 2070.68046875
100 518.53828125 2589.21875
110 612.89140625 3202.11015625
120 629.671875 3831.78203125
130 755.54453125 4587.3265625
140 1085.23515625 5672.56171875
150 1359.4625 7032.02421875
160 1731.6296875 8763.65390625
170 1982.509375 10746.16328125
180 2172.821875 12918.98515625
190 2245.14609375 15164.13125
200 2710.48515625 17874.61640625
210 3998.55390625 21873.1703125
220 5108.93125 26982.1015625
230 5863.08046875 32845.18203125
240 6474.1390625 39319.32109375
250 5812.371875 45131.69296875
260 4603.046875 49734.73984375
270 3668.42109375 53403.1609375
280 3248.5203125 56651.68125
290 2951.55859375 59603.23984375
300 1435.06796875 61038.3078125
310 431.03125 61469.3390625
320 293.6703125 61763.009375
330 39.38515625 61802.39453125
340 71.1953125 61873.58984375
350 89.71953125 61963.309375
360 0 61963.309375
370 0 61963.309375
376 43.809375 62007.11875
