20 0.1 60.696044921875 0 60.696044921875 60.696044921875 0 0
30 0.2 49.3790283203125 2.0469970703125 60.696044921875 47.33203125 60.696044921875 1
40 0.2 16.5440673828125 2.6890869140625 60.696044921875 13.85498046875 53.1513671875 3
50 0.3 25.326904296875 13.631202130450081 60.696044921875 13.85498046875 38.508447265625 5
60 0.4 14.040771484375 2.1346328219387556 60.696044921875 11.31103515625 33.56536865234375 8
70 1 22.1584228515625 11.67269028644056 60.696044921875 10.97119140625 27.057169596354168 12
80 0.7 250.54642159598214 330.0663873595523 836.76904296875 10.97119140625 24.830466530539773 22
90 0.5 67.371435546875 56.81518031441919 836.76904296875 10.97119140625 79.31362809806035 29
100 0.5 12.769384765625 0.8992349233755398 836.76904296875 10.97119140625 77.55742331112133 34
110 0.8 44.4267578125 41.66445584865249 836.76904296875 10.97119140625 69.25126452323718 39
120 0.7 21.433175223214285 6.866856413388163 836.76904296875 10.97119140625 65.0258165724734 47
130 0.8 36.86041259765625 35.496982755335 836.76904296875 10.009033203125 59.374918619791664 54
140 1.6 38.16392517089844 29.462078447178726 836.76904296875 10.009033203125 56.469821068548384 62
150 2.7 68.56135163483796 89.87235581210403 836.76904296875 10.009033203125 52.71476549979968 78
160 2.5 70.534873046875 85.4163169497491 836.76904296875 9.919189453125 56.78960193452381 105
170 2.8 213.34523228236608 219.2079181518064 989.72412109375 9.919189453125 59.432923302283655 130
180 3.7 763.0624538112331 373.91447523397284 1427.740966796875 9.919189453125 86.7085223620451 158
190 2.8 1865.8323015485491 629.6728110254458 3238.22509765625 9.443115234375 215.04234525240383 195
200 6.4 1992.6608810424796 1104.6038119128714 3588.029052734375 1.322998046875 422.3164204824131 223
210 9.5 1018.3227590460525 1242.6343301569445 3588.029052734375 1.278076171875 772.4977636038217 287
220 10.7 737.7318149459699 1053.6044829188615 3588.029052734375 1.13818359375 833.6322519991409 382
230 14.1 588.8787885084221 849.4772835146846 3588.029052734375 1.13818359375 812.6479027870973 489
240 15 708.8136539713541 839.9925882098164 3588.029052734375 1.135009765625 762.5662438771081 630
250 13.8 747.8837713711504 848.8403443295305 3588.029052734375 1.135009765625 752.2292073567709 780
260 8.2 1036.047571693979 703.364538664435 3588.029052734375 1.135009765625 751.5759718818083 918
270 4.1 1224.333097132241 453.3263156172228 3588.029052734375 1.135009765625 774.9026430664062 1000
280 2.4 1047.3991292317708 349.5780087779277 3588.029052734375 1.135009765625 792.6035543216409 1041
290 0.8 654.0793762207031 235.38854651425854 3588.029052734375 1.135009765625 798.3454264322917 1065
300 0.3 37.873697916666664 36.0526667831238 3588.029052734375 1.135009765625 797.2698174838362 1073
310 0.1 17.839111328125 0.0 3588.029052734375 1.135009765625 795.1525420575337 1076
320 0.1 15.965087890625 0.0 3588.029052734375 1.135009765625 794.4308025675342 1077
330 0.1 8.7919921875 0.0 3588.029052734375 1.135009765625 793.7086636856448 1078
340 0 0 0 3588.029052734375 1.135009765625 792.9812154266103 1079
350 0 0 0 3588.029052734375 1.135009765625 792.9812154266103 1079
360 0 0 0 3588.029052734375 1.135009765625 792.9812154266103 1079
370 0 0 0 3588.029052734375 1.135009765625 792.9812154266103 1079
376 0 0 0 3588.029052734375 1.135009765625 792.9812154266103 1079
