10 0.1 51.6240234375 0 51.6240234375 51.6240234375 0 0
20 0 0 0 51.6240234375 51.6240234375 51.6240234375 1
30 0.1 31.35498046875 0.0 51.6240234375 31.35498046875 51.6240234375 1
40 0.5 57.993017578125 73.19398439490503 203.570068359375 16.06396484375 41.489501953125 2
50 0.3 21.163004557291668 9.911010826299727 203.570068359375 13.49609375 53.27772739955357 7
60 0 0 0 203.570068359375 13.49609375 43.643310546875 10
70 0.3 14.841064453125 3.224131039793742 203.570068359375 11.443115234375 43.643310546875 10
80 0.4 87.14776611328125 119.03446453049541 293.26806640625 11.443115234375 36.99663837139423 13
90 0.5 15.407861328125 1.7499610801183596 293.26806640625 11.443115234375 48.79690372242647 17
100 1 20.9822509765625 11.673363601175957 293.26806640625 11.443115234375 41.20848499644887 22
110 0.4 31.04376220703125 22.273331392942648 293.26806640625 11.443115234375 34.887786865234375 32
120 0.7 33.169886997767854 14.72048997497341 293.26806640625 11.443115234375 34.460673014322914 36
130 1.1 80.93672318892045 82.70373520935141 293.26806640625 11.443115234375 34.25054505813954 43
140 0.9 108.27446831597223 138.31657013733368 479.14404296875 11.443115234375 43.76069245515046 54
150 0.8 124.67318725585938 103.15490033861961 479.14404296875 11.443115234375 52.97694614955357 63
160 1.5 75.653759765625 56.44318405254555 479.14404296875 11.443115234375 61.055395851672536 71
170 1.7 242.59689510569854 319.3410031990856 1117.51904296875 11.443115234375 63.60162211573401 86
180 2.8 821.7551967075893 365.49640469818723 1523.18212890625 11.443115234375 93.14453125 103
190 1.9 1621.1136667351973 577.7935402173642 2317.735107421875 1.77587890625 248.87810859971373 131
200 4 2016.446112060547 1146.1486689813435 3590.12890625 1.384033203125 422.6946126302083 150
210 7 1123.382153320312 1203.7926526988115 3590.12890625 1.19384765625 758.221244089227 190
220 9.7 694.6253423002579 1033.7324877814601 3590.12890625 1.19384765625 856.5337965745191 260
230 9.4 555.4079771650602 871.8009422584751 3590.12890625 1.19384765625 812.5418636204482 357
240 10.7 735.998432480286 885.8251146183221 3590.12890625 1.19384765625 758.948548039946 451
250 7.9 905.568538617484 848.0080363473661 3590.12890625 1.19384765625 754.5477194290435 558
260 5 994.7343212890624 703.9930125858941 3590.12890625 1.19384765625 773.2771459845958 637
270 1.5 1204.6053548177083 509.29997058492995 3590.12890625 1.19384765625 789.3948443328102 687
280 1.4 1045.8719656808037 393.37496033975856 3590.12890625 1.19384765625 798.2668637876158 702
290 0 0 0 3590.12890625 1.19384765625 803.1083043274267 716
300 0.1 12.364013671875 0.0 3590.12890625 1.19384765625 803.1083043274267 716
310 0.1 7.867919921875 0.0 3590.12890625 1.19384765625 802.0054531549642 717
320 0 0 0 3590.12890625 1.19384765625 800.8994120223276 718
330 0.1 8.65576171875 0.0 3590.12890625 1.19384765625 800.8994120223276 718
340 0 0 0 3590.12890625 1.19384765625 799.7975432458276 719
350 0 0 0 3590.12890625 1.19384765625 799.7975432458276 719
360 0 0 0 3590.12890625 1.19384765625 799.7975432458276 719
370 0 0 0 3590.12890625 1.19384765625 799.7975432458276 719
376 0 0 0 3590.12890625 1.19384765625 799.7975432458276 719
