10 0.3 3
20 0.6 9
30 0.2 11
40 0.5 16
50 0.6 22
60 0.6 28
70 0.5 33
80 1 43
90 1.4 57
100 1.4 71
110 1.2 83
120 1.4 97
130 2.6 123
140 3 153
150 4.4 197
160 3.7 234
170 7 304
180 8.5 389
190 14.2 531
200 24.4 775
210 31.5 1090
220 31 1400
230 23.9 1639
240 21.1 1850
250 28.2 2132
260 28.9 2421
270 33.5 2756
280 34.3 3099
290 39.6 3495
300 41 3905
310 55.1 4456
320 59.8 5054
330 46.4 5518
340 25.5 5773
350 24.4 6017
360 27.9 6296
370 27.2 6568
380 25.7 6825
390 24.7 7072
400 4.4 7116
410 3.6 7152
420 8.4 7236
430 5.2 7288
440 3.6 7324
450 0.4 7328
460 0.1 7329
470 0 7329
471 0 7329
