0 1 12.861962890625 34.99792381399103 117.80810546875 0.73583984375 0 0
10 1.5 2.4388834635416665 1.810905175098374 117.80810546875 0.697021484375 12.861962890625 10
20 0.5 0.721142578125 0.031095657673499366 117.80810546875 0.679931640625 6.608115234375 25
30 1.2 2.2761433919270835 3.2164472031417737 117.80810546875 0.60986328125 5.626953125 30
40 1.9 1.5187474300986843 1.4790973041943414 117.80810546875 0.56396484375 4.669578915550595 42
50 1.4 1.5055977957589286 1.4910962101310365 117.80810546875 0.56396484375 3.688172387295082 61
60 0.7 0.7204938616071429 0.02678035500817602 117.80810546875 0.56396484375 3.2807584635416664 75
70 2.5 1.747470703125 1.6006569659203806 117.80810546875 0.56396484375 3.0621992902057924 82
80 2.3 1.811088230298913 1.6912223408069935 117.80810546875 0.56396484375 2.7550197137850465 107
90 3.6 1.8760850694444444 1.6738336212060492 117.80810546875 0.56396484375 2.5880164513221153 130
100 3.3 1.5800115411931819 1.5536091104066816 117.80810546875 0.555908203125 2.433621693806476 166
110 4.2 1.3914969308035714 1.439518109335351 117.80810546875 0.555908203125 2.2920682514133164 199
120 6.2 1.2467592300907258 1.3204953104198691 117.80810546875 0.555908203125 2.1351222121369293 241
130 8.5 1.5969812729779411 1.6537872958730255 117.80810546875 0.541015625 1.953344968285891 303
140 7.6 1.604649593955592 1.5955783376225383 117.80810546875 0.541015625 1.8752756020457475 388
150 14.4 1.6116943359375 1.6285598233019962 117.80810546875 0.537841796875 1.8309489283068427 464
160 13.9 1.4309117159397478 1.5901869754190974 117.80810546875 0.533935546875 1.779020209061472 608
170 19.5 1.4222781450320519 1.5244813417794614 117.80810546875 0.508056640625 1.71424500083668 747
180 37.5 1.3218860677083324 1.5074064311668496 117.80810546875 0.508056640625 1.65380600202362 942
190 42.1 1.4908687926811175 1.9256960874825162 117.80810546875 0.501953125 1.5592957701570802 1317
200 19.8 344.77284934303964 1066.6273106685271 7019.501953125 0.47705078125 1.5427205356821778 1738
210 21.3 452.0429412411974 1352.6654648941212 7019.501953125 0.47705078125 36.645801890980096 1936
220 22.6 936.2911755047014 2718.9912690789706 15039.970947265625 0.47705078125 77.81824985821893 2149
230 27.6 2040.6761474609389 5459.814074586093 31080.583984375 0.47705078125 159.50872615131578 2375
240 27.7 12695.632629174188 12536.601133205952 31083.446044921875 0.47705078125 355.36018155737236 2651
250 26.6 18077.944027549314 14094.7246414287 31104.196044921875 0.47705078125 1522.7971583298647 2928
260 33 19815.301927231285 21552.280999801813 63167.47705078125 0.47705078125 2901.5288637814533 3194
270 37.2 31735.890214161205 29970.63547902168 63191.302001953125 0.47705078125 4485.395240324712 3524
280 38.3 30753.69424095851 31124.45160636677 63201.638916015625 0.47705078125 7087.341885670497 3896
290 39 27946.475389999006 30897.872432904245 63201.638916015625 0.47705078125 9205.643580476597 4279
300 31.6 15744.37401493893 26683.15890816295 63201.638916015625 0.47705078125 10771.058959725631 4669
310 15.4 5524.2642473493315 17280.947729995893 63201.638916015625 0.47705078125 11086.318249083184 4985
320 8.1 6234.668098355515 18830.388183769443 63201.638916015625 0.47705078125 10919.64062381231 5139
330 16.3 1.2300433761503065 1.1929701628718206 63201.638916015625 0.47705078125 10846.94277427936 5220
340 22.1 1.141624761382918 0.9777272624414521 63201.638916015625 0.47705078125 10518.529031916882 5383
350 20.8 1.2569392277644234 0.9265623930609926 63201.638916015625 0.47705078125 10103.764110970884 5604
360 12.5 1.38786328125 1.3227002217701627 63201.638916015625 0.47705078125 9742.215334005541 5812
370 2.8 1.144775390625 1.2991597490797357 63201.638916015625 0.47705078125 9537.128011478922 5937
380 0.1 0.611083984375 0.0 63201.638916015625 0.47705078125 9492.365642558474 5965
390 0.5 0.824169921875 0.17595866426651613 63201.638916015625 0.47705078125 9490.774667942555 5966
400 0.2 2.7789306640625 1.8040771484375 63201.638916015625 0.47705078125 9482.827966805375 5971
410 0.4 1.61627197265625 1.5489354944234226 63201.638916015625 0.47705078125 9479.653666106851 5973
420 0.4 1.62548828125 1.552809352384077 63201.638916015625 0.47705078125 9473.310659652687 5977
430 0.6 0.8066813151041666 0.1402771084468388 63201.638916015625 0.47705078125 9466.976143570848 5981
440 0.3 0.7620442708333334 0.053796811284041575 63201.638916015625 0.47705078125 9457.48941953986 5987
450 0.1 0.934814453125 0.0 63201.638916015625 0.47705078125 9452.753162089808 5990
460 0 0 0 63201.638916015625 0.47705078125 9451.175492527525 5991
470 0 0 0 63201.638916015625 0.47705078125 9451.175492527525 5991
471 0 0 0 63201.638916015625 0.47705078125 9451.175492527525 5991
