0 1.5 26.027506510416668 33.394454347169386 127.72802734375 6.2939453125 0 0
10 6.1 23.175357005635245 24.878124259535387 127.72802734375 6.218017578125 26.027506510416668 15
20 6.2 23.601810578377016 26.120716986263385 127.72802734375 6.19677734375 23.73828125 76
30 9.3 17.512582430275536 17.956776600778408 127.72802734375 6.0791015625 23.676968339560688 138
40 12 19.808990478515614 22.32397359705211 127.72802734375 5.850830078125 21.195202583874458 231
50 15.8 19.318581882911396 20.495327730331176 127.72802734375 5.828857421875 20.721283915375707 351
60 11.6 21.879546066810345 25.226890600178482 128.27294921875 5.828857421875 20.28586756738089 509
70 17.2 21.45056152343751 24.24461555655773 128.27294921875 5.69287109375 20.581654296874998 625
80 22.4 22.789036342075896 24.222139741196628 128.27294921875 5.69287109375 20.769172544012704 797
90 28.2 28.599728848071816 38.540347011730994 221.423095703125 5.69287109375 21.21231602174645 1021
100 30 39.33145100911458 64.04584433528052 839.900146484375 5.69287109375 22.81112677924741 1303
110 34.7 32.25314146366174 39.45269531450503 839.900146484375 5.69287109375 25.902890515342328 1603
120 42.9 30.96770230095425 37.66678184759557 839.900146484375 5.69287109375 27.032909530248396 1950
130 51.3 82.12410386589303 105.9677373517282 839.900146484375 5.69287109375 27.742462324965846 2379
140 72.6 110.92016198024272 108.60324385024145 839.900146484375 5.69287109375 37.388998324445666 2892
150 73.3 506.23411920190995 346.6546029816312 1883.659912109375 5.69287109375 52.14400794691903 3618
160 86.6 1134.6919455583302 641.5365754830592 3003.87890625 0.743896484375 128.64321538197038 4351
170 117.6 884.8044008008475 704.5084812640345 3003.87890625 0.677978515625 295.64306210091377 5217
180 172.3 604.3194103274162 676.7351527081532 3003.87890625 0.672119140625 404.0199953577763 6393
190 211.1 556.4571778962882 692.4431745018477 3003.87890625 0.572998046875 446.5428997432728 8116
200 191.4 1064.0131750475537 1641.1539746189965 8978.797119140625 0.572998046875 469.23078878023534 10227
210 198.1 1208.8502936096043 2044.40543543395 13968.7109375 0.572998046875 562.9968284240576 12141
220 211.4 1162.2939058157667 1991.1433257902868 20035.510009765625 0.572998046875 653.5955902518842 14122
230 214.4 1365.288342148512 2766.188390977963 36080.953125 0.572998046875 719.8303918718675 16236
240 205.1 1961.9126062267649 5141.226405804092 37130.010986328125 0.572998046875 795.122113601635 18380
250 210.8 3131.4553823742535 8259.193364783945 37171.351806640625 0.572998046875 912.2523226160807 20431
260 222.5 3821.8508663974753 10329.190798133894 66961.65307617188 0.572998046875 1119.807229664762 22539
270 229.1 5785.919242415975 16461.916749106458 68393.27001953125 0.572998046875 1362.58089675127 24764
280 235.8 6196.230451148684 18023.21341772202 68393.27001953125 0.572998046875 1737.1463430612994 27055
290 235.2 5524.732660410366 16880.225472422684 70778.76904296875 0.572998046875 2094.6250200704467 29413
300 240.7 4473.570772279587 14961.298471665343 70778.76904296875 0.572998046875 2348.6030830353293 31765
310 212.8 939.9807513244175 5109.566149502402 70778.76904296875 0.572998046875 2498.2811009450484 34172
320 165.5 928.4465857191751 4386.333358804243 70778.76904296875 0.572998046875 2406.929499182164 36300
330 153.3 752.8616464792794 3258.274574589852 127309.67504882813 0.572998046875 2342.461333676137 37955
340 133.6 758.0514959460961 535.3392013722012 127309.67504882813 0.572998046875 2280.7500208602746 39488
350 142.9 821.3081907214945 3437.479274434806 128382.10815429688 0.572998046875 2230.918421083542 40824
360 129.5 897.1328722626082 3555.786715144473 128382.10815429688 0.572998046875 2183.245284994096 42253
370 117.4 840.4063063561402 487.2525497855864 128382.10815429688 0.572998046875 2144.9997725827966 43548
380 102.9 963.6235629156797 395.3925032162373 128382.10815429688 0.572998046875 2110.7528084633454 44722
390 101.7 678.9504709009342 285.1313190927107 128382.10815429688 0.572998046875 2084.952367081331 45751
400 70.4 243.29698215831425 236.43961424297785 128382.10815429688 0.572998046875 2054.377958759071 46768
410 34.4 212.06674052393691 3399.8926791609338 128382.10815429688 0.572998046875 2027.5200002250526 47472
420 23.1 14.483476647050866 16.12460974275018 128382.10815429688 0.572998046875 2014.459185407059 47816
430 14.6 445.1428774480951 5211.795106276968 128382.10815429688 0.572998046875 2004.843717454355 48047
440 5.6 9.144705636160714 11.03744001536901 128382.10815429688 0.572998046875 2000.1186262037397 48193
450 2.6 11.840435321514423 4.583738776069314 128382.10815429688 0.572998046875 1997.807810652085 48249
460 2.1 16.284900483630953 16.574468894517175 128382.10815429688 0.572998046875 1996.7382062655786 48275
470 1.7 12.580767463235293 3.3061679448937413 128382.10815429688 0.572998046875 1995.877068295117 48296
471 0 0 0 128382.10815429688 0.572998046875 1995.1792015281153 48313
