0 1.5 26.027506510416668 33.394454347169386 127.72802734375 6.2939453125 0 0
10 6.5 21.743982872596156 23.551546846539985 127.72802734375 5.6591796875 26.027506510416668 15
20 7 20.897572544642856 23.424592625483665 127.72802734375 4.93798828125 22.5471435546875 80
30 10.6 15.349830483490566 16.427036789770003 127.72802734375 4.4609375 21.77734375 150
40 13.5 17.59531792534722 20.505753808159984 127.72802734375 4.445068359375 19.115951538085938 256
50 19.3 15.792080735913219 18.38138719927965 127.72802734375 4.43505859375 18.5909245873961 391
60 13.4 18.926338765158576 22.376261567878387 127.72802734375 4.43505859375 17.665964204971107 584
70 18.9 19.511309265459648 22.944394493787076 127.72802734375 4.428955078125 17.901187312304142 718
80 26.4 19.31750303326231 21.880266348660616 127.72802734375 4.4150390625 18.23670335325937 907
90 33.8 23.839000814765175 34.748904535113496 216.050048828125 4.4150390625 18.480367841321517 1171
100 33.8 34.89619978504065 59.83869804413098 839.900146484375 4.4150390625 19.680644809528246 1509
110 40.1 27.893661841490026 36.599678550043414 839.900146484375 4.408935546875 22.46508313206381 1847
120 49.1 27.041961359152246 34.12168592514194 839.900146484375 4.408935546875 23.433437252384056 2248
130 56.9 74.13095462846 90.31490353807101 839.900146484375 4.408935546875 24.080310321541845 2739
140 86.2 93.33217031385956 91.68827517119173 839.900146484375 4.408935546875 32.6893842667161 3308
150 84.2 452.62919475346996 286.4040765257073 1212.93505859375 4.408935546875 45.225135243367816 4170
160 95.9 1030.146967819261 486.24961874712494 1840.6689453125 0.09716796875 113.66771666944643 5012
170 135.9 767.015471221947 560.3961117527292 1840.6689453125 0.058837890625 260.8630946384084 5971
180 195.1 536.8630347317876 571.0513381850267 1840.6689453125 0.058837890625 354.70498819598396 7330
190 243.7 477.50169545996613 575.579066273141 2458.6669921875 0.05810546875 392.9972356683849 9281
200 221.4 920.0676020318148 1534.656248334188 8855.573974609375 0.05810546875 410.5716825460162 11718
210 227.8 1054.6234547763238 1925.0221269825993 13968.7109375 0.05810546875 491.5380883557749 13932
220 245.4 1007.1792083715351 1848.4713121996074 20035.510009765625 0.05810546875 570.6687771100013 16210
230 246.9 1179.7925009374073 2564.135777901459 36080.953125 0.05517578125 628.0625082670846 18664
240 236.8 1700.023771853062 4813.953140507743 37130.010986328125 0.05517578125 692.5219485691254 21133
250 247.1 2671.714806106299 7698.727064871487 37171.351806640625 0.05517578125 794.0395145253129 23501
260 266.4 3195.3422551885324 9534.998197399758 66961.65307617188 0.05517578125 972.6832710899447 25972
270 273.9 4834.845389191717 15201.857646970631 68393.27001953125 0.05517578125 1179.4566868476848 28636
280 284.9 5129.883221000658 16559.011194381266 68393.27001953125 0.05517578125 1498.5677515718376 31375
290 286.7 4528.860060501225 15425.881056747625 68478.18310546875 0.05517578125 1800.8590609571436 34224
300 299.8 3591.2806392412676 13518.329282922215 68478.18310546875 0.05517578125 2011.7236606091585 37091
310 272.5 734.4404107833996 4521.536866896714 68478.18310546875 0.05517578125 2129.848628104957 40089
320 208.7 734.6482303255642 3908.7302555968245 68478.18310546875 0.05517578125 2041.0345160808236 42814
330 191.6 535.7800433132991 263.40979745042847 68478.18310546875 0.05517578125 1980.3136372948004 44901
340 161.6 628.62204568693 386.6754621300552 68478.18310546875 0.05517578125 1921.195659507489 46817
350 173.1 605.1665505905651 478.10920261911303 68478.18310546875 0.05517578125 1878.068061383606 48433
360 158.7 648.8418982541247 386.0551235713355 68478.18310546875 0.05517578125 1834.1442810793487 50164
370 147 675.9392006802713 317.7945009783051 68478.18310546875 0.05517578125 1797.7957103938813 51751
380 129.8 757.8777438547285 155.27034409852638 68478.18310546875 0.05517578125 1766.8092751657007 53221
390 132.5 517.9009104142104 139.40046102720805 68478.18310546875 0.05517578125 1742.7884177097376 54519
400 90.8 183.15525891812337 163.70130484956275 68478.18310546875 0.05517578125 1713.7257440623168 55844
410 44.6 21.902016404498326 25.414856503061458 68478.18310546875 0.05517578125 1689.2374793225556 56752
420 30.7 10.870187169177523 14.344459503425607 68478.18310546875 0.05517578125 1676.23647200654 57198
430 20.7 8.659091230751805 8.81271942443684 68478.18310546875 0.05517578125 1667.345637306165 57505
440 7.5 6.801692708333333 9.228954422277656 68478.18310546875 0.05517578125 1661.3963006857462 57712
450 3.6 8.51617431640625 2.90265896217712 68478.18310546875 0.05517578125 1659.2488523738714 57787
460 3.1 10.98964371219758 13.367424395020409 68478.18310546875 0.05517578125 1658.2211233316207 57823
470 2.6 8.17827899639423 2.6215682726230054 68478.18310546875 0.05517578125 1657.3384846917995 57854
471 0 0 0 68478.18310546875 0.05517578125 1656.597673265606 57880
