10 0.1 51.848876953125 0 51.848876953125 51.848876953125 0 0
20 0.2 35.1925048828125 2.1414794921875 51.848876953125 33.051025390625 51.848876953125 1
30 0.2 38.435546875 0.989501953125 51.848876953125 33.051025390625 40.74462890625 3
40 0.1 34.282958984375 0.0 51.848876953125 33.051025390625 39.82099609375 5
50 0.2 37.49560546875 1.79052734375 51.848876953125 33.051025390625 38.897989908854164 6
60 0.3 48.23974609375 16.31087829791535 71.27294921875 33.051025390625 38.547393798828125 8
70 0.3 35.875651041666664 1.468680580789263 71.27294921875 33.051025390625 41.19076260653409 11
80 0.3 50.9560546875 10.602469347158644 71.27294921875 33.051025390625 40.051810128348215 14
90 0.6 60.947021484375 18.745389574447895 94.909912109375 33.051025390625 41.97608857996323 17
100 0.6 91.92134602864583 31.26207973894053 130.486083984375 33.051025390625 46.92502759850544 23
110 0.6 66.65128580729167 25.208206258406225 130.486083984375 33.051025390625 56.23461072198276 29
120 1.2 62.980204264322914 24.841979308866897 130.486083984375 33.051025390625 58.02032645089286 35
130 0.6 95.95052083333333 92.97206677252177 299.1318359375 33.051025390625 59.286678233045215 47
140 1.7 166.05303596047793 72.45899521783952 335.578125 33.051025390625 63.437301923643865 53
150 1.4 589.1983642578125 267.593922878576 1148.93994140625 33.051025390625 88.35826590401786 70
160 1.8 1296.3966742621528 142.47890380479993 1586.263916015625 33.051025390625 171.8316156296503 84
170 2.8 669.2703247070313 590.4525661036605 1586.263916015625 0.780029296875 370.28427303538604 102
180 3.9 750.0857496995192 600.981180669575 1586.263916015625 0.739013671875 434.6812687800481 130
190 5.1 514.2501340379902 558.7288270682941 1586.263916015625 0.739013671875 507.46691822300295 169
200 5.5 536.5005770596591 430.1547727679164 1586.263916015625 0.739013671875 509.03939098011364 220
210 5 494.3395703125 402.50447839720493 1586.263916015625 0.739013671875 514.5316281960228 275
220 5 578.0602392578126 850.7889002606579 5908.123046875 0.739013671875 511.42515775240383 325
230 5.1 457.91589594822307 453.4771195085608 5908.123046875 0.72607421875 520.3098352864583 375
240 4.9 537.7968849649235 840.8900754371485 5908.123046875 0.72607421875 512.8401383234302 426
250 6 535.1871419270832 461.8114090362301 5908.123046875 0.72607421875 515.4146237664474 475
260 6.5 470.0711463341346 455.64356712243136 5908.123046875 0.72607421875 517.6321024386682 535
270 5.7 1722.874177631579 8718.845557762608 66886.80493164063 0.72607421875 512.4796655273437 600
280 3.8 484.2486636513158 422.02263224407517 66886.80493164063 0.72607421875 617.4910615546519 657
290 4 501.58265380859376 341.1635605925281 66886.80493164063 0.72607421875 610.2058656980666 695
300 5.9 494.0165353548729 547.3389424828523 66886.80493164063 0.72607421875 604.2943983843538 735
310 5.2 450.2830153245192 321.34282784904923 66886.80493164063 0.72607421875 596.099947605085 794
320 5.1 511.07751704197324 253.93348274615394 66886.80493164063 0.72607421875 587.1372047225916 846
330 3.3 586.9800692471591 262.16860586824134 66886.80493164063 0.72607421875 582.8127408745297 897
340 2.3 670.5106041949729 318.4450764463289 66886.80493164063 0.72607421875 582.9606138167843 930
350 2.2 610.4309525923295 516.7656118059517 66886.80493164063 0.72607421875 585.0735726611687 953
360 3.6 656.1465386284722 417.7387325838217 66886.80493164063 0.72607421875 585.6457391826923 975
370 4.2 669.0115792410716 359.7388423724759 66886.80493164063 0.72607421875 588.156153406281 1011
380 2.8 758.5780203683036 275.56673792054875 66886.80493164063 0.72607421875 591.3811561461301 1053
390 3 569.7083414713542 136.92307980325944 66886.80493164063 0.72607421875 595.7118797337534 1081
400 1.2 202.58209228515625 199.55611399504542 66886.80493164063 0.72607421875 595.0097139840938 1111
410 0.7 93.87799944196429 54.319703740428096 66886.80493164063 0.72607421875 590.8163645091273 1123
420 0.4 48.7723388671875 16.529766377196747 66886.80493164063 0.72607421875 587.7379852564989 1130
430 0.1 35.5439453125 0.0 66886.80493164063 0.72607421875 585.836871865355 1134
440 0 0 0 66886.80493164063 0.72607421875 585.352032282489 1135
450 0.1 5.0361328125 0.0 66886.80493164063 0.72607421875 585.352032282489 1135
460 0 0 0 66886.80493164063 0.72607421875 584.841190821688 1136
470 0 0 0 66886.80493164063 0.72607421875 584.841190821688 1136
471 0 0 0 66886.80493164063 0.72607421875 584.841190821688 1136
