30 0.2 9.22802734375 0.5361328125 9.76416015625 8.69189453125 0 0
40 0.4 11.22857666015625 2.8167558385620977 15.994140625 8.68310546875 9.22802734375 2
50 0.2 18.947998046875 8.4541015625 27.402099609375 8.68310546875 10.561726888020834 6
60 0.6 10.749593098958334 1.4599143586087433 27.402099609375 8.6181640625 12.658294677734375 8
70 0.4 10.96429443359375 1.4599430185194344 27.402099609375 8.6181640625 11.840279715401786 14
80 0.9 13.631727430555555 5.416722974864933 27.402099609375 8.453125 11.645616319444445 18
90 0.7 16.969482421875 5.949567882776321 27.402099609375 8.453125 12.307653356481481 27
100 1 20.4703369140625 11.49202770443624 46.66796875 8.453125 13.267441693474264 34
110 0.9 14.738091362847221 7.650482718899136 46.66796875 8.156982421875 14.904463334517045 44
120 1.4 13.195643833705358 2.654354137919978 46.66796875 8.156982421875 14.876211490271226 53
130 1.3 41.52283653846154 58.471234363472334 211.744140625 8.156982421875 14.525048099347014 67
140 1.5 70.7046875 58.55323064726377 251.81787109375 8.156982421875 18.912188720703124 80
150 1.2 483.72951253255206 310.7794013671857 992.2099609375 8.156982421875 27.08995168585526 95
160 2.9 1006.7848447602372 482.63200569595 1498.950927734375 0.953857421875 78.30186505183995 107
170 3 640.4228515625 529.0741576368619 1498.950927734375 0.949951171875 276.28720631318936 136
180 3.9 448.715619991987 542.1257332353873 1498.950927734375 0.910888671875 342.0948530449925 166
190 3.7 346.11549831081084 507.6507271136063 1498.950927734375 0.753173828125 362.3788038300305 205
200 5.7 586.2294407894736 989.1334891533161 7283.488037109375 0.753173828125 359.89226538287704 242
210 8.3 521.7602627306097 351.94515105004655 7283.488037109375 0.741943359375 403.0401550088838 299
220 9.4 486.67274247839083 366.5593294774896 7283.488037109375 0.741943359375 428.83536166046304 382
230 11.5 420.0344726562501 434.0304521295132 7283.488037109375 0.741943359375 440.2570293009782 476
240 9.7 571.1572743838597 426.15303366495255 7283.488037109375 0.741943359375 436.3220140486199 591
250 8.3 542.1894443006397 440.3881397049733 7283.488037109375 0.741943359375 455.33221790402433 688
260 8.2 442.9695896055641 439.0510999790002 7283.488037109375 0.741943359375 464.68260673790127 771
270 10.4 418.34417959359973 419.7099450545945 7283.488037109375 0.741943359375 462.59530614604705 853
280 9.2 1092.6687436311142 6791.161506344002 65773.03686523438 0.7080078125 457.78640629081764 957
290 8.6 416.7674446993096 347.7697702646253 65773.03686523438 0.7080078125 513.4672213864395 1049
300 7.5 600.1365169270836 1214.0121892431805 65773.03686523438 0.7080078125 506.1401898489124 1135
310 10.1 380.4352543896968 305.5018925882357 65773.03686523438 0.7080078125 511.96640846946025 1210
320 9.1 1167.8949578253776 6597.987116862822 65773.03686523438 0.7080078125 501.8331921749857 1311
330 7.3 514.0211332138272 260.5103707659135 65773.03686523438 0.7080078125 545.0654465788272 1402
340 6.7 563.177821828358 399.5850199321909 65773.03686523438 0.7080078125 543.5290161546611 1475
350 4.9 655.3106315768495 465.02729392796584 65773.03686523438 0.7080078125 544.3827580354249 1542
360 3 719.4086344401042 293.4384476884556 65773.03686523438 0.7080078125 547.7991413185989 1591
370 3.7 699.378589527027 267.3694337457679 65773.03686523438 0.7080078125 550.9751344053633 1621
380 4.8 743.974609375 182.94655341955144 65773.03686523438 0.7080078125 554.2869123543992 1658
390 5.6 500.1018197195873 127.2869303673924 65773.03686523438 0.7080078125 559.6239636187537 1706
400 5.9 178.17241707494702 159.74770010254807 65773.03686523438 0.7080078125 557.732226922753 1762
410 2.6 21.45947265625 14.950848732015759 65773.03686523438 0.7080078125 545.4345724576126 1821
420 1.8 10.18405490451389 5.6458003317001495 65773.03686523438 0.7080078125 538.0586371057797 1847
430 0.8 12.03314208984375 3.859786350996452 65773.03686523438 0.7080078125 532.963869020191 1865
440 0.3 10.764485677083334 0.2734375242202988 65773.03686523438 0.7080078125 530.7388579067673 1873
450 0.1 8.964111328125 0.0 65773.03686523438 0.7080078125 529.9073423861441 1876
460 0 0 0 65773.03686523438 0.7080078125 529.6298020392832 1877
470 0 0 0 65773.03686523438 0.7080078125 529.6298020392832 1877
471 0 0 0 65773.03686523438 0.7080078125 529.6298020392832 1877
