10 0.1 9.614990234375 0 9.614990234375 9.614990234375 0 0
20 0.2 12.1005859375 2.185546875 14.2861328125 9.614990234375 9.614990234375 1
30 0.1 10.113037109375 0.0 14.2861328125 9.614990234375 11.272054036458334 3
40 0.2 10.589599609375 0.159423828125 14.2861328125 9.614990234375 10.9822998046875 4
50 0.2 13.5394287109375 0.0115966796875 14.2861328125 9.614990234375 10.851399739583334 6
60 0.2 12.4429931640625 2.7591552734375 15.2021484375 9.614990234375 11.523406982421875 8
70 0.4 10.6783447265625 0.21550112635280527 15.2021484375 9.614990234375 11.70732421875 10
80 0.3 11.889404296875 1.482169631184354 15.2021484375 9.614990234375 11.413330078125 14
90 0.4 23.1947021484375 8.534632952642463 33.1650390625 9.5888671875 11.497343175551471 17
100 0.6 21.216837565104168 8.644612640646605 33.1650390625 9.412841796875 13.725411551339286 21
110 0.1 22.550048828125 0.0 33.1650390625 9.412841796875 15.390172887731481 27
120 0.7 10.795200892857142 1.9499815377060583 33.1650390625 8.5810546875 15.645882742745536 28
130 1.1 31.076726740056817 29.45086577642674 117.373046875 8.5810546875 14.675746372767858 35
140 0.9 44.751247829861114 31.97044135884724 117.373046875 8.5810546875 18.597719938858695 46
150 1.7 394.9505974264706 276.36347207745445 966.055908203125 8.5810546875 22.877388139204545 55
160 1.3 1204.3411771334136 131.683787756651 1454.64013671875 8.5810546875 110.72800699869792 72
170 1.6 797.6910247802734 542.4232794222339 1454.64013671875 0.833984375 277.9864918428309 85
180 2.6 486.67013784555286 534.7015495545446 1454.64013671875 0.802001953125 360.3159228032178 101
190 4.1 258.6338307450457 432.1044235604544 1454.64013671875 0.73583984375 386.18371485912894 127
200 4.9 400.10867745535717 428.2934566027127 1454.64013671875 0.73583984375 355.0554693312872 168
210 3.1 541.7419827368952 361.33691952275797 1454.64013671875 0.73583984375 365.22877439156105 217
220 3.5 407.14571707589283 358.79287880800746 1454.64013671875 0.73583984375 387.2929254347278 248
230 3.4 423.85132553998164 452.4967339997606 1454.64013671875 0.73583984375 389.74821768716873 283
240 3.4 554.2845028147977 444.24461443093895 1454.64013671875 0.73583984375 393.40596427075116 317
250 3.2 428.89288330078125 435.1678656215384 1454.64013671875 0.72998046875 408.9896403690349 351
260 3.4 500.4700568704044 426.8698461376741 1454.64013671875 0.72998046875 410.65257450432443 383
270 4 499.2725891113281 409.77529486653276 1454.64013671875 0.721923828125 417.9758224670264 417
280 4.7 416.24467046210106 379.36636759368906 1454.64013671875 0.721923828125 425.0915132017574 457
290 3.7 501.8258089632602 315.12381680870095 1454.64013671875 0.720947265625 424.2665100097656 504
300 4 546.8030944824219 342.66367568472145 1454.64013671875 0.720947265625 429.5709352616682 541
310 2.6 302.6563814603365 304.515552743741 1454.64013671875 0.720947265625 437.6419961374516 581
320 1.7 521.7737247242648 200.82847212098875 1454.64013671875 0.720947265625 431.86007524518635 607
330 1 344.8350341796875 285.19051058881746 1454.64013671875 0.720947265625 434.3096458239433 624
340 1.6 823.5262298583984 226.73347398945776 1454.64013671875 0.720947265625 432.8983743469046 634
350 2.1 651.6754441034226 424.22999571403795 1454.64013671875 0.720947265625 442.51382925180286 650
360 3.4 716.6731244255515 307.1456150631126 1454.64013671875 0.720947265625 449.05987084924556 671
370 1.8 723.8317464192709 208.4738606612314 1454.64013671875 0.720947265625 461.96604194370565 705
380 1.2 755.3399251302084 56.73429689524833 1454.64013671875 0.720947265625 468.4855200634293 723
390 1.1 599.6427778764205 120.59095813494395 1454.64013671875 0.720947265625 473.16885728900934 735
400 0.2 224.343017578125 213.025146484375 1454.64013671875 0.720947265625 475.0337542413706 746
410 0.2 8.799072265625 4.7880859375 1454.64013671875 0.720947265625 474.36345815403575 748
420 0 0 0 1454.64013671875 0.720947265625 473.121953125 750
430 0 0 0 1454.64013671875 0.720947265625 473.121953125 750
440 0.1 10.75390625 0.0 1454.64013671875 0.720947265625 473.121953125 750
450 0 0 0 1454.64013671875 0.720947265625 472.50628328894805 751
460 0.1 13.931884765625 0.0 1454.64013671875 0.720947265625 472.50628328894805 751
470 0 0 0 1454.64013671875 0.720947265625 471.896476907933 752
471 0 0 0 1454.64013671875 0.720947265625 471.896476907933 752
