30 0.8 10.363861083984375 2.7032129624489483 16.98583984375 8.572998046875 0 0
40 0.8 9.16571044921875 0.9219901752454005 16.98583984375 8.572998046875 10.363861083984375 8
50 2.4 9.786580403645834 2.024836307926067 17.284912109375 8.52294921875 9.764785766601563 16
60 0.8 9.99072265625 1.2336532015544064 17.284912109375 8.52294921875 9.777862548828125 40
70 0.8 9.048126220703125 0.7041320311399536 17.284912109375 8.52294921875 9.813339233398438 48
80 2.4 12.741404215494791 4.743934033720419 26.35400390625 8.52294921875 9.704023088727679 56
90 3.2 13.748672485351563 6.334444194285892 34.114013671875 8.52294921875 10.615237426757812 80
100 1.6 26.062286376953125 9.776489020373324 49.68408203125 8.52294921875 11.510504586356026 112
110 3.2 13.39971923828125 8.650666589484347 49.68408203125 8.52294921875 13.329477310180664 128
120 3.2 16.972366333007813 13.11738620602972 79.66796875 8.52294921875 13.343525695800782 160
130 1.9 81.43922183388158 83.91535086987983 302.85986328125 8.52294921875 13.94833246866862 192
140 8 55.63988647460938 39.59672045814103 302.85986328125 8.52294921875 20.025711131886847 211
150 4.3 286.7526458030523 250.82430656431467 1008.8798828125 8.52294921875 29.816549714078608 291
160 2 1258.7084716796876 163.1757542273318 1498.129150390625 8.52294921875 62.89514891116205 334
170 7.9 475.9665094689478 565.4438272597639 1498.129150390625 0.1201171875 130.4552236438471 354
180 9.8 423.8684331154337 551.0774799378088 1498.129150390625 0.1201171875 193.49307948722574 433
190 13.9 366.8407518126124 517.3659846146141 1498.129150390625 0.1201171875 236.0105647142773 531
200 11.1 532.8757544165262 925.0667500053295 7007.322998046875 0.1201171875 263.15294681378265 670
210 13.2 704.7061841560134 1432.398031758915 7010.244873046875 0.1201171875 301.4874303527129 781
220 17.5 616.9230496651786 949.0118644481303 7010.244873046875 0.1201171875 359.78411764957565 913
230 14 821.0058454241072 2020.4030580435144 20059.696044921875 0.1201171875 401.1437804278206 1088
240 14.8 950.0598589922927 1489.7376910187725 20059.696044921875 0.1201171875 449.0107910951496 1228
250 16.3 1038.5388797689807 1610.4197873712246 20059.696044921875 0.1201171875 502.90269665385404 1376
260 22.8 1545.5207369620334 1686.6324235343839 20059.696044921875 0.1201171875 559.6334944756641 1539
270 27.6 1673.9714948128963 3168.8000757772375 34328.76220703125 0.0849609375 686.8447515706795 1767
280 31.9 1547.3112486836299 3891.2406611421825 65840.92114257813 0.07080078125 820.2010810542095 2043
290 35.4 1336.6609383275943 1435.090463752694 65840.92114257813 0.07080078125 918.4009724486995 2362
300 41.2 1412.8176755442203 3415.5785484123367 66211.82592773438 0.05810546875 972.9164466464641 2716
310 45.2 401.32396920803393 1506.762910459225 66211.82592773438 0.05810546875 1030.857401347831 3128
320 30 482.1115161132814 212.99533605522487 66211.82592773438 0.05810546875 951.3744093569962 3580
330 30.7 929.5467660512517 7228.850591344706 127305.32299804688 0.05810546875 915.0911959618636 3880
340 20.2 590.0684379351026 390.0346891334232 127305.32299804688 0.05810546875 916.1511099856139 4187
350 19.4 1224.6538148860336 9164.696319609897 128377.43090820313 0.05810546875 901.1434317549911 4389
360 17.1 1299.7644913879747 9669.924440313142 128377.43090820313 0.05810546875 914.8377399215681 4583
370 17.7 609.6112122616528 325.91181942208874 128377.43090820313 0.05810546875 928.6834434345582 4754
380 18.6 760.7046882875508 80.58919722300575 128377.43090820313 0.05810546875 917.2302321351049 4931
390 24.9 491.64611375188247 119.96659859545585 128377.43090820313 0.05810546875 911.5406188547365 5117
400 18.4 175.5635946522587 143.1545396476801 128377.43090820313 0.05810546875 892.0561366015478 5366
410 8.2 788.679744069169 6931.86341521234 128377.43090820313 0.05810546875 868.302149625211 5550
420 6.5 6.5291766826923086 3.677844012274611 128377.43090820313 0.05810546875 867.1428745443169 5632
430 5.4 1177.4736192491323 8519.774027605788 128377.43090820313 0.05810546875 857.3236907000119 5697
440 1.6 3.772491455078125 0.29784430666981465 128377.43090820313 0.05810546875 860.3297933154965 5751
450 0.8 9.725555419921875 1.1722247329025688 128377.43090820313 0.05810546875 857.9533555090519 5767
460 0.8 9.83935546875 1.7512651876843388 128377.43090820313 0.05810546875 856.7783213271102 5775
470 0.8 9.55389404296875 1.5247318332506645 128377.43090820313 0.05810546875 855.6066955745827 5783
471 0 0 0 128377.43090820313 0.05810546875 854.4379125643508 5791
