10 0.1 65.307861328125 0 65.307861328125 65.307861328125 0 0
20 0 0 0 65.307861328125 65.307861328125 65.307861328125 1
30 0.3 60.435628255208336 4.5671673087846365 65.760009765625 54.60693359375 65.307861328125 1
40 0.1 59.60595703125 0.0 65.760009765625 54.60693359375 61.6536865234375 4
50 0.1 60.72802734375 0.0 65.760009765625 54.60693359375 61.244140625 5
60 0.3 59.963704427083336 4.123563373419693 65.760009765625 54.60693359375 61.158121744791664 6
70 0.5 69.52158203125 15.033236485826238 97.287109375 54.60693359375 60.759982638888886 9
80 0.3 66.71223958333333 8.864208684192112 97.287109375 54.60693359375 63.889125279017854 14
90 0.2 137.1710205078125 0.1910400390625 137.362060546875 54.60693359375 64.38732192095588 17
100 0.8 97.00201416015625 43.1429435876059 192.842041015625 54.60693359375 72.04876387746711 19
110 0.6 93.30814615885417 29.39129915886102 192.842041015625 54.60693359375 79.4423195167824 27
120 0.8 85.52560424804688 40.479752139070605 192.842041015625 54.60693359375 81.96337890625 33
130 0.9 207.42537434895834 120.08177978798808 449.610107421875 54.60693359375 82.658447265625 41
140 1.3 262.1300518329327 107.49945232977703 468.244140625 54.60693359375 105.116494140625 50
150 1.2 608.0719604492188 266.3120390063417 1121.35693359375 54.60693359375 137.516117156498 63
160 1.7 987.9548627068015 650.7642815454741 1697.64697265625 0.8671875 212.80505208333332 75
170 1.9 891.5611122532895 614.8503693722125 1697.64697265625 0.7900390625 356.03925622027856 92
180 3.3 548.458925189394 609.3730648089836 1697.64697265625 0.765869140625 447.7051595052083 111
190 4.4 536.2353682084519 623.3231416864757 1697.64697265625 0.765869140625 470.79456414116754 144
200 5.4 558.1555673104745 461.4810010108944 1697.64697265625 0.72119140625 486.1104970079787 188
210 5.3 623.5954774100826 898.6712459753018 6490.552001953125 0.72119140625 502.1866697201059 242
220 5.5 427.0193670099432 405.11390919825504 6490.552001953125 0.72119140625 523.9990995762712 295
230 4.9 423.2610959422832 478.9621133996128 6490.552001953125 0.72119140625 508.7594273158482 350
240 4.6 472.3610786769701 485.5400927882107 6490.552001953125 0.72119140625 498.25963223488407 399
250 5.5 506.79070490056796 502.31135752745706 6490.552001953125 0.72119140625 495.5824783839536 445
260 5.6 346.9755815778459 457.74596919969594 6490.552001953125 0.72119140625 496.81538330078126 500
270 7.1 674.8503899372798 424.78799257507205 6490.552001953125 0.72119140625 481.723604709982 556
280 4.7 392.45786756150267 434.4319068490391 6490.552001953125 0.72119140625 503.5928260036633 627
290 3.8 543.9706196032072 588.7585897143497 6490.552001953125 0.72119140625 495.8430588719399 674
300 4.8 510.14508056640625 408.803490397623 6490.552001953125 0.72119140625 498.4116646413053 712
310 5.2 427.0787118765024 330.49302429072543 6490.552001953125 0.72119140625 499.15272248920644 760
320 5.4 519.4047987196177 261.4356478576671 6490.552001953125 0.72119140625 494.5371454548953 812
330 4.2 609.7755243210565 258.57864990128627 6490.552001953125 0.72119140625 496.08778434207204 866
340 3 590.9670003255209 468.8724782909351 6490.552001953125 0.72119140625 501.34646834991054 908
350 2.5 695.499453125 495.9313198794775 6490.552001953125 0.72119140625 504.2127966646955 938
360 2.4 908.6746419270834 243.21237705356123 6490.552001953125 0.72119140625 509.17870155722676 963
370 4 825.3781677246094 295.9379968144985 6490.552001953125 0.72119140625 518.8928885571017 987
380 3.8 894.3245399876645 144.5013136706311 6490.552001953125 0.72119140625 530.8299977749209 1027
390 3.2 667.5568084716797 168.90095932910015 6490.552001953125 0.72119140625 543.799756088615 1065
400 2.1 306.84863281250006 256.08528087378096 6490.552001953125 0.72119140625 547.409806841813 1097
410 0.9 81.076416015625 44.377229082956354 6490.552001953125 0.72119140625 542.8912159163965 1118
420 0.7 64.84500558035714 28.633365173129476 6490.552001953125 0.72119140625 539.2032538941188 1127
430 0.1 60.503173828125 0.0 6490.552001953125 0.72119140625 536.2751165588487 1134
440 0 0 0 6490.552001953125 0.72119140625 535.8559342304517 1135
450 0.1 4.650146484375 0.0 6490.552001953125 0.72119140625 535.8559342304517 1135
460 0 0 0 6490.552001953125 0.72119140625 535.3883235018019 1136
470 0 0 0 6490.552001953125 0.72119140625 535.3883235018019 1136
471 0 0 0 6490.552001953125 0.72119140625 535.3883235018019 1136
