0 11 11
10 25 25
20 29 29
30 38 39
40 53 53
50 58 61
60 55 61
70 69 69
80 83 83
90 102 103
100 117 117
110 140 140
120 176 176
130 241 241
140 275 275
150 399 399
160 493 493
170 597 598
180 828 828
190 1042 1042
200 1255 1255
210 1719 1719
220 2242 2243
230 2677 2677
240 2558 2707
250 2404 2707
260 2245 2707
270 2027 2707
280 1855 2707
290 1673 2707
300 1460 2707
310 1251 2707
320 1065 2707
330 900 2707
340 765 2707
350 652 2707
360 567 2707
370 476 2707
380 374 2707
390 253 2707
400 137 2707
410 69 2707
420 32 2707
430 15 2707
440 6 2707
450 3 2707
460 1 2707
470 0 2707
471 0 2707
