0 1.2 13.25384521484375 30.897718756559275 115.333984375 1.39111328125 0 0
10 0.7 4.703020368303571 1.957661065828277 115.333984375 1.39111328125 13.25384521484375 12
20 1.1 3.808504971590909 2.617646778802506 115.333984375 1.39111328125 10.103541324013158 19
30 1.3 2.6681377704326925 2.5291863139050808 115.333984375 1.316162109375 7.795361328125 30
40 1.4 2.639857700892857 1.8228033901790122 115.333984375 1.2431640625 6.245270485101744 43
50 0.9 3.9609375 2.908388656665687 115.333984375 1.2431640625 5.359730503015351 57
60 2.1 2.41552734375 2.1890676292000704 115.333984375 1.2431640625 5.168986002604167 66
70 2.1 3.764009021577382 2.78106333632917 115.333984375 1.2431640625 4.504358050466954 87
80 2 2.5850830078125 1.9511075342393602 115.333984375 1.2431640625 4.360401294849537 108
90 3 2.7630940755208333 2.295185673248558 115.333984375 1.14208984375 4.0830078125 128
100 3.4 2.7782341452205883 2.26976254078793 115.333984375 1.14208984375 3.8323912801621836 158
110 5.4 3.4020543981481484 5.16615755982404 115.333984375 1.097900390625 3.6457176208496094 192
120 6.9 2.794546818387681 2.3809165855031473 115.333984375 1.0810546875 3.5922305719639227 246
130 8.3 2.841579207454819 2.2940865598988722 115.333984375 1.0810546875 3.4174998449900795 315
140 8 3.2650543212890626 3.1624512853243543 115.333984375 1.06298828125 3.2973957924387562 398
150 14.9 2.809165596161912 2.2465178314169836 115.333984375 1.05712890625 3.291982993919979 478
160 16.6 2.7074062852974397 2.213405997018726 115.333984375 1.02392578125 3.1772464831289873 627
170 16.8 2.914431617373513 2.868496759864868 115.333984375 0.98388671875 3.078894058362232 793
180 25.1 2.538521694472112 2.1533149622680705 115.333984375 0.98388671875 3.05014308012487 961
190 30.4 2.3057901482833056 1.9135050309022728 115.333984375 0.9521484375 2.9441884862314356 1212
200 32 2.3513275146484363 2.0974708079815296 115.333984375 0.9521484375 2.8161719329753465 1516
210 4.1 2.6873630430640243 2.0727518673944263 115.333984375 0.9521484375 2.735153297972835 1836
220 0.3 2.833984375 1.9804599719132026 115.333984375 0.9521484375 2.734109397892248 1877
230 0.1 5.928955078125 0.0 115.333984375 0.9521484375 2.7342687728557182 1880
240 0 0 0 115.333984375 0.9521484375 2.7359671706788276 1881
250 0.5 3.32685546875 2.380779058589729 115.333984375 0.9521484375 2.7359671706788276 1881
260 0.1 1.537109375 0.0 115.333984375 0.9521484375 2.7375336826037246 1886
270 0.2 3.468505859375 2.052490234375 115.333984375 0.9521484375 2.7368975276977343 1887
280 0.6 3.5843912760416665 3.3639158702912435 115.333984375 0.9521484375 2.7376721262490076 1889
290 0.2 3.6744384765625 1.9476318359375 115.333984375 0.9521484375 2.740353031208773 1895
300 0.2 1.632568359375 0.035400390625 115.333984375 0.9521484375 2.7413378339977594 1897
310 0.4 4.03472900390625 1.4194628447099569 115.333984375 0.9521484375 2.740170093634808 1899
320 0.1 1.511962890625 0.0 115.333984375 0.9521484375 2.7428911843552943 1903
330 0 0 0 115.333984375 0.9521484375 2.742244688402705 1904
340 0 0 0 115.333984375 0.9521484375 2.742244688402705 1904
350 0 0 0 115.333984375 0.9521484375 2.742244688402705 1904
360 0 0 0 115.333984375 0.9521484375 2.742244688402705 1904
370 0.1 6.001953125 0.0 115.333984375 0.9521484375 2.742244688402705 1904
372 0 0 0 115.333984375 0.9521484375 2.743955821440289 1905
