0 0.1 0.0 0 0.0 0.0 0 0
10 0.1 0.078125 0.0 0.078125 0.0 0.0 1
20 0.1 0.05859375 0.0 0.078125 0.0 0.0390625 2
30 0.1 0.05078125 0.0 0.078125 0.0 0.045572916666666664 3
40 0.1 0.05078125 0.0 0.078125 0.0 0.046875 4
50 0.1 0.0390625 0.0 0.078125 0.0 0.04765625 5
60 0.1 0.109375 0.0 0.109375 0.0 0.046223958333333336 6
70 0.1 0.08984375 0.0 0.109375 0.0 0.05524553571428571 7
80 0.1 0.078125 0.0 0.109375 0.0 0.0595703125 8
90 0.1 0.0703125 0.0 0.109375 0.0 0.06163194444444445 9
100 0.1 0.05859375 0.0 0.109375 0.0 0.0625 10
110 0.1 0.05078125 0.0 0.109375 0.0 0.06214488636363636 11
120 0.1 0.0390625 0.0 0.109375 0.0 0.061197916666666664 12
130 0.1 0.03125 0.0 0.109375 0.0 0.059495192307692304 13
140 0.1 0.03125 0.0 0.109375 0.0 0.05747767857142857 14
150 0.1 0.01953125 0.0 0.109375 0.0 0.05572916666666667 15
160 0.1 0.01953125 0.0 0.109375 0.0 0.053466796875 16
170 0.1 0.01953125 0.0 0.109375 0.0 0.051470588235294115 17
180 0.1 0.01171875 0.0 0.109375 0.0 0.04969618055555555 18
190 0.1 0.01171875 0.0 0.109375 0.0 0.047697368421052634 19
200 0.1 0.01171875 0.0 0.109375 0.0 0.0458984375 20
210 0.1 0.078125 0.0 0.109375 0.0 0.044270833333333336 21
220 0.1 0.0703125 0.0 0.109375 0.0 0.04580965909090909 22
230 0.1 0.05859375 0.0 0.109375 0.0 0.046875 23
240 0.1 0.05078125 0.0 0.109375 0.0 0.04736328125 24
250 0.1 0.12109375 0.0 0.12109375 0.0 0.0475 25
260 0.1 0.1015625 0.0 0.12109375 0.0 0.05033052884615385 26
270 0.1 0.08984375 0.0 0.12109375 0.0 0.05222800925925926 27
280 0.1 0.0703125 0.0 0.12109375 0.0 0.05357142857142857 28
290 0.1 0.05859375 0.0 0.12109375 0.0 0.05414870689655173 29
300 0.1 0.05078125 0.0 0.12109375 0.0 0.054296875 30
310 0.1 0.0390625 0.0 0.12109375 0.0 0.054183467741935484 31
320 0.1 0.0390625 0.0 0.12109375 0.0 0.0537109375 32
330 0.1 0.03125 0.0 0.12109375 0.0 0.053267045454545456 33
340 0.1 0.03125 0.0 0.12109375 0.0 0.05261948529411765 34
350 0.1 0.01953125 0.0 0.12109375 0.0 0.052008928571428574 35
360 0.1 0.01953125 0.0 0.12109375 0.0 0.051106770833333336 36
370 0.1 0.01953125 0.0 0.12109375 0.0 0.05025337837837838 37
