0 2.9 191.96924669989224 354.8324531030137 1239.263916015625 7.625 0 0
10 3.7 74.94880964949324 139.57400841654018 1239.263916015625 7.625 191.96924669989224 29
20 7.3 58.07827549764555 82.74326485797064 1239.263916015625 7.625 126.36688047466856 66
30 6.5 31.906621844951925 40.833942462179465 1239.263916015625 7.408935546875 90.50308073853417 139
40 14.7 58.56273085406035 127.70826236082493 1288.386962890625 6.64306640625 71.83264040479472 204
50 10.5 40.64637509300595 81.37715489827823 1288.386962890625 6.64306640625 66.27515691773502 351
60 19.9 59.39688432396353 115.06228245676725 1288.386962890625 6.64306640625 60.37379268177767 456
70 24.9 55.317995615273595 76.07755974804317 1288.386962890625 6.64306640625 60.07699151657918 655
80 22.6 112.04145097310555 439.351701067201 3935.77197265625 6.64306640625 58.76616189332133 904
90 25.3 52.59321636456272 77.92457816475466 3935.77197265625 6.64306640625 69.42121970927818 1130
100 35.1 125.70803493923613 355.01264879155457 3935.77197265625 6.1181640625 66.34277802727311 1383
110 36.9 83.31959198742375 138.22147557941787 3935.77197265625 6.1181640625 78.35962068938328 1734
120 63.2 260.74883878683767 226.41689086185988 3935.77197265625 6.1181640625 79.2299152252734 2103
130 58.9 511.32944684117666 350.84415606117904 3935.77197265625 6.1181640625 121.1750558800846 2735
140 54.2 1129.2387289912954 419.86311323750425 3935.77197265625 6.1181640625 190.30891155880997 3324
150 63.1 1805.7891886328741 744.9316984553343 3935.77197265625 1.575927734375 321.94366609797373 3866
160 91.3 2195.962501283539 1792.3305673417374 4851.112060546875 1.3740234375 530.1505873164577 4497
170 135.2 1634.6977575177991 1780.1216632272688 5054.797119140625 1.3310546875 811.2755923907545 5410
180 198.7 1068.3343395891663 1333.277777588959 5054.797119140625 1.2939453125 975.9113166220121 6762
190 278.4 770.8521641698381 1232.4121936115937 5054.797119140625 1.2880859375 996.9016637057628 8749
200 322.7 696.392642280951 1134.499060071948 5054.797119140625 1.281005859375 942.3346120532862 11533
210 288.7 720.0762736918745 942.5648992197757 5054.797119140625 1.281005859375 888.5639659519768 14760
220 273.7 791.2692767621644 792.7409077238534 5054.797119140625 1.281005859375 860.9998492434759 17647
230 241.8 874.0448073772869 608.0076224679345 5054.797119140625 1.281005859375 851.6369873478053 20384
240 196.2 1019.3234043257424 461.30777805073916 5054.797119140625 1.281005859375 854.0131871912965 22802
250 170.4 1055.9603356016626 329.8259294056742 5054.797119140625 1.281005859375 867.1103704418935 24764
260 167.8 491.1831863639747 232.42895184732626 5054.797119140625 1.281005859375 879.2684609901876 26468
270 54.7 30.51297515924926 48.50759464646392 5054.797119140625 1.281005859375 856.131706537591 28146
280 20.7 19.249190915609887 35.57303110511219 5054.797119140625 1.281005859375 840.392207493784 28693
290 10.7 8.246260313230142 7.622722778052659 5054.797119140625 1.281005859375 834.5106640878435 28900
300 6.8 12.94371481502757 14.300191798472113 5054.797119140625 1.281005859375 831.462769055476 29007
310 13.5 11.610503472222224 7.350647619353873 5054.797119140625 1.281005859375 829.5484338641312 29075
320 3.1 14.40339119203629 6.931749176731693 5054.797119140625 1.281005859375 825.7681661269553 29210
330 0.1 8.81494140625 0.0 5054.797119140625 1.281005859375 824.9079934918544 29241
340 0 0 0 5054.797119140625 1.281005859375 824.8800852416634 29242
350 0 0 0 5054.797119140625 1.281005859375 824.8800852416634 29242
360 0 0 0 5054.797119140625 1.281005859375 824.8800852416634 29242
370 2.6 15.889329176682692 5.526327749245552 5054.797119140625 1.281005859375 824.8800852416634 29242
372 0 0 0 5054.797119140625 1.281005859375 824.161424600086 29268
