10 0.1 17613.47998046875 0 17613.47998046875 17613.47998046875 0 0
20 0.1 15461.406982421875 0.0 17613.47998046875 15461.406982421875 17613.47998046875 1
30 0.1 25033.06005859375 0.0 25033.06005859375 15461.406982421875 16537.443481445313 2
40 0.7 28282.267996651786 10141.973786582352 41321.369140625 15461.406982421875 19369.315673828125 3
50 0.7 38455.74714006697 10404.80367309188 55300.4189453125 15461.406982421875 25608.38229980469 10
60 1.1 36888.55015980114 10979.31402186713 55300.4189453125 15461.406982421875 30898.473704618566 17
70 1.5 36930.085123697914 15718.452791990037 69038.46704101563 15461.406982421875 33251.718026297436 28
80 1.3 41808.944373497594 15293.875841754592 77276.57397460938 15461.406982421875 34534.86933934411 43
90 1 36923.53132324219 18100.689651039735 81684.25708007813 12381.61083984375 36223.49390084403 56
100 1.4 35247.373099190845 13389.052025255442 81684.25708007813 11132.197998046875 36329.560176964966 66
110 1.4 41197.64683314732 15743.024414647145 81684.25708007813 11132.197998046875 36140.17743835449 80
120 2.7 37718.73823603877 14364.793591054984 81684.25708007813 9033.35693359375 36893.41756098321 94
130 2.3 41488.483069378395 16910.8965520395 85668.11889648438 9033.35693359375 37077.58002566503 121
140 2.6 54291.75350247897 22934.000551224293 109389.55395507813 9033.35693359375 37782.099261813695 144
150 2 44264.15069580078 13037.954726026657 109389.55395507813 9033.35693359375 40307.10520450368 170
160 2.6 48459.33085749699 13834.676320286624 109389.55395507813 9033.35693359375 40723.63630885074 190
170 4.2 52112.525466192346 17264.699511242296 109768.7900390625 9033.35693359375 41654.784726743346 216
180 5.6 54057.892190115796 16185.67922258914 109768.7900390625 9033.35693359375 43357.207637816435 258
190 10.1 52862.3126498685 18067.91412767323 109768.7900390625 9033.35693359375 45265.6099783539 314
200 13.7 52216.02122063185 19074.84775962666 109768.7900390625 9033.35693359375 47114.44605021649 415
210 14.1 49523.01400085882 18209.155834741192 121145.21801757813 9033.35693359375 48380.597858815956 552
220 17.2 49224.08832070994 18135.49594861771 121145.21801757813 9033.35693359375 48613.03750676407 693
230 22.4 53813.47949327742 17474.469010813405 121145.21801757813 9033.35693359375 48734.54125242729 865
240 20.2 57197.32488590655 16539.10595464391 128835.90112304688 9033.35693359375 49779.24480242769 1089
250 21.5 63479.24815134448 14683.14978172059 128835.90112304688 9033.35693359375 50939.93587668232 1291
260 21 68478.82440476186 12379.211151216767 146545.82104492188 9033.35693359375 52730.07673926689 1506
270 8.2 76753.220932379 13887.86650672539 146545.82104492188 9033.35693359375 54657.371033995296 1716
280 4.3 85848.02696902255 15023.557863689854 149753.32495117188 9033.35693359375 55665.0794275812 1798
290 1 91997.31911621094 7203.792932629144 149753.32495117188 9033.35693359375 56370.058647723505 1841
300 0.9 103257.2635904948 9331.338021891494 149753.32495117188 9033.35693359375 56562.534393096204 1851
310 0.8 115085.2885131836 13187.378867641008 149753.32495117188 9033.35693359375 56788.476631148136 1860
320 0.1 143023.32397460938 0.0 149753.32495117188 9033.35693359375 57038.14177839454 1868
330 0.1 130021.77709960938 0.0 149753.32495117188 9033.35693359375 57084.147761378066 1869
340 0 0 0 149753.32495117188 9033.35693359375 57123.15184123808 1870
350 0 0 0 149753.32495117188 9033.35693359375 57123.15184123808 1870
360 0 0 0 149753.32495117188 9033.35693359375 57123.15184123808 1870
370 0.1 186552.2109375 0.0 186552.2109375 9033.35693359375 57123.15184123808 1870
372 0 0 0 186552.2109375 9033.35693359375 57192.32824909285 1871
