0 0.3 499.1724446614583 523.9659485435712 1239.385986328125 99.51220703125 0 0
10 0.6 97.83036295572917 2.931651249600233 1239.385986328125 94.010986328125 499.1724446614583 3
20 0.4 217.25152587890625 159.72289456343393 1239.385986328125 94.010986328125 231.61105685763889 9
30 0.4 116.091064453125 12.905992751294097 1239.385986328125 94.010986328125 227.19273963341345 13
40 1 240.9811279296875 351.16583361577676 1288.4541015625 90.10791015625 201.05116900275735 17
50 0.4 106.85455322265625 8.308537826699608 1288.4541015625 90.10791015625 215.84004267939815 27
60 1.1 131.14098011363637 52.54397335391777 1288.4541015625 89.43896484375 201.77739887852823 31
70 1.2 207.1041259765625 141.4861018161831 1288.4541015625 89.43896484375 183.27738444010416 42
80 1.2 186.80094401041666 200.22917501840325 1288.4541015625 88.651123046875 188.57221589265046 54
90 1.5 231.55224609375 116.80038883355981 1288.4541015625 88.651123046875 188.25016645951703 66
100 1.1 689.896728515625 834.2694121513036 3233.966064453125 88.651123046875 196.26907009548611 81
110 2.6 262.19972581129804 161.18142695102006 3233.966064453125 88.651123046875 255.28976838485053 92
120 2.4 711.5653279622396 292.99915961030985 3233.966064453125 88.651123046875 256.8123013771187 118
130 3.5 908.1958356584821 289.99808522871973 3233.966064453125 88.651123046875 333.6719678422095 142
140 4 1560.8121765136718 454.75120426467436 3233.966064453125 88.651123046875 447.2783823821504 177
150 4 2492.185083007813 499.0901660109294 3781.38818359375 88.651123046875 652.5380679363479 217
160 9.6 2621.453061421711 1962.4728237330837 4780.9140625 1.5439453125 938.8644516050583 257
170 9.3 2214.131318779401 2074.6136356631655 5018.7138671875 1.5439453125 1396.4522888356494 353
180 10.3 1179.1270787507583 1610.833861380091 5018.7138671875 1.345947265625 1566.9548668284046 446
190 15.3 1134.6031996783092 1556.442586638472 5018.7138671875 1.345947265625 1494.1930049486277 549
200 16.8 982.5784185500372 1462.8790899192527 5018.7138671875 1.345947265625 1415.8208679025327 702
210 7.9 1294.6888659513447 1321.36505410103 5018.7138671875 1.345947265625 1332.160256993085 870
220 0.2 975.489501953125 951.3564453125 5018.7138671875 1.345947265625 1329.0409315006748 949
230 0 0 0 5018.7138671875 1.345947265625 1328.2973953712374 951
240 0 0 0 5018.7138671875 1.345947265625 1328.2973953712374 951
250 0 0 0 5018.7138671875 1.345947265625 1328.2973953712374 951
260 0 0 0 5018.7138671875 1.345947265625 1328.2973953712374 951
270 0 0 0 5018.7138671875 1.345947265625 1328.2973953712374 951
280 0 0 0 5018.7138671875 1.345947265625 1328.2973953712374 951
290 0 0 0 5018.7138671875 1.345947265625 1328.2973953712374 951
300 0 0 0 5018.7138671875 1.345947265625 1328.2973953712374 951
310 0 0 0 5018.7138671875 1.345947265625 1328.2973953712374 951
320 0 0 0 5018.7138671875 1.345947265625 1328.2973953712374 951
330 0 0 0 5018.7138671875 1.345947265625 1328.2973953712374 951
340 0 0 0 5018.7138671875 1.345947265625 1328.2973953712374 951
350 0 0 0 5018.7138671875 1.345947265625 1328.2973953712374 951
360 0 0 0 5018.7138671875 1.345947265625 1328.2973953712374 951
370 0 0 0 5018.7138671875 1.345947265625 1328.2973953712374 951
372 0 0 0 5018.7138671875 1.345947265625 1328.2973953712374 951
