10 0.3 41.668050130208336 21.493171910012258 64.343017578125 12.800048828125 0 0
20 0.2 138.0040283203125 123.1290283203125 261.133056640625 12.800048828125 41.668050130208336 3
30 0.2 13.361572265625 1.213623046875 261.133056640625 12.14794921875 80.20244140625 5
40 0.5 17.995849609375 5.553783850797443 261.133056640625 11.47802734375 61.105050223214285 7
50 0.3 23.993733723958332 12.699449609380153 261.133056640625 11.47802734375 43.14288330078125 12
60 0.6 19.1925048828125 9.994445196513965 261.133056640625 11.47802734375 39.313053385416666 15
70 0.3 52.126057942708336 54.817604826333366 261.133056640625 11.47802734375 33.564325241815474 21
80 0.3 25.541748046875 2.673625045729045 261.133056640625 11.47802734375 35.884541829427086 24
90 0.7 93.46561104910714 112.22485802868125 327.080078125 11.47802734375 34.735342520254626 27
100 0.7 30.482317243303573 26.999647008533962 327.080078125 11.05712890625 46.82686839384191 34
110 0.7 38.160853794642854 30.628046992571665 327.080078125 11.05712890625 44.036335270579265 41
120 1 288.7844970703125 195.22495064112712 596.181884765625 11.05712890625 43.17949422200521 48
130 0.8 511.4985046386719 280.9121215518225 954.763916015625 11.05712890625 85.52518436826509 58
140 2 1076.7182495117188 235.5769262288083 1528.295166015625 11.05712890625 137.15831409801137 66
150 1.7 2069.2432645909926 564.7959368287723 3306.9169921875 11.05712890625 355.6606246593387 86
160 1.8 1919.968994140625 1737.9582379322987 3828.11181640625 1.568115234375 638.4849438713592 103
170 3.3 1488.3018687855113 1656.3637266831051 4398.8720703125 1.5341796875 829.1189348205062 121
180 4.3 1416.4015715843022 1266.2395834733459 4398.8720703125 1.4580078125 970.3724206701502 154
190 4.9 729.450344786352 1210.000445918066 4398.8720703125 1.4580078125 1067.7290373671478 197
200 7.5 498.22934895833316 986.3884908485329 4398.8720703125 1.4580078125 1000.3483221782901 246
210 7.1 723.8793945312499 905.3755660234784 4398.8720703125 1.4580078125 883.0308050708236 321
220 7.2 692.1660732693142 777.6830681235523 4398.8720703125 1.39306640625 854.2049118353397 392
230 3.8 910.375089946546 549.8265399213374 4398.8720703125 1.39306640625 829.0609541268184 464
240 2.5 1026.64322265625 428.00064971145264 4398.8720703125 1.39306640625 835.2162074358815 502
250 0.9 1164.866916232639 277.9617136213161 4398.8720703125 1.39306640625 844.2971853875118 527
260 0.5 636.62900390625 358.44508077743546 4398.8720703125 1.39306640625 849.679886092001 536
270 0.2 6.2840576171875 0.5040283203125 4398.8720703125 1.39306640625 847.7108391217075 541
280 0 0 0 4398.8720703125 1.39306640625 844.6116612892783 543
290 0.2 11.718994140625 4.6611328125 4398.8720703125 1.39306640625 844.6116612892783 543
300 0 0 0 4398.8720703125 1.39306640625 841.5551744373566 545
310 0 0 0 4398.8720703125 1.39306640625 841.5551744373566 545
320 0 0 0 4398.8720703125 1.39306640625 841.5551744373566 545
330 0 0 0 4398.8720703125 1.39306640625 841.5551744373566 545
340 0 0 0 4398.8720703125 1.39306640625 841.5551744373566 545
350 0 0 0 4398.8720703125 1.39306640625 841.5551744373566 545
360 0 0 0 4398.8720703125 1.39306640625 841.5551744373566 545
370 0 0 0 4398.8720703125 1.39306640625 841.5551744373566 545
372 0 0 0 4398.8720703125 1.39306640625 841.5551744373566 545
