10 0.2 155.762939453125 80.012939453125 235.77587890625 75.75 0 0
20 0.1 211.714111328125 0.0 235.77587890625 75.75 155.762939453125 2
30 0.1 70.571044921875 0.0 235.77587890625 70.571044921875 174.413330078125 3
40 0.5 63.430859375 9.690599884965097 235.77587890625 52.795166015625 148.4527587890625 4
50 0.5 71.6744140625 8.998183422870056 235.77587890625 52.795166015625 101.21837022569444 9
60 0.5 88.464306640625 39.1683553800887 235.77587890625 52.795166015625 90.66695731026786 14
70 0.4 133.5147705078125 65.83912247053625 238.552001953125 52.795166015625 90.08731239720395 19
80 0.2 351.0091552734375 280.4749755859375 631.484130859375 52.795166015625 97.63991380774456 23
90 0.5 99.815185546875 43.019895443179635 631.484130859375 52.795166015625 117.909453125 25
100 0.5 306.366845703125 181.29700690290565 631.484130859375 52.795166015625 114.89374186197917 30
110 0.9 125.29912651909723 61.65901251276092 631.484130859375 52.795166015625 142.24704241071427 35
120 0.9 560.1831868489584 194.09309972470115 857.18798828125 52.795166015625 138.78042325106532 44
130 0.5 836.132421875 214.23349917914075 1100.327880859375 52.795166015625 210.33938310731133 53
140 1 1479.055126953125 242.2889675733636 1797.23486328125 52.795166015625 264.28705886314657 58
150 1.6 1803.8128051757813 514.1917029534202 2244.44384765625 1.851806640625 442.9294218175551 68
160 1.5 2204.4474283854165 1801.7160885830551 4253.40380859375 1.851806640625 702.1453043619791 84
170 2.7 1666.501754195602 1900.5357849756901 4660.4140625 1.489990234375 929.7668383049242 99
180 2.4 1257.3900858561199 1382.405105686831 4660.4140625 1.489990234375 1087.6386059957838 126
190 5 829.0232763671875 1316.387346400018 4660.4140625 1.489990234375 1114.7988427734374 150
200 5.4 536.6838062427662 954.1146057591006 4660.4140625 1.486083984375 1043.3549511718747 200
210 6 567.6274576822921 860.1971285785218 4660.4140625 1.4111328125 935.637463667261 254
220 6.8 915.4813699161305 793.7555396873679 4660.4140625 1.4111328125 865.3170803580313 314
230 6.3 918.4269787016369 619.6139589532162 4660.4140625 1.4111328125 874.2468491798919 382
240 4.8 1110.7726593017578 449.640742216296 4660.4140625 1.4111328125 880.5015641458917 445
250 1.8 1107.094455295139 448.4390044043918 4660.4140625 1.4111328125 902.9214679338868 493
260 1.5 585.02568359375 289.2862452306774 4660.4140625 1.4111328125 910.1134714025806 511
270 1.2 90.27166748046875 121.023551833503 4660.4140625 1.4111328125 900.8429071114542 526
280 0.4 71.05322265625 51.83279147658998 4660.4140625 1.4111328125 882.7632512089044 538
290 0.2 42.925537109375 36.24853515625 4660.4140625 1.4111328125 876.7727712933867 542
300 0.1 9.3740234375 0.0 4660.4140625 1.4111328125 873.7071564618278 544
310 0 0 0 4660.4140625 1.4111328125 872.1212241076547 545
320 0 0 0 4660.4140625 1.4111328125 872.1212241076547 545
330 0 0 0 4660.4140625 1.4111328125 872.1212241076547 545
340 0 0 0 4660.4140625 1.4111328125 872.1212241076547 545
350 0 0 0 4660.4140625 1.4111328125 872.1212241076547 545
360 0 0 0 4660.4140625 1.4111328125 872.1212241076547 545
370 0 0 0 4660.4140625 1.4111328125 872.1212241076547 545
372 0 0 0 4660.4140625 1.4111328125 872.1212241076547 545
