0 0.1 60.31884765625 0 60.31884765625 60.31884765625 0 0
10 0.3 58.737630208333336 62.65201668532025 147.33984375 14.051025390625 60.31884765625 1
20 0.9 31.757676866319443 41.890407185754974 147.487060546875 12.304931640625 59.1329345703125 4
30 0.1 16.41796875 0.0 147.487060546875 12.304931640625 40.18083308293269 13
40 0.6 14.9998779296875 4.298672481031852 147.487060546875 11.5859375 38.483485630580354 14
50 0.8 15.021575927734375 2.7618118090712884 147.487060546875 11.5859375 31.4384033203125 20
60 0.6 26.69873046875 14.715603923478731 147.487060546875 11.5859375 26.747881208147323 28
70 1.3 87.38311298076923 132.79870269524832 491.3271484375 11.573974609375 26.739207548253678 34
80 0.8 53.19512939453125 44.816447277635504 491.3271484375 11.573974609375 43.513053731715424 47
90 1.2 26.24859619140625 13.849207719058674 491.3271484375 11.573974609375 44.92135564630682 55
100 1.7 96.93373736213235 223.24073438716462 976.002197265625 11.573974609375 41.576980818563435 67
110 2 68.05323486328125 124.4492825506182 976.002197265625 11.391845703125 52.78013392857143 84
120 2 185.27882080078126 129.74805797822515 976.002197265625 11.391845703125 55.71726872370793 104
130 2.7 454.4501953125 249.30160461393137 976.002197265625 11.391845703125 76.61429325226814 124
140 2.8 1096.3613455636164 336.0418868547024 1565.363037109375 11.391845703125 144.17435521005794 151
150 2.8 1888.7947649274554 639.346025280524 3099.06689453125 11.391845703125 293.1198062150838 179
160 4.7 1730.6078997672873 1781.0810595449802 4157.31396484375 1.51708984375 508.9598972486413 207
170 10.6 1554.866086563974 1723.4153948584049 4317.958984375 1.4169921875 735.0128740926427 254
180 9.5 1021.191046463816 1285.3073266714075 4317.958984375 1.4169921875 976.4140977647569 360
190 11.1 560.4256514815597 1057.6435504737615 4317.958984375 1.4169921875 985.7631310096153 455
200 17.2 733.2343380950219 1130.977153152505 4317.958984375 1.39892578125 902.3488903247846 566
210 14.4 612.1609446207685 882.3026010897901 4317.958984375 1.39892578125 862.9346586397993 738
220 5.8 1027.8176185344828 713.3019024986833 4317.958984375 1.39892578125 821.9920114530187 882
230 0.9 985.9299587673611 528.2034261627866 4317.958984375 1.39892578125 834.6918893367687 940
240 0.2 1346.927001953125 194.259033203125 4317.958984375 1.39892578125 836.1261808276804 949
250 0 0 0 4317.958984375 1.39892578125 837.2004201991325 951
260 0 0 0 4317.958984375 1.39892578125 837.2004201991325 951
270 0 0 0 4317.958984375 1.39892578125 837.2004201991325 951
280 0 0 0 4317.958984375 1.39892578125 837.2004201991325 951
290 0 0 0 4317.958984375 1.39892578125 837.2004201991325 951
300 0 0 0 4317.958984375 1.39892578125 837.2004201991325 951
310 0 0 0 4317.958984375 1.39892578125 837.2004201991325 951
320 0 0 0 4317.958984375 1.39892578125 837.2004201991325 951
330 0 0 0 4317.958984375 1.39892578125 837.2004201991325 951
340 0 0 0 4317.958984375 1.39892578125 837.2004201991325 951
350 0 0 0 4317.958984375 1.39892578125 837.2004201991325 951
360 0 0 0 4317.958984375 1.39892578125 837.2004201991325 951
370 0 0 0 4317.958984375 1.39892578125 837.2004201991325 951
372 0 0 0 4317.958984375 1.39892578125 837.2004201991325 951
