20 0.2 19.8355712890625 3.1024169921875 22.93798828125 16.733154296875 0 0
30 0 0 0 22.93798828125 16.733154296875 19.8355712890625 2
40 0.2 35.1685791015625 21.1375732421875 56.30615234375 14.031005859375 19.8355712890625 2
50 0.3 14.678304036458334 1.059724442404814 56.30615234375 13.362060546875 27.5020751953125 4
60 0.5 27.79130859375 17.995203704650848 59.238037109375 11.733154296875 22.006173270089285 7
70 0 0 0 59.238037109375 11.733154296875 24.416646321614582 12
80 0.2 17.383056640625 4.031005859375 59.238037109375 11.733154296875 24.416646321614582 12
90 0.3 23.237223307291668 11.332338003671683 59.238037109375 11.733154296875 23.411847795758927 14
100 0.4 104.40252685546875 118.41393957283003 306.32177734375 11.733154296875 23.381031709558822 17
110 0.7 64.12587193080357 49.136880715239336 306.32177734375 11.733154296875 38.813697451636905 21
120 0.9 105.75621202256944 91.05788147562708 306.32177734375 11.677001953125 45.14174107142857 28
130 1.3 514.6126051682693 216.1244341542764 1020.095947265625 11.677001953125 59.885801573057435 37
140 1 1084.018017578125 362.63575044835295 1634.265869140625 11.677001953125 178.1147705078125 50
150 0.9 1579.040310329861 664.5476173782912 2457.378173828125 11.677001953125 329.09864501953126 60
160 1.7 1894.7730210248162 1792.849362170847 3883.726806640625 1.6259765625 492.1345144078351 69
170 1.5 1334.6946451822917 1652.9514575282597 3883.726806640625 1.574951171875 769.400265715843 86
180 3.4 768.6409768497242 1195.3742354332396 3883.726806640625 1.530029296875 853.3548765276919 101
190 4.4 745.8050592595878 1207.5898819009603 3883.726806640625 1.40380859375 832.0195240162037 135
200 5.5 466.9307883522727 979.6872141983291 3883.726806640625 1.40380859375 810.8271416179294 179
210 5 760.165810546875 897.1454242846544 3883.726806640625 1.40380859375 729.9968021751469 234
220 3.9 689.7746269030449 783.2992024371632 3883.726806640625 1.40380859375 735.3082473110145 284
230 2.6 1053.2776817908655 524.1835695468274 3883.726806640625 1.40380859375 729.8103798314145 323
240 1.7 1272.636532054228 191.41427560216374 3883.726806640625 1.40380859375 753.9082304071902 349
250 0.4 1123.69091796875 296.8581663371943 3883.726806640625 1.40380859375 778.0021679153859 366
260 0.4 733.45947265625 254.32938927839328 3883.726806640625 1.40380859375 781.7393435916385 370
270 0 0 0 3883.726806640625 1.40380859375 781.222981335645 374
280 0.1 25.092041015625 0.0 3883.726806640625 1.40380859375 781.222981335645 374
290 0 0 0 3883.726806640625 1.40380859375 779.2066321614583 375
300 0 0 0 3883.726806640625 1.40380859375 779.2066321614583 375
310 0 0 0 3883.726806640625 1.40380859375 779.2066321614583 375
320 0 0 0 3883.726806640625 1.40380859375 779.2066321614583 375
330 0 0 0 3883.726806640625 1.40380859375 779.2066321614583 375
340 0 0 0 3883.726806640625 1.40380859375 779.2066321614583 375
350 0 0 0 3883.726806640625 1.40380859375 779.2066321614583 375
360 0 0 0 3883.726806640625 1.40380859375 779.2066321614583 375
370 0 0 0 3883.726806640625 1.40380859375 779.2066321614583 375
372 0 0 0 3883.726806640625 1.40380859375 779.2066321614583 375
