40 0.8 24.289031982421875 15.329712737110729 50.54296875 7.092041015625 0 0
50 0 0 0 50.54296875 7.092041015625 24.289031982421875 8
60 0.8 17.7127685546875 12.165323863967949 50.54296875 6.9970703125 24.289031982421875 8
70 2.4 20.903828938802086 15.388758283600259 58.578125 6.9970703125 21.000900268554688 16
80 2.4 33.7491455078125 32.06975355176201 146.12890625 6.987060546875 20.942657470703125 40
90 1.6 15.915512084960938 10.11846426027739 146.12890625 6.831787109375 25.74509048461914 64
100 3.2 26.963790893554688 40.130055963319265 191.837158203125 6.223876953125 23.7791748046875 80
110 1.6 13.419448852539063 11.293943157424671 191.837158203125 6.223876953125 24.68906511579241 112
120 6.7 191.83769749883396 118.64639132378564 561.946044921875 6.223876953125 23.280363082885742 128
130 3.3 253.1626864346591 248.40271048378997 948.947998046875 6.223876953125 81.19493439503205 195
140 1 773.4476806640625 418.84915212098866 1457.0859375 6.223876953125 106.0850037691886 228
150 2 1142.1476684570312 796.2800599243446 2529.551025390625 1.7509765625 134.12545237821692 238
160 3.1 1431.0972703503023 1696.8562315275985 4159.118896484375 1.468994140625 212.2667094385901 258
170 5.4 1547.381808810764 1752.439273853573 4206.691162109375 1.454833984375 343.00631977860075 289
180 16.4 690.2650235804115 1159.2295758685052 4206.691162109375 1.454833984375 532.616455078125 343
190 23.4 527.4232908069577 1073.7571225140528 4206.691162109375 1.416015625 583.6112583017443 507
200 22.1 630.0027672953194 1061.6845319392833 4206.691162109375 1.416015625 565.8676896191802 741
210 24.5 591.7312161192599 860.8996337299211 4206.691162109375 1.416015625 580.6014236799149 962
220 28.6 667.7836103105883 760.1940151483786 4206.691162109375 1.416015625 582.8605779033113 1207
230 27.3 811.4383594107717 606.2921343652116 4206.691162109375 1.416015625 599.1284863215841 1493
240 27.9 953.0153808593748 496.43463672061887 4206.691162109375 1.416015625 631.9487554910904 1766
250 30.9 1000.415223155593 287.8072599419058 4206.691162109375 1.416015625 675.7519772406021 2045
260 41.2 464.8109142710861 213.15596240309304 4206.691162109375 1.416015625 718.3692002600295 2354
270 10.6 25.257600604363212 45.436953666102056 4206.691162109375 1.416015625 680.6012993824284 2766
280 3.2 11.00030517578125 7.523856901499302 4206.691162109375 1.416015625 656.41382303477 2872
290 2.4 7.207956949869792 2.7197283075160774 4206.691162109375 1.416015625 649.3018283476185 2904
300 1.6 9.43304443359375 4.153525655725917 4206.691162109375 1.416015625 644.0387638279648 2928
310 4 9.314184570312497 3.534105152567947 4206.691162109375 1.416015625 640.5898197008214 2944
320 0.8 9.77764892578125 2.464397579715378 4206.691162109375 1.416015625 632.1276798197154 2984
330 0 0 0 4206.691162109375 1.416015625 630.4636423039561 2992
340 0 0 0 4206.691162109375 1.416015625 630.4636423039561 2992
350 0 0 0 4206.691162109375 1.416015625 630.4636423039561 2992
360 0 0 0 4206.691162109375 1.416015625 630.4636423039561 2992
370 0.8 10.17645263671875 3.0268970375265054 4206.691162109375 1.416015625 630.4636423039561 2992
372 0 0 0 4206.691162109375 1.416015625 628.8095431315102 3000
