40 0.8 31.27227783203125 10.985194328804505 48.3359375 11.091064453125 0 0
50 0 0 0 48.3359375 11.091064453125 31.27227783203125 8
60 0.8 28.3118896484375 17.314350538815876 61.2568359375 11.091064453125 31.27227783203125 8
70 2.4 43.22539265950521 45.95354674115496 173.925048828125 11.091064453125 29.792083740234375 16
80 2.4 52.51251220703125 49.47806150123621 218.636962890625 11.091064453125 37.85206909179688 40
90 1.6 35.55079650878906 26.644946778845657 218.636962890625 11.091064453125 43.349735260009766 64
100 3.2 47.66242218017578 71.06188981276412 319.738037109375 11.091064453125 41.789947509765625 80
110 1.6 28.75787353515625 20.115220624176548 319.738037109375 11.091064453125 43.4677974155971 112
120 6.4 239.92229461669922 119.43542011501687 593.60107421875 11.091064453125 41.62905693054199 128
130 3.6 347.6094767252604 269.95834711560224 885.860107421875 11.091064453125 107.72680282592773 192
140 0.9 848.8902180989584 482.0209162886065 1774.161865234375 11.091064453125 145.6030144942434 228
150 2 1424.077478027344 1077.2064885040938 3252.47802734375 1.656005859375 172.31012349189083 237
160 2.5 1294.70783203125 1732.0772587698486 4272.666015625 1.462158203125 269.7239254012646 257
170 5.2 1428.9594163161057 1698.446978817215 4439.05517578125 1.408935546875 360.59129301030583 282
180 16.1 797.5218558933424 1242.9887670167298 4439.05517578125 1.386962890625 526.9240547225861 334
190 22.9 609.5099831127193 1117.7678853941572 4439.05517578125 1.346923828125 614.9366728811553 495
200 22.5 615.0000423177078 1085.1591229367427 4439.05517578125 1.346923828125 613.2202199019124 724
210 23.8 579.4498003791363 867.1497371052699 4439.05517578125 1.346923828125 613.6422009804729 949
220 28.5 672.4925918311404 771.1328718300522 4439.05517578125 1.346923828125 606.7864374226648 1187
230 26.3 813.277280626188 622.5997149282721 4439.05517578125 1.346923828125 619.5080773726753 1472
240 27.5 944.0968865411934 494.6727608471545 4439.05517578125 1.346923828125 648.8805848399224 1735
250 31 1002.7131623298887 305.72732291266925 4439.05517578125 1.346923828125 689.2708748736784 2010
260 44.2 480.3565215374009 222.34493563409904 4439.05517578125 1.346923828125 731.1532494906719 2320
270 11 33.31658824573863 44.29991935697341 4439.05517578125 1.346923828125 691.0185088116908 2762
280 3.2 7.072929382324219 2.6188661047665343 4439.05517578125 1.346923828125 665.8279756423821 2872
290 2.4 6.5408935546875 3.113399426791178 4439.05517578125 1.346923828125 658.5689668681665 2904
300 1.6 10.548965454101563 3.6271814737337564 4439.05517578125 1.346923828125 653.2244744639577 2928
310 4 11.809967041015627 7.213911226888754 4439.05517578125 1.346923828125 649.7316727845563 2944
320 0.8 16.285552978515625 5.209423225401438 4439.05517578125 1.346923828125 641.180443485045 2984
330 0 0 0 4439.05517578125 1.346923828125 639.509601531819 2992
340 0 0 0 4439.05517578125 1.346923828125 639.509601531819 2992
350 0 0 0 4439.05517578125 1.346923828125 639.509601531819 2992
360 0 0 0 4439.05517578125 1.346923828125 639.509601531819 2992
370 0.8 16.65802001953125 4.173605347071309 4439.05517578125 1.346923828125 639.509601531819 2992
372 0 0 0 4439.05517578125 1.346923828125 637.8486639811197 3000
