40 0.1 24.4111328125 0 24.4111328125 24.4111328125 0 0
50 0 0 0 24.4111328125 24.4111328125 24.4111328125 1
60 0.1 48.47900390625 0.0 48.47900390625 24.4111328125 24.4111328125 1
70 0.4 35.4471435546875 25.959860599704047 79.434814453125 16.033935546875 36.445068359375 2
80 0.2 45.3544921875 18.16748046875 79.434814453125 16.033935546875 35.77978515625 6
90 0.2 31.719482421875 16.4326171875 79.434814453125 15.286865234375 38.1734619140625 8
100 0.4 22.78839111328125 12.581353088899101 79.434814453125 14.97705078125 36.882666015625 10
110 0.2 23.3675537109375 7.0885009765625 79.434814453125 14.97705078125 32.85573032924107 14
120 1 289.452783203125 174.92957944061075 519.714111328125 14.97705078125 31.669708251953125 16
130 0.4 293.41046142578125 206.67852975202578 537.7939453125 14.97705078125 130.8170447716346 26
140 0.5 1110.497265625 116.62555751477159 1286.446044921875 14.97705078125 152.4961669921875 30
150 0.8 1556.5747375488281 667.4098082901207 2573.24609375 4.555908203125 289.353466796875 35
160 1.1 2408.7117808948865 1508.8278717621774 3981.60302734375 1.8359375 525.1155636809593 43
170 1.5 1332.16669921875 1634.6110643286609 3981.60302734375 1.8359375 908.8110894097222 54
180 1.7 926.4026309742648 1252.901959274285 3981.60302734375 1.8359375 1000.8449176290761 69
190 2.9 656.2308307516163 1156.6427702120209 3981.60302734375 1.674072265625 986.1295818949854 86
200 3.1 641.2683735509073 1002.502798800443 3981.60302734375 1.674072265625 902.9377229110054 115
210 3.4 697.0369873046875 891.5369750583947 3981.60302734375 1.674072265625 847.377792567423 146
220 4.7 736.9861826795212 722.6676994222013 3981.60302734375 1.656005859375 818.980084906684 180
230 4.3 820.2377475472384 636.0706165679062 3981.60302734375 1.656005859375 802.0033738728662 227
240 4.1 1024.620152915396 422.25685518391003 3981.60302734375 1.656005859375 804.9073667173033 270
250 2.7 1123.759892216435 244.525019877811 3981.60302734375 1.656005859375 833.8727179524216 311
260 1 564.626904296875 330.1455825251961 3981.60302734375 1.656005859375 857.0293857190734 338
270 1.1 23.571954900568183 30.15927953431459 3981.60302734375 1.656005859375 848.6270155632632 348
280 0.4 11.562744140625 5.356536477772758 3981.60302734375 1.656005859375 823.3467769357154 359
290 0.3 10.463704427083334 2.094622846010262 3981.60302734375 1.656005859375 814.4014983374224 363
300 0.2 15.50048828125 2.9814453125 3981.60302734375 1.656005859375 807.811844288977 366
310 0.5 16.62900390625 5.7864817244648945 3981.60302734375 1.656005859375 803.5058043106741 368
320 0.1 17.969970703125 0.0 3981.60302734375 1.656005859375 792.9578579245558 373
330 0 0 0 3981.60302734375 1.656005859375 790.8856977982953 374
340 0 0 0 3981.60302734375 1.656005859375 790.8856977982953 374
350 0 0 0 3981.60302734375 1.656005859375 790.8856977982953 374
360 0 0 0 3981.60302734375 1.656005859375 790.8856977982953 374
370 0.1 23.01904296875 0.0 3981.60302734375 1.656005859375 790.8856977982953 374
372 0 0 0 3981.60302734375 1.656005859375 788.8380533854165 375
