0 0.1 3171.01953125 0 3171.01953125 3171.01953125 0 0
10 0.1 3170.8984375 0.0 3171.01953125 3170.8984375 3171.01953125 1
20 0.1 3168.59375 0.0 3171.01953125 3168.59375 3170.958984375 2
30 0.1 3165.80859375 0.0 3171.01953125 3165.80859375 3170.1705729166665 3
40 0.1 3164.98046875 0.0 3171.01953125 3164.98046875 3169.080078125 4
50 0.1 3164.61328125 0.0 3171.01953125 3164.61328125 3168.26015625 5
60 0.1 3162.578125 0.0 3171.01953125 3162.578125 3167.65234375 6
70 0.1 3159.1953125 0.0 3171.01953125 3159.1953125 3166.9274553571427 7
80 0.1 3157.76171875 0.0 3171.01953125 3157.76171875 3165.9609375 8
90 0.1 3156.5625 0.0 3171.01953125 3156.5625 3165.0499131944443 9
100 0.1 3156.21875 0.0 3171.01953125 3156.21875 3164.201171875 10
110 0.1 3155.98828125 0.0 3171.01953125 3155.98828125 3163.475497159091 11
120 0.1 3154.4375 0.0 3171.01953125 3154.4375 3162.8515625 12
130 0.1 3148.4375 0.0 3171.01953125 3148.4375 3162.204326923077 13
140 0.1 3143.1171875 0.0 3171.01953125 3143.1171875 3161.2209821428573 14
150 0.1 3129.015625 0.0 3171.01953125 3129.015625 3160.0140625 15
160 0.1 3126.734375 0.0 3171.01953125 3126.734375 3158.07666015625 16
170 0.1 3114.94140625 0.0 3171.01953125 3114.94140625 3156.2329963235293 17
180 0.1 3106.81640625 0.0 3171.01953125 3106.81640625 3153.939019097222 18
190 0.1 3095.35546875 0.0 3171.01953125 3095.35546875 3151.4588815789475 19
200 0.1 3082.87109375 0.0 3171.01953125 3082.87109375 3148.6537109375 20
210 0.1 3075.0234375 0.0 3171.01953125 3075.0234375 3145.5212053571427 21
220 0.1 3068.9765625 0.0 3171.01953125 3068.9765625 3142.3167613636365 22
230 0.1 3067.59375 0.0 3171.01953125 3067.59375 3139.1280570652175 23
240 0.1 3067.125 0.0 3171.01953125 3067.125 3136.1474609375 24
250 0.1 3067.0234375 0.0 3171.01953125 3067.0234375 3133.3865625 25
260 0.1 3067.15625 0.0 3171.01953125 3067.0234375 3130.8341346153848 26
270 0.1 3067.53125 0.0 3171.01953125 3067.0234375 3128.4756944444443 27
280 0.1 3074.25 0.0 3171.01953125 3067.0234375 3126.2991071428573 28
290 0.1 3074.75390625 0.0 3171.01953125 3067.0234375 3124.5043103448274 29
300 0.1 3075.453125 0.0 3171.01953125 3067.0234375 3122.8459635416666 30
310 0.1 3075.75 0.0 3171.01953125 3067.0234375 3121.3171622983873 31
320 0.1 3076.30078125 0.0 3171.01953125 3067.0234375 3119.8931884765625 32
330 0.1 3091.91796875 0.0 3171.01953125 3067.0234375 3118.572206439394 33
340 0.1 3091.984375 0.0 3171.01953125 3067.0234375 3117.788258272059 34
350 0.1 3092.04296875 0.0 3171.01953125 3067.0234375 3117.0510044642856 35
360 0.1 3092.07421875 0.0 3171.01953125 3067.0234375 3116.3563368055557 36
370 0.1 3092.12890625 0.0 3171.01953125 3067.0234375 3115.7000633445946 37
380 0.1 3087.2109375 0.0 3171.01953125 3067.0234375 3115.079769736842 38
390 0.1 3104.92578125 0.0 3171.01953125 3067.0234375 3114.3651842948716 39
400 0.1 3105.06640625 0.0 3171.01953125 3067.0234375 3114.12919921875 40
410 0.1 3105.13671875 0.0 3171.01953125 3067.0234375 3113.908155487805 41
420 0.1 3105.25390625 0.0 3171.01953125 3067.0234375 3113.6993117559523 42
