0 0.1 0.3984375 0 0.3984375 0.3984375 0 0
10 0.1 0.33984375 0.0 0.3984375 0.33984375 0.3984375 1
20 0.1 0.2890625 0.0 0.3984375 0.2890625 0.369140625 2
30 0.1 0.3203125 0.0 0.3984375 0.2890625 0.3424479166666667 3
40 0.1 0.26953125 0.0 0.3984375 0.26953125 0.3369140625 4
50 0.1 0.23046875 0.0 0.3984375 0.23046875 0.3234375 5
60 0.1 0.26953125 0.0 0.3984375 0.23046875 0.3079427083333333 6
70 0.1 0.23046875 0.0 0.3984375 0.23046875 0.30245535714285715 7
80 0.1 0.19140625 0.0 0.3984375 0.19140625 0.29345703125 8
90 0.1 0.16015625 0.0 0.3984375 0.16015625 0.2821180555555556 9
100 0.1 0.140625 0.0 0.3984375 0.140625 0.269921875 10
110 0.1 0.12109375 0.0 0.3984375 0.12109375 0.25816761363636365 11
120 0.1 0.1015625 0.0 0.3984375 0.1015625 0.24674479166666666 12
130 0.1 0.078125 0.0 0.3984375 0.078125 0.23557692307692307 13
140 0.1 0.0703125 0.0 0.3984375 0.0703125 0.22433035714285715 14
150 0.1 0.12890625 0.0 0.3984375 0.0703125 0.2140625 15
160 0.1 0.109375 0.0 0.3984375 0.0703125 0.208740234375 16
170 0.1 0.1015625 0.0 0.3984375 0.0703125 0.20289522058823528 17
180 0.1 0.078125 0.0 0.3984375 0.0703125 0.197265625 18
190 0.1 0.0703125 0.0 0.3984375 0.0703125 0.19099506578947367 19
200 0.1 0.12890625 0.0 0.3984375 0.0703125 0.1849609375 20
210 0.1 0.109375 0.0 0.3984375 0.0703125 0.18229166666666666 21
220 0.1 0.171875 0.0 0.3984375 0.0703125 0.17897727272727273 22
230 0.1 0.1484375 0.0 0.3984375 0.0703125 0.17866847826086957 23
240 0.1 0.12109375 0.0 0.3984375 0.0703125 0.17740885416666666 24
250 0.1 0.19140625 0.0 0.3984375 0.0703125 0.17515625 25
260 0.1 0.16015625 0.0 0.3984375 0.0703125 0.17578125 26
270 0.1 0.12890625 0.0 0.3984375 0.0703125 0.1752025462962963 27
280 0.1 0.109375 0.0 0.3984375 0.0703125 0.17354910714285715 28
290 0.1 0.1015625 0.0 0.3984375 0.0703125 0.1713362068965517 29
300 0.1 0.078125 0.0 0.3984375 0.0703125 0.16901041666666666 30
310 0.1 0.0703125 0.0 0.3984375 0.0703125 0.16607862903225806 31
320 0.1 0.05859375 0.0 0.3984375 0.05859375 0.1630859375 32
330 0.1 0.05078125 0.0 0.3984375 0.05078125 0.15991950757575757 33
340 0.1 0.0390625 0.0 0.3984375 0.0390625 0.1567095588235294 34
350 0.1 0.0390625 0.0 0.3984375 0.0390625 0.1533482142857143 35
360 0.1 0.03125 0.0 0.3984375 0.03125 0.1501736111111111 36
370 0.1 0.03125 0.0 0.3984375 0.03125 0.14695945945945946 37
380 0.1 0.01953125 0.0 0.3984375 0.01953125 0.14391447368421054 38
390 0.1 0.08984375 0.0 0.3984375 0.01953125 0.14072516025641027 39
400 0.1 0.1484375 0.0 0.3984375 0.01953125 0.139453125 40
410 0.1 0.12890625 0.0 0.3984375 0.01953125 0.13967225609756098 41
420 0.1 0.109375 0.0 0.3984375 0.01953125 0.13941592261904762 42
