0 6.078125 6.078125
10 23.79296875 29.87109375
20 35.6421875 65.51328125
30 72.36640625 137.8796875
40 38.98828125 176.86796875
50 85.9484375 262.81640625
60 122.471875 385.28828125
70 113.4296875 498.71796875
80 168.23828125 666.95625
90 115.91875 782.875
100 211.56328125 994.43828125
110 238.26484375 1232.703125
120 363.90546875 1596.60859375
130 396.240625 1992.84921875
140 473.77265625 2466.621875
150 677.9046875 3144.5265625
160 661.4796875 3806.00625
170 793.7734375 4599.7796875
180 1051.9828125 5651.7625
190 1399.05546875 7050.81796875
200 1192.28046875 8243.0984375
210 1243.603125 9486.7015625
220 1456.68828125 10943.38984375
230 1733.7859375 12677.17578125
240 1247.909375 13925.08515625
250 1177.43515625 15102.5203125
260 741.82109375 15844.34140625
270 352.146875 16196.48828125
280 262.35234375 16458.840625
290 246.66171875 16705.50234375
300 113.328125 16818.83046875
310 48.99453125 16867.825
320 37.4515625 16905.2765625
330 18.11953125 16923.39609375
340 0 16923.39609375
350 0 16923.39609375
360 0 16923.39609375
370 0 16923.39609375
380 0 16923.39609375
390 0 16923.39609375
400 0 16923.39609375
410 0 16923.39609375
420 17.61171875 16941.0078125
422 0 16941.0078125
