0 0.4 115.57891845703125 165.33948704503769 401.954833984375 19.656005859375 0 0
10 0.3 24.251708984375 5.9657693314248625 401.954833984375 19.656005859375 115.57891845703125 4
20 0.5 97.71259765625 154.9490476670101 407.592041015625 18.909912109375 76.43868582589286 7
30 0.4 24.35675048828125 4.732607408839102 407.592041015625 18.909912109375 85.30281575520833 12
40 0.5 20.427197265625 1.416306832933255 407.592041015625 18.776123046875 70.06629943847656 16
50 0.7 21.060895647321427 1.5179467423223687 407.592041015625 18.776123046875 58.24746558779762 21
60 1.6 21.143951416015625 5.503121774886837 407.592041015625 18.27099609375 48.95082310267857 28
70 0.9 20.858154296875 3.520400462730892 407.592041015625 18.27099609375 38.8392333984375 44
80 0.9 22.403971354166668 4.745401035544017 407.592041015625 18.27099609375 35.785842607606135 53
90 1.3 21.17548076923077 2.6280656145341634 407.592041015625 18.27099609375 33.84331290952621 62
100 1.5 45.490071614583336 26.248144385080245 407.592041015625 18.27099609375 31.647555338541668 75
110 1.3 34.39659705528846 28.37413304260896 407.592041015625 18.27099609375 33.95464138454861 90
120 3.9 35.96591421274037 19.723913097372883 407.592041015625 18.05810546875 34.010422197360434 103
130 5 36.74279785156251 18.741339706782366 407.592041015625 18.05810546875 34.54749394806338 142
140 3.9 53.811930338541664 28.94142304486727 407.592041015625 18.05810546875 35.119187672932945 192
150 4.5 112.35368381076388 52.31924602199694 407.592041015625 18.05810546875 38.275105265827925 231
160 8.2 224.4471465320122 112.29350244920253 541.400146484375 18.05810546875 50.353134376415305 276
170 7.8 602.4445550380609 306.07266187482327 1015.80908203125 0.697021484375 90.22941649026711 358
180 12 571.6035319010422 388.47236392230036 1015.80908203125 0.66796875 181.86423485432195 436
190 16.4 476.6632377810595 405.01089325754674 1015.80908203125 0.66796875 265.9806299003767 556
200 6 1056.7124308268228 1667.9737927168705 7253.614990234375 0.64794921875 313.9694461398655 720
210 6.1 783.5304975665983 1362.19562475562 7253.614990234375 0.64501953125 371.10352188501605 780
220 7.9 2281.4863281249995 4245.749583642201 20902.72216796875 0.64501953125 401.01796364075506 841
230 2.2 1843.920487837358 6499.664610339529 31603.826904296875 0.64501953125 562.4929645040761 920
240 0.4 401.616455078125 232.1793881408005 31603.826904296875 0.64501953125 592.4201465776772 942
250 0 0 0 31603.826904296875 0.64501953125 591.613365641104 946
260 0 0 0 31603.826904296875 0.64501953125 591.613365641104 946
270 0 0 0 31603.826904296875 0.64501953125 591.613365641104 946
280 0 0 0 31603.826904296875 0.64501953125 591.613365641104 946
290 0 0 0 31603.826904296875 0.64501953125 591.613365641104 946
300 0 0 0 31603.826904296875 0.64501953125 591.613365641104 946
310 0 0 0 31603.826904296875 0.64501953125 591.613365641104 946
320 0 0 0 31603.826904296875 0.64501953125 591.613365641104 946
330 0 0 0 31603.826904296875 0.64501953125 591.613365641104 946
340 0 0 0 31603.826904296875 0.64501953125 591.613365641104 946
350 0 0 0 31603.826904296875 0.64501953125 591.613365641104 946
360 0 0 0 31603.826904296875 0.64501953125 591.613365641104 946
370 0 0 0 31603.826904296875 0.64501953125 591.613365641104 946
380 0 0 0 31603.826904296875 0.64501953125 591.613365641104 946
390 0 0 0 31603.826904296875 0.64501953125 591.613365641104 946
400 0 0 0 31603.826904296875 0.64501953125 591.613365641104 946
410 0 0 0 31603.826904296875 0.64501953125 591.613365641104 946
420 0 0 0 31603.826904296875 0.64501953125 591.613365641104 946
422 0 0 0 31603.826904296875 0.64501953125 591.613365641104 946
