10 0.1 47.883056640625 0 47.883056640625 47.883056640625 0 0
20 0.3 54.42333984375 63.31833948649883 143.968994140625 9.64599609375 47.883056640625 1
30 0.3 12.912027994791666 4.421716515734223 143.968994140625 9.64599609375 52.78826904296875 4
40 0.3 9.7138671875 0.6098564723795082 143.968994140625 9.0078125 35.698451450892854 7
50 0.7 11.395298549107142 3.51571021670908 143.968994140625 8.85595703125 27.903076171875 10
60 0.8 10.07501220703125 2.1991833189351238 143.968994140625 8.048828125 21.105755974264707 17
70 0.5 8.52822265625 0.31997005859012045 143.968994140625 8.048828125 17.57591796875 25
80 0.5 9.339599609375 1.0489391644622665 143.968994140625 8.048828125 16.067968750000002 30
90 0.5 47.525146484375 74.0578008839775 195.572998046875 8.0068359375 15.106773158482143 35
100 1.1 14.229159268465908 11.621763300957559 195.572998046875 7.760986328125 19.15906982421875 40
110 0.6 12.803304036458334 4.219434436959649 195.572998046875 7.760986328125 18.09575578278186 51
120 0.9 20.53838433159722 22.821182511480593 195.572998046875 7.760986328125 17.538655598958332 57
130 1.1 13.398481889204545 7.2036771754987825 195.572998046875 7.719970703125 17.947709517045453 66
140 1.9 13.053916529605264 5.706500407150495 195.572998046875 7.719970703125 17.297819855925326 77
150 2.9 63.689402613146555 50.529645032027744 208.9580078125 7.719970703125 16.45788065592448 96
160 2.9 183.26948915678878 105.25613224552372 414.824951171875 7.719970703125 27.41559375 125
170 3.8 609.2835050884046 236.0288054655422 930.989990234375 0.7099609375 56.76470392400568 154
180 3.9 602.9568810096155 298.8356938818487 930.989990234375 0.7099609375 166.1173833211263 192
190 5.2 461.3791973407452 357.18022401063513 930.989990234375 0.7099609375 239.8695063074946 231
200 6.1 503.16635582095284 281.12976494261227 930.989990234375 0.7099609375 280.570933635159 283
210 4.8 414.5130259195964 281.9821469956042 930.989990234375 0.7099609375 320.04279629019805 344
220 5.5 451.16471058238636 267.6897073960666 930.989990234375 0.7099609375 331.61057951012435 392
230 4.7 397.52630485372333 225.31291967734703 930.989990234375 0.7099609375 346.3208193512304 447
240 3.1 390.43448368195567 127.05237718284953 930.989990234375 0.7099609375 351.19259631199395 494
250 2.7 197.92604347511573 77.603653823527 930.989990234375 0.7099609375 353.509736328125 525
260 1.3 15.457538311298077 20.368475635282973 930.989990234375 0.7099609375 345.8996643950974 552
270 0.1 8.51806640625 0.0 930.989990234375 0.7099609375 338.2965712285675 565
280 0.2 21.5380859375 7.782958984375 930.989990234375 0.7099609375 337.7139236935457 566
290 0.1 8.321044921875 0.0 930.989990234375 0.7099609375 336.60062849017936 568
300 0.1 8.60400390625 0.0 930.989990234375 0.7099609375 336.0236872185303 569
310 0 0 0 930.989990234375 0.7099609375 335.44926672149126 570
320 0 0 0 930.989990234375 0.7099609375 335.44926672149126 570
330 0 0 0 930.989990234375 0.7099609375 335.44926672149126 570
340 0 0 0 930.989990234375 0.7099609375 335.44926672149126 570
350 0 0 0 930.989990234375 0.7099609375 335.44926672149126 570
360 0 0 0 930.989990234375 0.7099609375 335.44926672149126 570
370 0 0 0 930.989990234375 0.7099609375 335.44926672149126 570
380 0 0 0 930.989990234375 0.7099609375 335.44926672149126 570
390 0 0 0 930.989990234375 0.7099609375 335.44926672149126 570
400 0 0 0 930.989990234375 0.7099609375 335.44926672149126 570
410 0 0 0 930.989990234375 0.7099609375 335.44926672149126 570
420 0 0 0 930.989990234375 0.7099609375 335.44926672149126 570
422 0 0 0 930.989990234375 0.7099609375 335.44926672149126 570
