0 0.5 31.004150390625 45.9274281890351 122.81494140625 6.763916015625 0 0
10 0.2 7.2979736328125 0.2960205078125 122.81494140625 6.763916015625 31.004150390625 5
20 0.5 6.87509765625 0.9898753052027102 122.81494140625 5.9248046875 24.23095703125 7
30 0.4 7.06768798828125 0.45392079600862173 122.81494140625 5.9248046875 16.999348958333332 12
40 0.8 9.289215087890625 3.4056262835027042 122.81494140625 5.9248046875 14.516433715820313 16
50 0.7 8.384870256696429 1.5395348295466875 122.81494140625 5.9248046875 12.774027506510416 24
60 1.5 8.239615885416667 2.614488551636966 122.81494140625 5.9248046875 11.78292748235887 31
70 0.9 6.873236762152778 1.501178383575128 122.81494140625 5.9248046875 10.627499787703805 46
80 0.8 8.3968505859375 2.9114195034028634 122.81494140625 5.9248046875 10.013165838068181 55
90 1.5 17.491536458333336 19.978609331489906 122.81494140625 5.9248046875 9.807919456845237 63
100 1.5 17.255061848958334 19.506161750298585 122.81494140625 5.902099609375 11.285538110977564 78
110 1.3 7.6650390625 1.2831019388565128 122.81494140625 5.902099609375 12.248364520329302 93
120 4.8 9.843327840169271 5.133905594056799 122.81494140625 5.64404296875 11.68625856795401 106
130 4.5 12.961789279513889 9.711278529328048 122.81494140625 5.64404296875 11.111838600852273 154
140 3.6 13.023810492621529 7.10755888608017 122.81494140625 5.64404296875 11.530169156328517 199
150 6.1 48.8091820888832 43.01713838999709 192.153076171875 5.6279296875 11.758982297207448 235
160 7.5 181.77081705729168 128.11963168861655 466.18310546875 5.6279296875 19.394327524546032 296
170 9.6 561.5581385294596 273.7681147338015 959.236083984375 1.244140625 52.2197634139151 371
180 14 506.87330845424117 345.31212905980954 959.236083984375 1.22705078125 156.9231553006223 467
190 14.1 618.4810453374337 632.4407643526041 2506.1669921875 1.218994140625 237.6365349406662 607
200 5.7 5381.891233209978 1470.2094934077572 7461.589111328125 1.218994140625 309.4267434512868 748
210 6.4 7697.696781158447 1338.589617073214 14107.952880859375 1.218994140625 668.5950365149456 805
220 6.3 17108.95994543651 3305.6438043342932 20648.56396484375 1.218994140625 1186.2734158672863 869
230 1.4 31371.90989467076 233.4361814145859 31611.31689453125 1.218994140625 2262.592355097824 932
240 0 0 0 31611.31689453125 1.218994140625 2693.385637924485 946
250 0 0 0 31611.31689453125 1.218994140625 2693.385637924485 946
260 0 0 0 31611.31689453125 1.218994140625 2693.385637924485 946
270 0 0 0 31611.31689453125 1.218994140625 2693.385637924485 946
280 0 0 0 31611.31689453125 1.218994140625 2693.385637924485 946
290 0 0 0 31611.31689453125 1.218994140625 2693.385637924485 946
300 0 0 0 31611.31689453125 1.218994140625 2693.385637924485 946
310 0 0 0 31611.31689453125 1.218994140625 2693.385637924485 946
320 0 0 0 31611.31689453125 1.218994140625 2693.385637924485 946
330 0 0 0 31611.31689453125 1.218994140625 2693.385637924485 946
340 0 0 0 31611.31689453125 1.218994140625 2693.385637924485 946
350 0 0 0 31611.31689453125 1.218994140625 2693.385637924485 946
360 0 0 0 31611.31689453125 1.218994140625 2693.385637924485 946
370 0 0 0 31611.31689453125 1.218994140625 2693.385637924485 946
380 0 0 0 31611.31689453125 1.218994140625 2693.385637924485 946
390 0 0 0 31611.31689453125 1.218994140625 2693.385637924485 946
400 0 0 0 31611.31689453125 1.218994140625 2693.385637924485 946
410 0 0 0 31611.31689453125 1.218994140625 2693.385637924485 946
420 0 0 0 31611.31689453125 1.218994140625 2693.385637924485 946
422 0 0 0 31611.31689453125 1.218994140625 2693.385637924485 946
