0 0.2 19.94287109375 11.574951171875 31.517822265625 8.367919921875 0 0
10 0.4 8.445068359375 1.91260704445306 31.517822265625 6.5419921875 19.94287109375 2
20 0.5 8.25166015625 2.018217181820304 31.517822265625 6.5419921875 12.277669270833334 6
30 0.2 9.166015625 1.10400390625 31.517822265625 6.5419921875 10.447665127840908 11
40 0.4 9.79949951171875 1.9287149115412852 31.517822265625 6.5419921875 10.25048828125 13
50 0.9 7.758273654513889 1.4783613513080411 31.517822265625 6.426025390625 10.144373276654411 17
60 0.9 7.661865234375 1.5458615426422633 31.517822265625 6.177001953125 9.31841571514423 26
70 1.2 8.78741455078125 3.042486088245083 31.517822265625 6.177001953125 8.892445591517857 35
80 0.9 9.81271701388889 4.057454112786494 31.517822265625 6.177001953125 8.865629155585106 47
90 1.1 8.130792791193182 3.056209696863545 31.517822265625 6.177001953125 9.017839704241071 56
100 1.3 17.27625450721154 22.213185070980185 91.759033203125 6.177001953125 8.872205136427239 67
110 1.7 16.14254940257353 24.441610642364555 112.5048828125 6.177001953125 10.237863159179687 80
120 2 11.86942138671875 5.829959017445872 112.5048828125 6.177001953125 11.272705078125 97
130 4.8 12.786183675130209 6.5934173871390405 112.5048828125 6.135986328125 11.374707865918804 117
140 4 16.38779296875 10.40443510630768 112.5048828125 6.135986328125 11.785319010416666 165
150 3.4 47.6088436351103 46.70448706123323 199.80908203125 6.135986328125 12.683362709603658 205
160 6.1 214.53929863601434 114.93451308095266 464.704833984375 6.135986328125 17.651841167625523 239
170 7.2 549.3948465983075 268.363793139919 921.68505859375 0.743896484375 57.68562418619792 300
180 8.9 536.7607696190307 335.81754273509233 921.68505859375 0.719970703125 152.85515110467074 372
190 14.5 407.5365301724138 366.560696722136 921.68505859375 0.696044921875 226.97142018878796 461
200 10.7 409.2381375036507 313.9395712607297 921.68505859375 0.696044921875 270.175943204672 606
210 7.7 437.4777071073458 273.17002537535853 921.68505859375 0.696044921875 291.04502425655244 713
220 6.9 565.3278950124549 892.655783700766 5701.10986328125 0.696044921875 305.31757688884494 790
230 5.8 438.45516231142244 232.758821563768 5701.10986328125 0.696044921875 326.2031554109975 859
240 2.5 410.9481640625 142.9230155602833 5701.10986328125 0.696044921875 333.3030642443941 917
250 0.4 255.51605224609375 94.41902833289762 5701.10986328125 0.696044921875 335.36370914402534 942
260 0 0 0 5701.10986328125 0.696044921875 335.0260869161271 946
270 0 0 0 5701.10986328125 0.696044921875 335.0260869161271 946
280 0 0 0 5701.10986328125 0.696044921875 335.0260869161271 946
290 0 0 0 5701.10986328125 0.696044921875 335.0260869161271 946
300 0 0 0 5701.10986328125 0.696044921875 335.0260869161271 946
310 0 0 0 5701.10986328125 0.696044921875 335.0260869161271 946
320 0 0 0 5701.10986328125 0.696044921875 335.0260869161271 946
330 0 0 0 5701.10986328125 0.696044921875 335.0260869161271 946
340 0 0 0 5701.10986328125 0.696044921875 335.0260869161271 946
350 0 0 0 5701.10986328125 0.696044921875 335.0260869161271 946
360 0 0 0 5701.10986328125 0.696044921875 335.0260869161271 946
370 0 0 0 5701.10986328125 0.696044921875 335.0260869161271 946
380 0 0 0 5701.10986328125 0.696044921875 335.0260869161271 946
390 0 0 0 5701.10986328125 0.696044921875 335.0260869161271 946
400 0 0 0 5701.10986328125 0.696044921875 335.0260869161271 946
410 0 0 0 5701.10986328125 0.696044921875 335.0260869161271 946
420 0 0 0 5701.10986328125 0.696044921875 335.0260869161271 946
422 0 0 0 5701.10986328125 0.696044921875 335.0260869161271 946
