0 0.2 10.66650390625 2.5615234375 13.22802734375 8.10498046875 0 0
10 0.5 12.902490234375 11.525363253373635 35.93017578125 6.421142578125 10.66650390625 2
20 0.5 7.78125 1.5511439362937176 35.93017578125 6.31591796875 12.263636997767858 7
30 0.2 7.6180419921875 0.5731201171875 35.93017578125 6.31591796875 10.395975748697916 12
40 0.4 7.6278076171875 0.5713972853180846 35.93017578125 6.31591796875 9.999128069196429 14
50 0.8 8.697021484375 1.4747110950678464 35.93017578125 6.279052734375 9.47216796875 18
60 1.3 10.270320012019228 8.17490694016937 38.110107421875 6.279052734375 9.233661358173077 26
70 1 10.3121337890625 4.459703283717043 38.110107421875 6.279052734375 9.579214242788462 39
80 1.1 8.898592862215908 2.6715386695086725 38.110107421875 6.279052734375 9.728789660395408 49
90 0.9 8.16701931423611 4.574553120038506 38.110107421875 6.251953125 9.5765869140625 60
100 1.3 20.22442157451923 22.36464703714218 90.469970703125 6.251953125 9.392730270606885 69
110 1.6 8.794418334960938 3.0399892216180175 90.469970703125 6.251953125 11.109949623666159 82
120 2.4 10.919230143229166 8.822264662716218 90.469970703125 6.109130859375 10.731903698979592 98
130 5 14.902373046875 10.180573337758037 90.469970703125 6.109130859375 10.768754802766393 122
140 3.7 16.47162690033784 10.381032864967038 90.469970703125 6.109130859375 11.970388013263081 172
150 3.4 46.83773265165441 38.85998420825545 164.551025390625 6.109130859375 12.767258055472489 209
160 7.6 187.33109966077302 112.3501370673751 439.18896484375 6.109130859375 17.534320344650205 243
170 6.9 561.2522644927536 250.66809880391656 930.048095703125 0.76806640625 57.9874715296826 319
180 10.8 497.19160291883685 344.13820400116225 930.048095703125 0.697021484375 147.4855919277545 388
190 14.6 454.5660049229452 363.177390517831 930.97314453125 0.667236328125 223.6312556112966 496
200 9.3 417.5549080141129 312.97902503061556 930.97314453125 0.667236328125 276.14912695008275 642
210 7.7 706.3678596793832 1735.308551118945 12819.60107421875 0.667236328125 294.04128700308246 735
220 6.6 845.9427231297349 2403.5353411738033 19213.19091796875 0.667236328125 333.1412206189386 812
230 4.7 1070.4444086602393 4499.583763120443 31542.31298828125 0.667236328125 371.68894176439704 878
240 1.9 435.87002724095396 114.3275341256541 31542.31298828125 0.667236328125 407.1932735958615 925
250 0.2 296.7440185546875 0.3441162109375 31542.31298828125 0.667236328125 407.770454018803 944
260 0 0 0 31542.31298828125 0.667236328125 407.53572582543273 946
270 0 0 0 31542.31298828125 0.667236328125 407.53572582543273 946
280 0 0 0 31542.31298828125 0.667236328125 407.53572582543273 946
290 0 0 0 31542.31298828125 0.667236328125 407.53572582543273 946
300 0 0 0 31542.31298828125 0.667236328125 407.53572582543273 946
310 0 0 0 31542.31298828125 0.667236328125 407.53572582543273 946
320 0 0 0 31542.31298828125 0.667236328125 407.53572582543273 946
330 0 0 0 31542.31298828125 0.667236328125 407.53572582543273 946
340 0 0 0 31542.31298828125 0.667236328125 407.53572582543273 946
350 0 0 0 31542.31298828125 0.667236328125 407.53572582543273 946
360 0 0 0 31542.31298828125 0.667236328125 407.53572582543273 946
370 0 0 0 31542.31298828125 0.667236328125 407.53572582543273 946
380 0 0 0 31542.31298828125 0.667236328125 407.53572582543273 946
390 0 0 0 31542.31298828125 0.667236328125 407.53572582543273 946
400 0 0 0 31542.31298828125 0.667236328125 407.53572582543273 946
410 0 0 0 31542.31298828125 0.667236328125 407.53572582543273 946
420 0 0 0 31542.31298828125 0.667236328125 407.53572582543273 946
422 0 0 0 31542.31298828125 0.667236328125 407.53572582543273 946
