30 1.6 5.494140625 1.0016187552366078 7.322021484375 4.597900390625 0 0
40 0 0 0 7.322021484375 4.597900390625 5.494140625 16
50 0.8 4.7835693359375 0.1465960776087938 7.322021484375 4.575927734375 5.494140625 16
60 1.6 5.733001708984375 1.3852592144778029 8.85693359375 4.575927734375 5.257283528645833 24
70 0.8 5.666473388671875 1.421393786930082 8.85693359375 4.539794921875 5.44757080078125 40
80 2.4 5.134785970052084 0.8562960983449123 8.85693359375 4.539794921875 5.4840545654296875 48
90 0 0 0 8.85693359375 4.539794921875 5.36763170030382 72
100 3.5 26.364620535714284 60.3921158767156 374.77099609375 4.52099609375 5.36763170030382 72
110 3.7 8.11255542652027 5.320519625835145 374.77099609375 4.52099609375 12.235805618428738 107
120 8.3 7.952363163591867 5.4104527831615234 374.77099609375 4.52099609375 11.176359388563368 144
130 5.3 9.79957436615566 7.466905512084869 374.77099609375 4.50390625 9.99754138560022 227
140 5.8 10.125648235452585 9.164709033061186 374.77099609375 4.50390625 9.960069056919643 280
150 12.1 36.45371214811467 26.686062272563877 374.77099609375 4.50390625 9.988482052052515 338
160 5.9 147.984523967161 110.4084782924763 490.679931640625 4.50390625 16.965154909620097 459
170 7.1 523.9219093860033 269.7795583419603 936.4140625 0.757080078125 31.88821045864503 518
180 16.4 467.5968895888912 361.3396687446615 936.4140625 0.733154296875 91.19957314768142 589
190 21.4 326.141035703855 365.45783475297384 936.4140625 0.73193359375 173.17720913222112 753
200 12.3 530.8958948647103 455.1136283994184 4506.677001953125 0.73193359375 207.0285626858195 967
210 15.1 529.7012785854716 802.7576541969338 7180.5498046875 0.73193359375 243.57505980325396 1090
220 27.4 500.34470963304125 845.7565459310655 7180.5498046875 0.73193359375 278.3897729669243 1241
230 47.6 306.3326821207 274.0540851278084 7180.5498046875 0.7041015625 318.53211794812296 1515
240 31.3 410.2772127096647 98.5151829332629 7180.5498046875 0.7041015625 315.61552756446986 1991
250 32.7 181.96849092722658 87.5030664281364 7180.5498046875 0.7041015625 328.4753832287259 2304
260 21.1 14.323782536655814 16.73528593181636 7180.5498046875 0.7041015625 310.2664308218121 2631
270 8 6.684542846679688 3.9164442686791565 7180.5498046875 0.7041015625 288.2946156254124 2842
280 7.2 5.58278062608507 1.7208394851982503 7180.5498046875 0.7041015625 280.5845520311966 2922
290 8.8 4.757535067471593 0.7670269651624939 7180.5498046875 0.7041015625 273.9712829793703 2994
300 4 4.453570556640626 0.3501510638436378 7180.5498046875 0.7041015625 266.2844530584595 3082
310 1.6 5.7590484619140625 1.3348608376221571 7180.5498046875 0.7041015625 262.9297972929013 3122
320 1.6 4.244659423828127 0.6623494935186014 7180.5498046875 0.7041015625 261.61853789796953 3138
330 0.8 4.588592529296875 0.08817173718643306 7180.5498046875 0.7041015625 260.312899960244 3154
340 0 0 0 7180.5498046875 0.7041015625 259.66590614005185 3162
350 0 0 0 7180.5498046875 0.7041015625 259.66590614005185 3162
360 0 0 0 7180.5498046875 0.7041015625 259.66590614005185 3162
370 0 0 0 7180.5498046875 0.7041015625 259.66590614005185 3162
380 0 0 0 7180.5498046875 0.7041015625 259.66590614005185 3162
390 0 0 0 7180.5498046875 0.7041015625 259.66590614005185 3162
400 0 0 0 7180.5498046875 0.7041015625 259.66590614005185 3162
410 0 0 0 7180.5498046875 0.7041015625 259.66590614005185 3162
420 0.8 4.48394775390625 1.2333417790342278 7180.5498046875 0.7041015625 259.66590614005185 3162
422 0 0 0 7180.5498046875 0.7041015625 259.021913816049 3170
