30 1.6 7.5619964599609375 1.1898638558544086 10.662841796875 6.544921875 0 0
40 0 0 0 10.662841796875 6.544921875 7.5619964599609375 16
50 0.8 6.776123046875 0.09874145265600512 10.662841796875 6.544921875 7.5619964599609375 16
60 1.6 7.5381317138671875 2.0531794471480582 14.97705078125 6.544921875 7.300038655598958 24
70 0.8 7.149261474609375 1.0350478560899112 14.97705078125 6.492919921875 7.39527587890625 40
80 2.4 7.8677978515625 1.7368238833408314 14.97705078125 6.492919921875 7.3542734781901045 48
90 0 0 0 14.97705078125 6.492919921875 7.525448269314236 72
100 3.5 22.38408203125 13.632662581017248 57.739013671875 6.492919921875 7.525448269314236 72
110 3.7 9.930070206925675 4.92974790982754 57.739013671875 6.4580078125 12.385749032564252 107
120 8.3 9.815376741340359 4.415563095623355 57.739013671875 6.4580078125 11.754776000976563 144
130 5.3 12.595514261497641 7.18740245897506 57.739013671875 6.4580078125 11.045656447893723 227
140 5.8 15.120134024784482 11.88350437066001 57.739013671875 6.4580078125 11.339022391183036 280
150 12 42.53663533528647 30.077752315942025 170.09521484375 6.4580078125 11.987852198132396 338
160 5.9 151.23358878442798 97.17752514745037 422.008056640625 6.4580078125 19.99190018166621 458
170 6.7 527.0625874533583 265.2587454954868 908.001953125 0.121826171875 34.969191530917556 517
180 16 432.03014221191404 363.74534216384365 908.001953125 0.120849609375 91.42511195352634 584
190 21.7 303.92775350122395 364.65798627246386 939.200927734375 0.119873046875 164.67350555748067 744
200 12.4 463.602300828503 291.71414982764657 939.200927734375 0.119873046875 196.11801315768074 961
210 14.8 482.85854195259714 561.0960344504801 6510.578857421875 0.119873046875 226.68764603434613 1085
220 24.3 804.7246164078575 1053.9119663795027 6510.578857421875 0.119873046875 257.436464035888 1233
230 49.8 463.95539384098885 421.0642033169691 6510.578857421875 0.0810546875 347.53878180444394 1476
240 32.2 413.6320846273292 96.49471540439154 6510.578857421875 0.0810546875 376.90832222703733 1974
250 33.2 183.1312270566641 85.84014991677834 6510.578857421875 0.0810546875 382.05860597829775 2296
260 21.4 17.129377418589364 18.401255383838393 6510.578857421875 0.0810546875 356.9277498892634 2628
270 8 7.73255615234375 3.148896783241818 6510.578857421875 0.0810546875 331.34124330632034 2842
280 7.2 7.202829996744793 2.958436687363637 6510.578857421875 0.0810546875 322.48132031784735 2922
290 8.8 5.824537797407671 1.9352152823055975 6510.578857421875 0.0810546875 314.89947285521566 2994
300 4 5.470489501953125 1.6913470349837705 6510.578857421875 0.0810546875 306.0744909327345 3082
310 1.6 8.027389526367188 1.7161520444984197 6510.578857421875 0.0810546875 302.2230623429743 3122
320 1.6 3.45281982421875 0.09570754294026869 6510.578857421875 0.0810546875 300.72302067150656 3138
330 0.8 6.606475830078125 0.0832785678506769 6510.578857421875 0.0810546875 299.2149917515457 3154
340 0 0 0 6510.578857421875 0.0810546875 298.4746792507956 3162
350 0 0 0 6510.578857421875 0.0810546875 298.4746792507956 3162
360 0 0 0 6510.578857421875 0.0810546875 298.4746792507956 3162
370 0 0 0 6510.578857421875 0.0810546875 298.4746792507956 3162
380 0 0 0 6510.578857421875 0.0810546875 298.4746792507956 3162
390 0 0 0 6510.578857421875 0.0810546875 298.4746792507956 3162
400 0 0 0 6510.578857421875 0.0810546875 298.4746792507956 3162
410 0 0 0 6510.578857421875 0.0810546875 298.4746792507956 3162
420 0.8 3.429351806640625 0.03227183023687728 6510.578857421875 0.0810546875 298.4746792507956 3162
422 0 0 0 6510.578857421875 0.0810546875 297.7300853645012 3170
