20 0.2 11.291015625 2.31103515625 13.60205078125 8.97998046875 0 0
30 0.2 11.0989990234375 0.8780517578125 13.60205078125 8.97998046875 11.291015625 2
40 0 0 0 13.60205078125 8.97998046875 11.19500732421875 4
50 0.2 10.2060546875 1.906982421875 13.60205078125 8.299072265625 11.19500732421875 4
60 0.2 6.9365234375 0.1494140625 13.60205078125 6.787109375 10.8653564453125 6
70 0.5 9.47578125 2.263648405570541 13.60205078125 6.787109375 9.883148193359375 8
80 0.1 7.14794921875 0.0 13.60205078125 6.787109375 9.726468599759615 13
90 0.5 8.5921875 1.4920918427009608 13.60205078125 6.787109375 9.542288643973214 14
100 0.7 14.178397042410714 9.65483870817876 37.138916015625 6.787109375 9.292262027138158 19
110 1.2 10.450785319010418 4.630691044155708 37.138916015625 6.652099609375 10.607759915865385 26
120 0.5 12.316162109375 3.2447993483026405 37.138916015625 6.652099609375 10.558188990542764 38
130 1.4 12.550101143973214 5.0882234642238275 37.138916015625 6.652099609375 10.762604469476743 43
140 1.1 18.101584694602273 15.27792924394224 57.787109375 6.652099609375 11.201638740405702 57
150 1.8 42.650065104166664 33.864389489404395 100.235107421875 6.652099609375 12.317806468290442 68
160 2.8 200.62562779017858 112.75560155603351 436.657958984375 6.652099609375 18.6664187409157 86
170 2 515.2936767578125 264.28392340173974 836.154052734375 0.718017578125 63.358154296875 114
180 2.7 533.9916630497685 353.973504389529 894.244140625 0.718017578125 130.81121735074626 134
190 4.2 499.3425757998512 393.70535084849416 1787.652099609375 0.718017578125 198.42532936238354 161
200 4.2 444.4390171595982 302.1223207207401 1787.652099609375 0.7119140625 260.6840700046182 203
210 4.4 379.0771595348011 290.6505462940523 1787.652099609375 0.7119140625 292.1849180883291 245
220 4.1 424.7620224371189 276.55509858388746 1787.652099609375 0.69580078125 305.4141866822556 289
230 3.1 369.99701518397177 259.6209876083321 1787.652099609375 0.69580078125 320.2422511245265 330
240 2.3 444.45920728600544 86.53323611772102 1787.652099609375 0.69580078125 324.51482089140404 361
250 1.4 199.21449497767858 91.66180213029106 1787.652099609375 0.69580078125 331.698989868164 384
260 0.3 7.10595703125 2.439460284037046 1787.652099609375 0.69580078125 327.0387312539258 398
270 0.2 5.4029541015625 1.7711181640625 1787.652099609375 0.69580078125 324.64521922732223 401
280 0 0 0 1787.652099609375 0.69580078125 323.06089036813734 403
290 0.1 8.841064453125 0.0 1787.652099609375 0.69580078125 323.06089036813734 403
300 0 0 0 1787.652099609375 0.69580078125 322.28311852181304 404
310 0 0 0 1787.652099609375 0.69580078125 322.28311852181304 404
320 0.1 4.632080078125 0.0 1787.652099609375 0.69580078125 322.28311852181304 404
330 0 0 0 1787.652099609375 0.69580078125 321.4987949701002 405
340 0 0 0 1787.652099609375 0.69580078125 321.4987949701002 405
350 0 0 0 1787.652099609375 0.69580078125 321.4987949701002 405
360 0 0 0 1787.652099609375 0.69580078125 321.4987949701002 405
370 0 0 0 1787.652099609375 0.69580078125 321.4987949701002 405
380 0 0 0 1787.652099609375 0.69580078125 321.4987949701002 405
390 0 0 0 1787.652099609375 0.69580078125 321.4987949701002 405
400 0 0 0 1787.652099609375 0.69580078125 321.4987949701002 405
410 0 0 0 1787.652099609375 0.69580078125 321.4987949701002 405
420 0 0 0 1787.652099609375 0.69580078125 321.4987949701002 405
422 0 0 0 1787.652099609375 0.69580078125 321.4987949701002 405
