30 0.2 12.9691162109375 1.2769775390625 14.24609375 11.692138671875 0 0
40 0 0 0 14.24609375 11.692138671875 12.9691162109375 2
50 0.1 13.307861328125 0.0 14.24609375 11.692138671875 12.9691162109375 2
60 0.2 12.2080078125 0.0849609375 14.24609375 11.692138671875 13.08203125 3
70 0.1 11.8310546875 0.0 14.24609375 11.692138671875 12.732421875 5
80 0.3 16.036702473958332 1.4666362911026607 18.072998046875 11.692138671875 12.582194010416666 6
90 0 0 0 18.072998046875 11.692138671875 13.733696831597221 9
100 0.5 25.271875 9.468382244207605 40.400146484375 11.692138671875 13.733696831597221 9
110 0.4 13.92974853515625 2.224547872622569 40.400146484375 11.692138671875 17.854474748883927 14
120 1.1 17.609796697443183 5.975265777580668 40.400146484375 11.692138671875 16.982313368055557 18
130 0.6 25.7197265625 21.854370589133705 74.23486328125 11.63916015625 17.22032428609914 29
140 0.8 28.694976806640625 20.42516355003197 74.23486328125 11.63916015625 18.677364676339284 35
150 1.6 57.41358947753906 31.829181833197154 112.489013671875 11.63916015625 20.541106468023255 43
160 0.9 243.17881944444446 131.70986767469748 514.772216796875 11.63916015625 30.540423894332626 59
170 2.1 604.4681687127976 230.09175550093929 866.968994140625 1.077880859375 58.68374095243566 68
180 1.7 345.65265969669116 370.53215742917973 866.968994140625 0.9541015625 187.46433626667837 89
190 3.1 364.6413337953629 381.45784092953124 926.987060546875 0.91015625 212.83416172243514 106
200 2.5 731.562021484375 1202.700375727389 6457.889892578125 0.91015625 247.18468970973996 137
210 3.3 482.94115471117425 235.33104572295795 6457.889892578125 0.91015625 321.93427794656634 162
220 4.1 531.296279535061 890.3991281143774 6457.889892578125 0.91015625 349.18159555288463 195
230 4.7 375.9548391788564 327.6747814603178 6457.889892578125 0.903076171875 380.820163532839 236
240 2.8 424.8810337611607 98.46368636656523 6457.889892578125 0.903076171875 380.0121414669832 283
250 3 189.39402669270834 81.55381770596496 6457.889892578125 0.903076171875 384.05178450311496 311
260 2.3 21.425356657608695 23.134853365065428 6457.889892578125 0.903076171875 366.9264685667155 341
270 1 13.0721435546875 7.346202190336741 6457.889892578125 0.903076171875 345.09535435267856 364
280 1 10.7052001953125 3.9100038836019646 6457.889892578125 0.903076171875 336.217728395513 374
290 1 9.0065185546875 4.400071748844823 6457.889892578125 0.903076171875 327.74083964029944 384
300 0.5 8.17744140625 3.405571141621317 6457.889892578125 0.903076171875 319.65113605944634 394
310 0.2 13.1409912109375 7.9691162109375 6457.889892578125 0.903076171875 315.7479569284539 399
320 0.2 5.7945556640625 0.3055419921875 6457.889892578125 0.903076171875 314.23869525405235 401
330 0.1 14.211181640625 0.0 6457.889892578125 0.903076171875 312.70795510720376 403
340 0 0 0 6457.889892578125 0.903076171875 311.969101707534 404
350 0 0 0 6457.889892578125 0.903076171875 311.969101707534 404
360 0 0 0 6457.889892578125 0.903076171875 311.969101707534 404
370 0 0 0 6457.889892578125 0.903076171875 311.969101707534 404
380 0 0 0 6457.889892578125 0.903076171875 311.969101707534 404
390 0 0 0 6457.889892578125 0.903076171875 311.969101707534 404
400 0 0 0 6457.889892578125 0.903076171875 311.969101707534 404
410 0 0 0 6457.889892578125 0.903076171875 311.969101707534 404
420 0.1 6.10009765625 0.0 6457.889892578125 0.903076171875 311.969101707534 404
422 0 0 0 6457.889892578125 0.903076171875 311.21386959876537 405
