20 0.2 22.8900146484375 0.6949462890625 23.5849609375 22.195068359375 0 0
30 0.2 20.8270263671875 0.1129150390625 23.5849609375 20.714111328125 22.8900146484375 2
40 0.2 20.239990234375 0.845947265625 23.5849609375 19.39404296875 21.8585205078125 4
50 0.5 24.21826171875 5.024533915373837 30.445068359375 19.39404296875 21.319010416666668 6
60 0.3 20.09375 1.0137586611602352 30.445068359375 19.2470703125 22.636851917613637 11
70 0.7 21.629150390625 2.0092109021599147 30.445068359375 18.781982421875 22.091901506696427 14
80 0.4 20.01312255859375 1.9320842081239968 30.445068359375 18.294189453125 21.93765113467262 21
90 0.8 32.275177001953125 18.892618965222894 79.36181640625 18.294189453125 21.6297265625 25
100 0.5 51.30302734375 35.74290834707643 97.093994140625 18.294189453125 24.210441820549242 33
110 0.8 35.59515380859375 19.170613077035654 97.093994140625 18.294189453125 27.77525570518092 38
120 0.5 32.576806640625 12.065277959322685 97.093994140625 18.294189453125 29.135237984035324 46
130 0.9 32.355685763888886 11.995201727987919 97.093994140625 18.294189453125 29.472646675857842 51
140 1.2 47.091756184895836 25.995877748167278 101.5380859375 18.294189453125 29.9051025390625 60
150 1.6 108.57275390625 38.34951171833424 166.7109375 18.294189453125 32.76954481336806 72
160 2.1 250.4494163876488 118.84403410269677 544.515869140625 18.294189453125 46.55194646661932 88
170 2.1 542.7098330543155 297.48116494206755 974.34814453125 0.775146484375 85.83494525874427 109
180 3.7 505.2269122149493 379.0869288393395 974.34814453125 0.697021484375 159.63781174879807 130
190 4.9 395.3210299744898 392.81504481632874 995.992919921875 0.697021484375 236.20545676225674 167
200 4.4 557.6767023259944 233.8950406814323 995.992919921875 0.697021484375 272.30111920392073 216
210 5.4 451.64473922164353 274.25936484393 995.992919921875 0.697021484375 320.59544865534855 260
220 4.4 497.32991166548294 434.26406879139716 2563.574951171875 0.697021484375 343.13258779732286 314
230 4.6 416.0023193359375 269.75083490110495 2563.574951171875 0.697021484375 362.0842141945269 358
240 4.9 438.78714425223217 120.52659042364336 2563.574951171875 0.697021484375 368.2234043838954 404
250 4.9 238.4989387356505 103.31598291008125 2563.574951171875 0.697021484375 375.8561267979098 453
260 3.5 36.31142578125001 31.63799614612822 2563.574951171875 0.697021484375 362.4487518675299 502
270 1.6 21.825347900390625 11.29290010796088 2563.574951171875 0.697021484375 341.19212912447625 537
280 0.7 24.907470703125 13.1732812566179 2563.574951171875 0.697021484375 331.9518605899638 553
290 0.4 17.13421630859375 6.883173023560937 2563.574951171875 0.697021484375 328.11380571637835 560
300 0.4 21.00555419921875 3.4733016907546395 2563.574951171875 0.697021484375 325.90827671348626 564
310 0.2 20.611083984375 0.08203125 2563.574951171875 0.697021484375 323.76107444225903 568
320 0 0 0 2563.574951171875 0.697021484375 322.6973902652138 570
330 0 0 0 2563.574951171875 0.697021484375 322.6973902652138 570
340 0 0 0 2563.574951171875 0.697021484375 322.6973902652138 570
350 0 0 0 2563.574951171875 0.697021484375 322.6973902652138 570
360 0 0 0 2563.574951171875 0.697021484375 322.6973902652138 570
370 0 0 0 2563.574951171875 0.697021484375 322.6973902652138 570
380 0 0 0 2563.574951171875 0.697021484375 322.6973902652138 570
390 0 0 0 2563.574951171875 0.697021484375 322.6973902652138 570
400 0 0 0 2563.574951171875 0.697021484375 322.6973902652138 570
410 0 0 0 2563.574951171875 0.697021484375 322.6973902652138 570
420 0 0 0 2563.574951171875 0.697021484375 322.6973902652138 570
422 0 0 0 2563.574951171875 0.697021484375 322.6973902652138 570
