0 0.7 7
10 3 37
20 5 87
30 6.5 152
40 10.5 257
50 10.7 364
60 12.9 493
70 12.7 620
80 16.2 782
90 25.4 1036
100 19.2 1228
110 33 1558
120 46.7 2025
130 55.2 2577
140 65.9 3236
150 78.7 4023
160 94.6 4969
170 108 6049
180 133.5 7384
190 152.6 8910
200 149.5 10405
210 162.1 12026
220 165.7 13683
230 151 15193
240 137 16563
250 120.6 17769
260 140 19169
270 146.2 20631
280 146.7 22098
290 107.3 23171
300 40.2 23573
310 22.7 23800
320 8.9 23889
330 5.8 23947
340 2.3 23970
350 3.4 24004
360 2 24024
368 1.9 24043
