0 0.1 0.0 0 0.0 0.0 0 0
10 0.1 0.0 0.0 0.0 0.0 0.0 1
20 0.1 0.0 0.0 0.0 0.0 0.0 2
30 0.1 0.0 0.0 0.0 0.0 0.0 3
40 0.1 0.0 0.0 0.0 0.0 0.0 4
50 0.1 0.0 0.0 0.0 0.0 0.0 5
60 0.1 0.0 0.0 0.0 0.0 0.0 6
70 0.1 0.0 0.0 0.0 0.0 0.0 7
80 0.1 0.0 0.0 0.0 0.0 0.0 8
90 0.1 0.0 0.0 0.0 0.0 0.0 9
100 0.1 0.0 0.0 0.0 0.0 0.0 10
110 0.1 0.0 0.0 0.0 0.0 0.0 11
120 0.1 0.0 0.0 0.0 0.0 0.0 12
130 0.1 0.0703125 0.0 0.0703125 0.0 0.0 13
140 0.1 0.05859375 0.0 0.0703125 0.0 0.005022321428571429 14
150 0.1 0.12890625 0.0 0.12890625 0.0 0.00859375 15
160 0.1 0.26171875 0.0 0.26171875 0.0 0.01611328125 16
170 0.1 0.21875 0.0 0.26171875 0.0 0.03056066176470588 17
180 0.1 0.33984375 0.0 0.33984375 0.0 0.041015625 18
190 0.1 0.37109375 0.0 0.37109375 0.0 0.05674342105263158 19
200 0.1 0.390625 0.0 0.390625 0.0 0.0724609375 20
210 0.1 0.41015625 0.0 0.41015625 0.0 0.08761160714285714 21
220 0.1 0.33984375 0.0 0.41015625 0.0 0.10227272727272728 22
230 0.1 0.37109375 0.0 0.41015625 0.0 0.11260190217391304 23
240 0.1 0.390625 0.0 0.41015625 0.0 0.12337239583333333 24
250 0.1 0.328125 0.0 0.41015625 0.0 0.1340625 25
260 0.1 0.28125 0.0 0.41015625 0.0 0.14152644230769232 26
270 0.1 0.23828125 0.0 0.41015625 0.0 0.1467013888888889 27
280 0.1 0.19921875 0.0 0.41015625 0.0 0.14997209821428573 28
290 0.1 0.171875 0.0 0.41015625 0.0 0.15167025862068967 29
300 0.1 0.140625 0.0 0.41015625 0.0 0.15234375 30
310 0.1 0.12109375 0.0 0.41015625 0.0 0.15196572580645162 31
320 0.1 0.1015625 0.0 0.41015625 0.0 0.1510009765625 32
330 0.1 0.08984375 0.0 0.41015625 0.0 0.1495028409090909 33
340 0.1 0.1484375 0.0 0.41015625 0.0 0.14774816176470587 34
350 0.1 0.12109375 0.0 0.41015625 0.0 0.14776785714285715 35
360 0.1 0.109375 0.0 0.41015625 0.0 0.1470269097222222 36
368 0.1 0.08984375 0.0 0.41015625 0.0 0.14600929054054054 37
