0 0.7 27.948695591517858 40.54631727491384 127.182861328125 9.64892578125 0 0
10 3 13.841845703125 5.887585178023656 127.182861328125 8.385009765625 27.948695591517858 7
20 5 17.190107421875002 23.71402748747467 170.43115234375 8.22900390625 16.51070919552365 37
30 6.5 18.353241436298084 21.667922759930395 170.43115234375 7.716064453125 16.901167946300287 87
40 10.3 25.924607952821592 43.05497082817392 326.9130859375 7.444091796875 17.52212042557566 152
50 10.5 24.85823800223214 41.375769413536545 326.9130859375 7.330078125 20.91606636795343 255
60 12.5 52.508439453125 133.49456976139936 898.208984375 7.0849609375 22.065866427951388 360
70 12.4 37.89260765814012 122.3853352365699 1273.275146484375 7.0849609375 29.9118904035116 485
80 15.8 26.51287610017802 43.13234983306707 1273.275146484375 7.0849609375 31.536864031711822 609
90 24.8 29.752087993006565 45.94471577842969 1273.275146484375 7.0849609375 30.501935618175523 767
100 18.8 19.75405818858046 30.219581790115765 1273.275146484375 6.830078125 30.31872161714902 1015
110 32.1 93.26546604239681 367.7375714543031 4035.1640625 6.486083984375 28.66771852108012 1203
120 45.5 69.98527054000688 258.83435891322523 4035.1640625 6.486083984375 42.27393699505824 1524
130 53.7 50.73664728090087 168.66575083130118 4035.1640625 6.486083984375 48.645163252234404 1979
140 64.5 49.77165016351745 126.59992614728095 4035.1640625 6.486083984375 49.09155710096012 2516
150 77.2 48.30567987471664 112.2152066320292 4035.1640625 6.486083984375 49.2303296493149 3161
160 92.7 84.3447181347761 199.93021093084724 4093.2939453125 6.486083984375 49.04883215986922 3933
170 105.1 100.70939483787758 232.78919798216452 4225.947021484375 6.486083984375 55.78119559582369 4860
180 130.7 159.0352658984673 236.50974311838223 4225.947021484375 6.486083984375 63.76961335989046 5911
190 148.1 315.60116537996873 364.7587571518867 4225.947021484375 6.486083984375 81.01984997223735 7218
200 145.7 1072.1676366383206 684.4157434661438 4555.214111328125 6.486083984375 120.957190829675 8699
210 187 1772.5087027646637 1051.4424561069459 5683.27294921875 1.195068359375 257.41973706275854 10156
220 294.3 1434.534049694853 1314.8021446734174 6332.114013671875 1.179931640625 493.01065389816205 12026
230 360.2 1118.6216167341988 1250.534902628654 6332.114013671875 1.101806640625 678.1201036830282 14969
240 341.7 1220.9752124745078 1256.8102709193683 6332.114013671875 1.093994140625 763.5590380436075 18571
250 291.8 1468.3374230931925 1255.7398369848167 6332.114013671875 1.093994140625 834.6428595840108 21988
260 276.2 1510.9849800480004 963.9927952752606 6332.114013671875 1.093994140625 908.8868464273332 24906
270 250.7 1349.381123576641 735.2365389748888 6332.114013671875 1.093994140625 968.9922044243075 27668
280 235.7 1006.4165541430774 491.16133405613067 6332.114013671875 1.093994140625 1000.5956847992836 30175
290 182 407.10147973364514 407.9166950953005 6332.114013671875 1.093994140625 1001.0174169105378 32532
300 72 87.69418199327252 154.88393411081213 6332.114013671875 1.093994140625 969.5512139045427 34352
310 25.7 18.476665096060298 12.943785562450003 6332.114013671875 1.093994140625 951.4473970997949 35072
320 14.1 15.814705923093971 7.470214614986118 6332.114013671875 1.093994140625 944.660522913575 35329
330 9.1 17.171829391311814 18.740373006379038 6332.114013671875 1.093994140625 940.9681840301339 35470
340 4 17.582940673828126 7.854228139987682 6332.114013671875 1.093994140625 938.6042047193122 35561
350 4.9 17.99843052455357 6.988234592877776 6332.114013671875 1.093994140625 937.5693784346062 35601
360 1.9 20.46866005345395 5.0931359711518125 6332.114013671875 1.093994140625 936.305452026539 35650
368 1.8 22.28293185763889 9.851356417098096 6332.114013671875 1.093994140625 935.8176082673226 35669
