10 0.1 41 0 41 41 0 0
20 0.1 157.0 0.0 157 41 41.0 1
30 0.1 228.0 0.0 228 41 99.0 2
40 0.1 311.0 0.0 311 41 142.0 3
50 0.1 429.0 0.0 429 41 184.25 4
60 0.1 516.0 0.0 516 41 233.2 5
70 0.1 448.0 0.0 516 41 280.3333333333333 6
80 0.1 571.0 0.0 571 41 304.2857142857143 7
90 0.1 606.0 0.0 606 41 337.625 8
100 0.1 1130.0 0.0 1130 41 367.44444444444446 9
110 0.1 854.0 0.0 1130 41 443.7 10
120 0.1 1.5e3 0.0 1500 41 481.0 11
130 0.1 2359.0 0.0 2359 41 565.9166666666666 12
140 0.1 2417.0 0.0 2417 41 703.8461538461538 13
150 0.1 2907.0 0.0 2907 41 826.2142857142857 14
160 0.1 3670.0 0.0 3670 41 964.9333333333333 15
170 0.1 4981.0 0.0 4981 41 1134.0 16
180 0.1 5533.0 0.0 5533 41 1360.2941176470588 17
190 0.1 7194.0 0.0 7194 41 1592.111111111111 18
200 0.1 8718.0 0.0 8718 41 1886.9473684210527 19
210 0.1 8759.0 0.0 8759 41 2228.5 20
220 0.1 11429.0 0.0 11429 41 2539.4761904761904 21
230 0.1 13247.0 0.0 13247 41 2943.5454545454545 22
240 0.1 14737.0 0.0 14737 41 3391.521739130435 23
250 0.1 11342.0 0.0 14737 41 3864.25 24
260 0.1 11569.0 0.0 14737 41 4163.36 25
270 0.1 12291.0 0.0 14737 41 4448.192307692307 26
280 0.1 13022.0 0.0 14737 41 4738.666666666665 27
290 0.1 12335.0 0.0 14737 41 5034.499999999998 28
300 0.1 5353.0 0.0 14737 41 5286.241379310342 29
310 0.1 1898.0 0.0 14737 41 5288.466666666664 30
320 0.1 486.0 0.0 14737 41 5179.0967741935465 31
330 0.1 578.0 0.0 14737 41 5032.437499999998 32
340 0.1 194.0 0.0 14737 41 4897.454545454544 33
350 0.1 345.0 0.0 14737 41 4759.117647058822 34
360 0.1 172.0 0.0 14737 41 4632.999999999998 35
368 0.1 131.0 0.0 14737 41 4509.083333333332 36
