0 0.7 27.948695591517858 40.54631727491384 127.182861328125 9.64892578125 0 0
10 3 13.841845703125 5.887585178023656 127.182861328125 8.385009765625 27.948695591517858 7
20 5.1 16.851710899203432 22.31966741567995 161.114990234375 8.22900390625 16.51070919552365 37
30 6.6 18.074407404119317 20.79623086935464 161.114990234375 7.338134765625 16.708335182883523 88
40 11.7 22.808230669070515 36.93628771789112 294.361083984375 7.338134765625 17.293794706270294 154
50 12.2 21.38010694159836 36.04778537230209 294.361083984375 5.94091796875 19.674565952202492 271
60 14.2 46.2105351837588 117.04646034687127 842.322998046875 5.94091796875 20.204021424737597 393
70 13.3 35.32510353031016 116.09303620140976 1264.422119140625 5.94091796875 27.10668488974883 535
80 18.6 22.88719259282593 37.97555884444761 1264.422119140625 5.94091796875 28.742986804710892 668
90 29.6 24.666745572476778 39.50847692397386 1264.422119140625 5.94091796875 27.467603053644613 854
100 19.6 18.945833167251276 27.223691036003494 1264.422119140625 5.94091796875 26.746686693274455 1150
110 39 76.99160531850957 329.9222788158031 4006.97705078125 5.94091796875 25.61075259884612 1346
120 54.6 58.12650016812614 233.6566101853849 4006.97705078125 5.93603515625 37.15368610153549 1736
130 63.6 42.81980003500884 153.31979153386845 4006.97705078125 5.93603515625 42.171721369001965 2282
140 76.5 41.94385084763067 113.36601386746624 4006.97705078125 5.93603515625 42.31297497817961 2918
150 90.6 41.14178561111685 101.32385102806059 4006.97705078125 5.93603515625 42.23630379711256 3683
160 108.3 72.17629996429191 176.1006050376056 4093.2939453125 5.93603515625 42.02021456710339 4589
170 123.1 85.94313010890548 202.00400068609056 4225.947021484375 5.93603515625 47.77815541427461 5672
180 149.9 140.09237001099686 196.96799786575005 4225.947021484375 5.93603515625 54.58404906183228 6903
190 167 282.5742292758236 294.3088073203739 4225.947021484375 5.93603515625 69.83958025711884 8402
200 165.5 961.5561200375286 498.2393132799477 4225.947021484375 5.93603515625 105.11230303921147 10072
210 206.6 1621.1387612120354 805.0935450796894 4225.947021484375 1.088134765625 225.97991770043896 11727
220 330.3 1280.4760904060947 1106.1548324618025 4225.947021484375 1.088134765625 434.95535239158363 13793
230 411.8 980.3250427690731 1047.4981131878133 4225.947021484375 1.088134765625 598.3125703175272 17096
240 399.7 1060.307915201537 1023.9060707283433 4225.947021484375 1.088134765625 672.4677207632454 21214
250 351.4 1204.4748528903401 923.5728329505476 4225.947021484375 1.088134765625 733.9566445334192 25211
260 338.8 1228.0917115554873 667.911517187169 4225.947021484375 1.088134765625 791.5162958533921 28725
270 317.1 1056.9369712981186 440.1576211941508 4225.947021484375 1.088134765625 837.5760694154604 32113
280 309 757.8224965709686 251.26957522016212 4225.947021484375 1.088134765625 857.2902010295039 35284
290 246.9 290.6303491418593 257.6917457159237 4225.947021484375 1.088134765625 849.280736111151 38374
300 97.7 61.72604348251979 104.31244802343328 4225.947021484375 1.088134765625 815.5097642083235 40843
310 34.1 13.891590107221402 10.223435799913064 4225.947021484375 1.088134765625 797.8998480163315 41820
320 19.5 11.402501502403844 5.588201593490155 4225.947021484375 1.088134765625 791.5587551592597 42161
330 12.8 12.175037384033203 14.914076377255578 4225.947021484375 1.088134765625 787.9670451426603 42356
340 5.8 12.089477539062498 4.774125765720042 4225.947021484375 1.088134765625 785.6296621986554 42484
350 7.5 11.716282552083333 6.05072889069484 4225.947021484375 1.088134765625 784.5750495638414 42542
360 2.9 13.365007071659482 6.4294106298199445 4225.947021484375 1.088134765625 783.2149254930274 42617
368 2.7 14.811867042824074 9.256573677489968 4225.947021484375 1.088134765625 782.6914145509878 42646
