0 2.51328125 2.51328125
10 15.26640625 17.7796875
20 30.2875 48.0671875
30 36.29921875 84.36640625
40 82.66171875 167.028125
50 83.6578125 250.6859375
60 98.8421875 349.528125
70 88.41171875 437.93984375
80 134.046875 571.98671875
90 213.20078125 785.1875
100 121.33671875 906.52421875
110 279.28359375 1185.8078125
120 377.6875 1563.4953125
130 435.42890625 1998.92421875
140 550.81953125 2549.74375
150 628.91796875 3178.66171875
160 744.88984375 3923.5515625
170 854.565625 4778.1171875
180 1000.06015625 5778.17734375
190 1106.5359375 6884.71328125
200 1182.10234375 8066.815625
210 1325.50859375 9392.32421875
220 1956.525 11348.84921875
230 2477.14921875 13825.9984375
240 2625.47734375 16451.47578125
250 2507.175 18958.65078125
260 2459.19453125 21417.8453125
270 2357.50390625 23775.34921875
280 2337.59921875 26112.9484375
290 1883.74296875 27996.69140625
300 762.875 28759.56640625
310 269.8796875 29029.44609375
320 158.29296875 29187.7390625
330 105.671875 29293.4109375
340 48.84140625 29342.25234375
350 64.09453125 29406.346875
360 23.96328125 29430.31015625
368 22.8234375 29453.13359375
