50 0.2 18.655029296875 0.949951171875 19.60498046875 17.705078125 0 0
60 0.2 17.5360107421875 1.0570068359375 19.60498046875 16.47900390625 18.655029296875 2
70 0 0 0 19.60498046875 16.47900390625 18.09552001953125 4
80 0 0 0 19.60498046875 16.47900390625 18.09552001953125 4
90 0 0 0 19.60498046875 16.47900390625 18.09552001953125 4
100 0 0 0 19.60498046875 16.47900390625 18.09552001953125 4
110 0.5 47.157421875 36.61838267940192 96.661865234375 16.26806640625 18.09552001953125 4
120 0.1 39.00390625 0.0 96.661865234375 16.26806640625 34.24102105034722 9
130 0.8 75.765869140625 108.87044479484935 348.402099609375 16.26806640625 34.7173095703125 10
140 0.3 19.966715494791668 4.95111425175221 348.402099609375 16.152099609375 52.96111382378472 18
150 0.9 283.75965711805554 218.65741823160988 642.364990234375 16.152099609375 48.247628348214285 21
160 0.7 75.96693638392857 82.38658222020926 642.364990234375 16.152099609375 118.90123697916667 30
170 0.7 85.454345703125 77.4568292175122 642.364990234375 16.152099609375 110.77853146114865 37
180 1.2 266.52235921223956 214.48596079416657 663.52099609375 16.0791015625 106.74968372691761 44
190 1.4 456.28050013950894 269.2030010287702 907.77001953125 16.0791015625 140.98668561662947 56
200 2.2 962.2256081321023 342.4967026779285 1562.63916015625 16.0791015625 204.04544852120534 70
210 1.2 1389.1929728190105 927.6764806158891 2613.220947265625 1.90185546875 385.3493997325068 92
220 2.3 1299.2619204313858 1055.0460724896463 2812.48193359375 1.722900390625 501.17750431941107 104
230 3.3 571.930908203125 937.3926571414346 2812.48193359375 1.364013671875 645.7124773160679 127
240 2.9 919.488037109375 964.9245336203974 2812.48193359375 1.244873046875 630.4950286865235 160
250 5.2 1408.1585129957932 815.2528223874954 2812.48193359375 1.244873046875 674.8378712487599 189
260 5.4 1252.4558874059612 607.0331561651855 2812.48193359375 1.244873046875 833.0647317087007 241
270 3.7 1156.2373706714527 405.2494806513822 2812.48193359375 1.244873046875 909.8346381753178 295
280 2.5 741.99642578125 261.23905330897696 2812.48193359375 1.244873046875 937.2951836643449 332
290 1.2 327.31492106119794 286.01750794812574 2812.48193359375 1.244873046875 923.6188000590861 357
300 0.8 45.745361328125 70.8553645047349 2812.48193359375 1.244873046875 904.2268039941141 369
310 0.4 25.46624755859375 5.276930640729951 2812.48193359375 1.244873046875 886.0096911523956 377
320 0 0 0 2812.48193359375 1.244873046875 876.9751143167651 381
330 0 0 0 2812.48193359375 1.244873046875 876.9751143167651 381
340 0.1 8.360107421875 0.0 2812.48193359375 1.244873046875 876.9751143167651 381
350 0 0 0 2812.48193359375 1.244873046875 874.7012530421712 382
360 0 0 0 2812.48193359375 1.244873046875 874.7012530421712 382
368 0 0 0 2812.48193359375 1.244873046875 874.7012530421712 382
