0 0.2 13.1634521484375 2.1644287109375 15.327880859375 10.9990234375 0 0
10 0.4 12.9732666015625 1.4242056357930324 15.327880859375 10.615966796875 13.1634521484375 2
20 0.6 15.8148193359375 13.304527247963279 45.5390625 9.090087890625 13.036661783854166 6
30 0.6 27.291300455729168 19.60717378215699 59.1689453125 9.090087890625 14.425740559895834 12
40 0.8 12.611602783203125 2.680628515226717 59.1689453125 8.93994140625 18.71426052517361 18
50 0.3 12.666422526041666 0.735321255943534 59.1689453125 8.93994140625 16.836519681490383 26
60 1.1 18.37784090909091 16.757509858562024 69.657958984375 8.47900390625 16.405130320581893 29
70 0.9 11.306233723958334 1.198369772537877 69.657958984375 8.47900390625 16.947625732421873 40
80 0.6 11.755208333333334 1.598673717503911 69.657958984375 8.47900390625 15.911451690051019 49
90 1.2 20.915629069010418 28.261754205564767 114.468994140625 8.47900390625 15.458043323863635 55
100 0.9 12.198133680555555 2.8793978665695406 114.468994140625 8.47900390625 16.435521367770523 67
110 1.7 14.847196691176471 6.799729545373875 114.468994140625 8.323974609375 15.933725457442435 76
120 2.4 30.051249186197918 37.64895764219474 178.14208984375 8.243896484375 15.735112672211022 93
130 3.2 23.10393524169922 26.529297689462595 178.14208984375 8.243896484375 18.671756059695515 117
140 3.2 19.82758331298828 16.335916061211066 178.14208984375 8.123046875 19.623633467911073 149
150 4.3 29.63206304505814 37.597654470317124 209.779052734375 8.111083984375 19.659690899084946 181
160 5.5 49.23605291193182 56.622343005248545 237.23193359375 8.111083984375 21.57403019496373 224
170 6 42.22164713541667 42.89681372441103 237.23193359375 8.111083984375 27.027117110495073 279
180 8.1 127.37976827739197 149.22764834297033 671.363037109375 8.111083984375 29.716414460038717 339
190 9.1 246.60082471239699 244.72956443007675 909.6279296875 8.111083984375 48.5514898390997 420
200 10 890.5834301757812 429.3680381191594 1975.992919921875 8.111083984375 83.82054947407045 511
210 13.8 1595.0993970788043 773.8842462391809 2883.267822265625 1.257080078125 215.86030081641263 611
220 23 1377.4511071246607 1071.9195651599682 2885.61279296875 1.257080078125 469.9791196204314 749
230 23.6 904.7710126456568 1016.8101111727682 2885.61279296875 1.257080078125 683.1747857348059 979
240 20 1022.3826818847656 992.661781738734 2885.61279296875 1.184814453125 726.2173450360083 1215
250 3.1 1408.1390262726813 931.421107499354 2885.61279296875 1.184814453125 768.078170032299 1415
260 0.5 1578.642626953125 320.05099891659574 2885.61279296875 1.184814453125 781.8000832712007 1446
270 0 0 0 2885.61279296875 1.184814453125 784.5459224982233 1451
280 0 0 0 2885.61279296875 1.184814453125 784.5459224982233 1451
290 0 0 0 2885.61279296875 1.184814453125 784.5459224982233 1451
300 0 0 0 2885.61279296875 1.184814453125 784.5459224982233 1451
310 0 0 0 2885.61279296875 1.184814453125 784.5459224982233 1451
320 0 0 0 2885.61279296875 1.184814453125 784.5459224982233 1451
330 0 0 0 2885.61279296875 1.184814453125 784.5459224982233 1451
340 0 0 0 2885.61279296875 1.184814453125 784.5459224982233 1451
350 0 0 0 2885.61279296875 1.184814453125 784.5459224982233 1451
360 0 0 0 2885.61279296875 1.184814453125 784.5459224982233 1451
368 0 0 0 2885.61279296875 1.184814453125 784.5459224982233 1451
