0 0.1 10.346923828125 0 10.346923828125 10.346923828125 0 0
10 0.5 12.05419921875 2.1021367986538166 14.760009765625 8.444091796875 10.346923828125 1
20 0.6 9.583089192708334 1.2097277159529007 14.760009765625 8.3291015625 11.7696533203125 6
30 0.4 13.8575439453125 2.346262414911599 16.828125 8.3291015625 10.676371256510416 12
40 1 13.714208984375 9.961762551160598 43.386962890625 8.31689453125 11.471664428710938 16
50 0.1 11.362060546875 0.0 43.386962890625 8.31689453125 12.334181565504808 26
60 1 37.7129150390625 73.71550243233192 258.398193359375 8.22998046875 12.298177083333334 27
70 1 20.2950927734375 26.835871905128684 258.398193359375 8.22998046875 19.16702517947635 37
80 0.6 15.581217447916666 7.804594812191782 258.398193359375 8.22998046875 19.407039561170212 47
90 1.2 37.973612467447914 78.66127715917584 297.754150390625 8.22998046875 18.973927623820753 53
100 1 11.37880859375 3.3838085024496825 297.754150390625 8.052978515625 22.481561748798075 65
110 1.4 34.19590541294643 67.315769965742 297.754150390625 8.052978515625 21.00119466145833 75
120 2.1 27.636207217261905 35.766886139021246 297.754150390625 8.052978515625 23.076767139220507 89
130 3.5 16.450411551339286 19.574018952568018 297.754150390625 8.052978515625 23.947205699573864 110
140 3 35.1197509765625 83.19962322622693 466.958984375 8.052978515625 22.13763469827586 145
150 3.7 21.51414036106419 21.45416737202684 466.958984375 8.031982421875 24.363140345982142 175
160 5.2 45.683128943810075 55.9608207575871 466.958984375 8.031982421875 23.865909216538917 212
170 6 52.31636149088542 59.618150612857285 466.958984375 7.871826171875 28.163240374940813 264
180 8.3 139.52353162650604 165.1514906567844 680.04296875 7.708984375 32.63604058159722 324
190 8.6 245.64953613281247 230.73877253398328 997.73388671875 7.708984375 54.433735315571255 407
200 8.4 959.445062546503 461.8779567965014 2144.26611328125 7.708984375 87.78983850072896 493
210 11.6 1456.4982931202856 856.3412206746935 2924.4990234375 1.5341796875 214.68591964430783 577
220 22.6 1319.8870115026964 1077.006962474576 2924.4990234375 1.369873046875 422.5506170804022 693
230 22.3 896.399219187921 992.0648347760948 2924.4990234375 1.175048828125 643.2231145117825 919
240 23.8 998.1811205439207 1003.4754123238447 2924.4990234375 1.175048828125 692.6611804861948 1142
250 6.3 1288.9975043402778 877.835597160713 2924.4990234375 1.175048828125 745.352300583107 1380
260 0.7 1377.230712890625 625.8788114455102 2924.4990234375 1.175048828125 769.0873302689708 1443
270 0.1 1223.650146484375 0.0 2924.4990234375 1.175048828125 772.0231948747306 1450
280 0 0 0 2924.4990234375 1.175048828125 772.3344470812156 1451
290 0 0 0 2924.4990234375 1.175048828125 772.3344470812156 1451
300 0 0 0 2924.4990234375 1.175048828125 772.3344470812156 1451
310 0 0 0 2924.4990234375 1.175048828125 772.3344470812156 1451
320 0 0 0 2924.4990234375 1.175048828125 772.3344470812156 1451
330 0 0 0 2924.4990234375 1.175048828125 772.3344470812156 1451
340 0 0 0 2924.4990234375 1.175048828125 772.3344470812156 1451
350 0 0 0 2924.4990234375 1.175048828125 772.3344470812156 1451
360 0 0 0 2924.4990234375 1.175048828125 772.3344470812156 1451
368 0 0 0 2924.4990234375 1.175048828125 772.3344470812156 1451
