10 0.3 12.173421223958334 2.875659731022059 15.97412109375 9.02001953125 0 0
20 0.6 10.347981770833334 1.055825593493966 15.97412109375 8.870849609375 12.173421223958334 3
30 0.2 16.4954833984375 7.3455810546875 23.841064453125 8.870849609375 10.956461588541666 9
40 0.6 15.532511393229166 4.632225253321978 23.841064453125 8.870849609375 11.963556463068182 11
50 0.5 9.927978515625 1.2557971897421258 23.841064453125 8.114013671875 13.223187614889707 17
60 0.8 17.28851318359375 16.940601842019465 61.760986328125 8.114013671875 12.474276455965908 22
70 1.2 20.314778645833332 20.005969278879352 85.10009765625 8.114013671875 13.758072916666666 30
80 0.5 10.24306640625 1.5415280927634138 85.10009765625 7.5771484375 15.631417410714286 42
90 1.1 14.683682528409092 9.140080176982648 85.10009765625 7.239990234375 15.058188580452128 47
100 0.8 10.433135986328125 1.1477367925816453 85.10009765625 7.239990234375 14.987161570581897 58
110 1.5 13.8580078125 8.557470628875782 85.10009765625 7.239990234375 14.435158469460227 66
120 1.8 29.55535210503472 31.671565520775147 137.089111328125 7.239990234375 14.328278718171296 81
130 2 14.02691650390625 10.268058766730409 137.089111328125 7.239990234375 17.096837515782827 99
140 3.9 22.47352013221154 21.687748121470403 137.089111328125 7.239990234375 16.580884404543067 119
150 2.6 32.94136868990385 63.83674585900333 309.4150390625 7.239990234375 18.035395755043513 158
160 4.9 40.70698142538265 53.746148539374516 309.4150390625 7.239990234375 20.141674539317254 184
170 4.7 44.978422124335104 62.75279252294921 342.303955078125 7.138916015625 24.466567403768778 233
180 5.6 123.42503138950893 146.40192921408305 724.74609375 7.138916015625 27.90962873186384 280
190 8.1 225.0080656828704 217.01961583584256 724.74609375 7.004150390625 43.82886250813802 336
200 8.7 887.7886022808908 461.43834945420326 2027.885986328125 7.004150390625 79.02194513920114 417
210 9.3 1463.2493778351813 835.3100609485487 2932.919921875 1.323974609375 218.63047524104041 504
220 15.9 1082.3611622936323 1079.7857566008186 2932.919921875 1.27294921875 412.5158319265599 597
230 20.8 1000.6500819279591 986.5288640346241 2932.919921875 1.27294921875 553.3960006148727 756
240 22.5 1052.850112847222 993.9382064251588 2932.919921875 1.170166015625 649.8989559189412 964
250 17.6 1282.5112054998224 860.4645422676408 2932.919921875 1.170166015625 726.1512774570934 1189
260 6.4 1280.5640106201172 599.6534718197665 2932.919921875 1.170166015625 797.8870630508812 1365
270 1.3 916.8202561598557 149.34630922185846 2932.919921875 1.170166015625 819.5045050693775 1429
280 0.5 718.887451171875 136.0570473827341 2932.919921875 1.170166015625 820.381831535519 1442
290 0.3 555.9833984375 104.39920472796615 2932.919921875 1.170166015625 820.0311253144976 1447
300 0.1 12.05615234375 0.0 2932.919921875 1.170166015625 819.484819672683 1450
310 0 0 0 2932.919921875 1.170166015625 818.9283560838967 1451
320 0 0 0 2932.919921875 1.170166015625 818.9283560838967 1451
330 0 0 0 2932.919921875 1.170166015625 818.9283560838967 1451
340 0 0 0 2932.919921875 1.170166015625 818.9283560838967 1451
350 0 0 0 2932.919921875 1.170166015625 818.9283560838967 1451
360 0 0 0 2932.919921875 1.170166015625 818.9283560838967 1451
368 0 0 0 2932.919921875 1.170166015625 818.9283560838967 1451
