40 0.1 18.558837890625 0 18.558837890625 18.558837890625 0 0
50 0.1 15.995849609375 0.0 18.558837890625 15.995849609375 18.558837890625 1
60 0.1 34.34619140625 0.0 34.34619140625 15.995849609375 17.27734375 2
70 0 0 0 34.34619140625 15.995849609375 22.966959635416668 3
80 0.2 29.2960205078125 8.5321044921875 37.828125 15.995849609375 22.966959635416668 3
90 0.4 16.658447265625 1.5097189694952216 37.828125 15.110107421875 25.498583984375 5
100 0 0 0 37.828125 15.110107421875 21.56963433159722 9
110 0.5 38.3423828125 36.869806039808005 111.447021484375 14.0849609375 21.56963433159722 9
120 0.7 16.035051618303573 2.858852743350036 111.447021484375 13.733154296875 27.559901646205358 14
130 0.8 39.803619384765625 15.942759425313797 111.447021484375 13.733154296875 23.718284970238095 21
140 1 38.2935791015625 33.980271315228556 122.7060546875 13.733154296875 28.155618601831897 29
150 1.2 35.01318359375 17.44803695599289 122.7060546875 13.733154296875 30.755095653044872 39
160 1.4 60.798671177455354 61.1928189309861 224.240966796875 13.733154296875 31.756998697916668 51
170 1 84.02783203125 74.89467718637121 260.193115234375 13.733154296875 38.012128155048075 65
180 1.4 95.07388741629464 88.87763802925771 291.554931640625 13.733154296875 44.147555338541665 75
190 1.7 310.35578469669116 217.69310784325964 697.929931640625 13.733154296875 52.15843903616573 89
200 1.1 872.0918412642045 455.0865699870466 1591.7080078125 13.733154296875 93.56744730247641 106
210 2.6 1877.7640662560095 493.8886335987152 2883.134033203125 13.733154296875 166.76204844417734 117
220 1.7 1135.5322409237133 1215.6838817079476 2896.322021484375 1.9580078125 477.853324409965 143
230 4.5 992.5776475694446 1026.2188661428747 2896.322021484375 1.8720703125 547.7317092895507 160
240 3.9 1184.1892465444712 1001.3691021212727 2896.322021484375 1.8720703125 645.3808176924542 205
250 5.9 1085.723227290784 904.4126191516461 2896.322021484375 1.60595703125 731.5018370581455 244
260 6.1 1051.5114065701844 733.9271277902842 2896.322021484375 1.60595703125 800.475639116646 303
270 6.2 1072.5370975617448 339.9130369250759 2896.322021484375 1.60595703125 842.5448199261676 364
280 4.2 816.6742059616815 212.92154757810616 2896.322021484375 1.60595703125 876.0178744177305 426
290 3.6 263.01893446180554 269.3868612707971 2896.322021484375 1.60595703125 870.6921605819313 468
300 2.1 23.455798921130953 42.708821593503686 2896.322021484375 1.60595703125 827.2869301447794 504
310 0.9 19.06296115451389 6.058474260932117 2896.322021484375 1.60595703125 795.1336848958334 525
320 0.6 13.7974853515625 6.202952461421478 2896.322021484375 1.60595703125 782.0538412372719 534
330 0.4 16.5093994140625 4.017226662328068 2896.322021484375 1.60595703125 773.5176595052085 540
340 0.2 16.6904296875 5.508544921875 2896.322021484375 1.60595703125 767.9514222986559 544
350 0.3 17.121907552083332 5.907513149806658 2896.322021484375 1.60595703125 765.1995505308495 546
360 0.1 16.867919921875 0.0 2896.322021484375 1.60595703125 761.1116945582879 549
368 0.1 19.0810546875 0.0 2896.322021484375 1.60595703125 759.758524058949 550
