20 0.1 12.181884765625 0 12.181884765625 12.181884765625 0 0
30 0 0 0 12.181884765625 12.181884765625 12.181884765625 1
40 0.2 51.739501953125 37.095458984375 88.8349609375 12.181884765625 12.181884765625 1
50 0.2 12.324951171875 2.33203125 88.8349609375 9.992919921875 38.553629557291664 3
60 0.1 10.498046875 0.0 88.8349609375 9.992919921875 28.062158203125 5
70 0.1 10.545166015625 0.0 88.8349609375 9.992919921875 25.134806315104168 6
80 0.6 25.8992919921875 27.162034193422095 88.8349609375 9.992919921875 23.050571986607142 7
90 0.6 19.5960693359375 19.862852660324922 88.8349609375 9.876953125 24.36536583533654 13
100 0.2 14.4749755859375 0.0150146484375 88.8349609375 9.876953125 22.85927220394737 19
110 0.8 45.95452880859375 24.55393037552692 91.007080078125 9.876953125 22.060767764136905 21
120 0.7 37.051583426339285 38.83992458782695 124.593994140625 9.2041015625 28.65215012122845 29
130 0.9 28.431260850694443 33.19761146516657 124.593994140625 9.069091796875 30.28537326388889 36
140 2 30.93880615234375 24.812091837400718 124.593994140625 9.069091796875 29.91455078125 45
150 1.3 22.212552584134617 14.956311099954034 124.593994140625 9.069091796875 30.229706280048077 65
160 1.2 42.468404134114586 40.349960453948135 151.5419921875 9.069091796875 28.893513997395832 78
170 1.1 60.83884499289773 72.19101014687298 256.870849609375 9.0458984375 30.703499348958335 90
180 2.3 91.0171535326087 133.18098581150684 644.31005859375 9.0458984375 33.98556669631807 101
190 2.4 258.6505940755208 217.29140363484842 791.924072265625 9.0458984375 44.564006190146166 124
200 2.9 953.6619746767242 469.375238755948 1881.93896484375 9.0458984375 79.28075017155828 148
210 3.6 1662.943122016059 679.2476012477455 2619.791015625 1.569091796875 222.54095079669844 177
220 4.3 1219.6914914153342 1091.1696354769324 2619.791015625 1.569091796875 465.9892050872946 213
230 7.3 962.5306680757706 983.0955199354587 2619.791015625 1.426025390625 592.5876359939575 256
240 6.6 816.902695164536 930.9023077920453 2619.791015625 1.15087890625 674.6722601336911 329
250 7 1344.3699323381697 855.244837061013 2619.791015625 1.15087890625 698.4373454806171 395
260 5.3 1383.5350641214623 652.7113339419446 2619.791015625 1.15087890625 795.674509093582 465
270 2 1167.5517944335938 359.2343216455477 2619.791015625 1.15087890625 855.8224037199867 518
280 0.7 837.3603166852679 292.7429137955278 2619.791015625 1.15087890625 867.4108569063661 538
290 0.3 168.23543294270834 187.33267746204737 2619.791015625 1.15087890625 867.0248866649943 545
300 0 0 0 2619.791015625 1.15087890625 863.1993969548357 548
310 0.2 11.7230224609375 2.3380126953125 2619.791015625 1.15087890625 863.1993969548357 548
320 0 0 0 2619.791015625 1.15087890625 860.1031192294034 550
330 0 0 0 2619.791015625 1.15087890625 860.1031192294034 550
340 0.1 19.43505859375 0.0 2619.791015625 1.15087890625 860.1031192294034 550
350 0 0 0 2619.791015625 1.15087890625 858.577405870718 551
360 0 0 0 2619.791015625 1.15087890625 858.577405870718 551
368 0 0 0 2619.791015625 1.15087890625 858.577405870718 551
