40 0.8 10.5523681640625 0.20943491491249486 10.85595703125 10.2060546875 0 0
50 0.8 10.24761962890625 3.7788291577663062 20.197021484375 8.43701171875 10.5523681640625 8
60 0.8 14.312530517578125 2.1110177334655322 20.197021484375 8.43701171875 10.399993896484375 16
70 0 0 0 20.197021484375 8.43701171875 11.704172770182291 24
80 1.6 13.43701171875 4.512078406295595 26.885986328125 8.4189453125 11.704172770182291 24
90 3.2 14.961242675781252 9.282664692916669 44.97509765625 8.4189453125 12.397308349609375 40
100 0 0 0 44.97509765625 8.4189453125 13.536834716796875 72
110 3.6 31.72814263237846 54.63653548426637 308.304931640625 8.4189453125 13.536834716796875 72
120 6 27.40024820963542 32.215176507843694 308.304931640625 8.408935546875 19.600604021990737 108
130 6.4 28.84665679931641 28.932119331351156 308.304931640625 8.408935546875 22.38619123186384 168
140 8 28.737756347656244 27.79784146529938 308.304931640625 8.390869140625 24.168388629781788 232
150 9.2 22.217080821161677 31.880902199988142 308.304931640625 8.390869140625 25.340021377954727 312
160 9.6 30.606150309244793 33.12835234961577 308.304931640625 8.390869140625 24.628856696704826 404
170 10 62.76095458984378 57.61402206827768 323.5419921875 8.390869140625 25.7764970703125 500
180 9.7 89.33511446923325 102.36473264818102 444.923095703125 8.390869140625 31.940573323567715 600
190 6.8 154.2705616670496 142.74848155383427 598.688232421875 8.390869140625 39.928048920597206 697
200 6.2 774.7466804750505 506.443297043318 1905.6669921875 8.390869140625 50.091827831392976 765
210 3.8 1670.2166812294408 639.597133744319 2439.9921875 1.662841796875 104.41903564748337 827
220 14.8 895.7589523727829 1088.5909278132278 2866.634033203125 1.22412109375 173.20552181177746 865
230 21 918.0603294735863 1019.0308664119198 2866.634033203125 1.180908203125 278.77107731328664 1013
240 26.7 907.1425077174042 976.0539170501896 2866.634033203125 1.1630859375 388.542739581204 1223
250 28.8 1070.5814319186738 887.7493007862755 2866.634033203125 1.158935546875 481.47303360292574 1490
260 39.2 1049.1896050900818 695.2399593851741 2866.634033203125 1.158935546875 576.8966661760054 1778
270 50.9 1003.3229716662588 409.5591529904505 2866.634033203125 1.158935546875 662.2141003024193 2170
280 67.1 736.8770277134176 241.22961128664366 2866.634033203125 1.158935546875 727.0235125921521 2679
290 61.5 293.7580455252794 244.52245436599023 2866.634033203125 1.158935546875 728.9971569642025 3350
300 23.5 67.58536922373673 108.87236759039037 2866.634033203125 1.158935546875 661.4884423273961 3965
310 7.2 13.015482584635414 5.456748653008571 2866.634033203125 1.158935546875 628.2581513323104 4200
320 4.8 9.963821411132813 3.46329746114048 2866.634033203125 1.158935546875 617.8888928702709 4272
330 3.2 9.355934143066404 2.4416550176598766 2866.634033203125 1.158935546875 611.1341698540583 4320
340 1.6 11.849716186523438 3.9675982138434627 2866.634033203125 1.158935546875 606.7093298855951 4352
350 2.3 9.481700067934783 3.5467732996906545 2866.634033203125 1.158935546875 604.5303569416425 4368
360 0.9 12.354085286458334 4.371257064930469 2866.634033203125 1.158935546875 601.4134999368382 4391
368 0.8 10.845794677734375 1.0212193901201894 2866.634033203125 1.158935546875 600.2086056795988 4400
