0 0.1 3170.75 0 3170.75 3170.75 0 0
10 0.1 3170.40625 0.0 3170.75 3170.40625 3170.75 1
20 0.1 3169.703125 0.0 3170.75 3169.703125 3170.578125 2
30 0.1 3167.875 0.0 3170.75 3167.875 3170.2864583333335 3
40 0.1 3166.99609375 0.0 3170.75 3166.99609375 3169.68359375 4
50 0.1 3161.484375 0.0 3170.75 3161.484375 3169.14609375 5
60 0.1 3158.2109375 0.0 3170.75 3158.2109375 3167.869140625 6
70 0.1 3157.15234375 0.0 3170.75 3157.15234375 3166.4893973214284 7
80 0.1 3156.80859375 0.0 3170.75 3156.80859375 3165.322265625 8
90 0.1 3153.796875 0.0 3170.75 3153.796875 3164.3763020833335 9
100 0.1 3154.90625 0.0 3170.75 3153.796875 3163.318359375 10
110 0.1 3150.75 0.0 3170.75 3150.75 3162.553622159091 11
120 0.1 3141.49609375 0.0 3170.75 3141.49609375 3161.5699869791665 12
130 0.1 3137.85546875 0.0 3170.75 3137.85546875 3160.025841346154 13
140 0.1 3126.20703125 0.0 3170.75 3126.20703125 3158.4422433035716 14
150 0.1 3113.9140625 0.0 3170.75 3113.9140625 3156.2932291666666 15
160 0.1 3100.2890625 0.0 3170.75 3100.2890625 3153.64453125 16
170 0.1 3085.046875 0.0 3170.75 3085.046875 3150.505974264706 17
180 0.1 3071.546875 0.0 3170.75 3071.546875 3146.8693576388887 18
190 0.1 3046.96875 0.0 3170.75 3046.96875 3142.9050164473683 19
200 0.1 3007.85546875 0.0 3170.75 3007.85546875 3138.108203125 20
210 0.1 2964.1171875 0.0 3170.75 2964.1171875 3131.905691964286 21
220 0.1 2942.46484375 0.0 3170.75 2942.46484375 3124.2789417613635 22
230 0.1 2932.66015625 0.0 3170.75 2932.66015625 3116.373980978261 23
240 0.1 2923.3359375 0.0 3170.75 2923.3359375 3108.71923828125 24
250 0.1 2945.37109375 0.0 3170.75 2923.3359375 3101.30390625 25
260 0.1 2963.01953125 0.0 3170.75 2923.3359375 3095.3064903846152 26
270 0.1 2994.1875 0.0 3170.75 2923.3359375 3090.4069733796296 27
280 0.1 3037.078125 0.0 3170.75 2923.3359375 3086.9705636160716 28
290 0.1 3063.68359375 0.0 3170.75 2923.3359375 3085.250134698276 29
300 0.1 3070.41796875 0.0 3170.75 2923.3359375 3084.53125 30
310 0.1 3084.41015625 0.0 3170.75 2923.3359375 3084.0759828629034 31
320 0.1 3084.34375 0.0 3170.75 2923.3359375 3084.08642578125 32
330 0.1 3085.171875 0.0 3170.75 2923.3359375 3084.0942234848485 33
340 0.1 3093.67578125 0.0 3170.75 2923.3359375 3084.125919117647 34
