10 0.1 109 0 109 109 0 0
20 0.1 189.0 0.0 189 109 109.0 1
30 0.1 276.0 0.0 276 109 149.0 2
40 0.1 213.0 0.0 276 109 191.33333333333334 3
50 0.1 588.0 0.0 588 109 196.75 4
60 0.1 495.0 0.0 588 109 275.0 5
70 0.1 866.0 0.0 866 109 311.6666666666667 6
80 0.1 907.0 0.0 907 109 390.85714285714283 7
90 0.1 1213.0 0.0 1213 109 455.375 8
100 0.1 1282.0 0.0 1282 109 539.5555555555555 9
110 0.1 1213.0 0.0 1282 109 613.8 10
120 0.1 1859.0 0.0 1859 109 668.2727272727273 11
130 0.1 2169.0 0.0 2169 109 767.5 12
140 0.1 3079.0 0.0 3079 109 875.3076923076923 13
150 0.1 3574.0 0.0 3574 109 1032.7142857142858 14
160 0.1 4643.0 0.0 4643 109 1202.1333333333334 15
170 0.1 6232.0 0.0 6232 109 1417.1875 16
180 0.1 6731.0 0.0 6731 109 1700.4117647058824 17
190 0.1 9461.0 0.0 9461 109 1979.888888888889 18
200 0.1 13244.0 0.0 13244 109 2373.6315789473683 19
210 0.1 12889.0 0.0 13244 109 2917.15 20
220 0.1 12783.0 0.0 13244 109 3392.0 21
230 0.1 15339.0 0.0 15339 109 3818.8636363636365 22
240 0.1 13323.0 0.0 15339 109 4319.739130434783 23
250 0.1 8387.0 0.0 15339 109 4694.875000000001 24
260 0.1 6093.0 0.0 15339 109 4842.560000000001 25
270 0.1 4782.0 0.0 15339 109 4890.653846153848 26
280 0.1 2197.0 0.0 15339 109 4886.6296296296305 27
290 0.1 1582.0 0.0 15339 109 4790.571428571429 28
300 0.1 609.0 0.0 15339 109 4679.93103448276 29
310 0.1 305.0 0.0 15339 109 4544.2333333333345 30
320 0.1 274.0 0.0 15339 109 4407.483870967743 31
330 0.1 132.0 0.0 15339 109 4278.312500000001 32
340 0.1 336.0 0.0 15339 109 4152.666666666668 33
