0 1.8 49.93519422743056 58.52673317857093 163.567138671875 8.552001953125 0 0
10 5.7 28.907933285361846 46.865386720831935 221.988037109375 5.638916015625 49.93519422743056 18
20 6.5 27.56909930889423 44.935923634941396 221.988037109375 5.638916015625 33.95447591145833 75
30 4.6 32.64470108695652 48.523437653862985 221.988037109375 5.638916015625 30.98983677455357 140
40 8.6 34.90295410156249 49.64694650498646 221.988037109375 5.638916015625 31.399104292674732 186
50 8.9 35.57378533181181 51.02081785897263 221.988037109375 5.638916015625 32.50693915872013 272
60 18.3 38.44139824538932 54.336777208525184 240.4619140625 5.638916015625 33.263031428540515 361
70 19.3 33.564669436123715 49.41554595124735 284.35400390625 5.638916015625 35.00501879523782 544
80 30.1 31.04875674833887 42.976042450571455 284.35400390625 5.638916015625 34.62783097120929 737
90 29 34.572674771012935 53.49159131299247 464.906005859375 5.638916015625 33.58996840754455 1038
100 25 39.38728710937499 66.0505059102367 464.906005859375 5.638916015625 33.8045654296875 1328
110 32.8 42.42384077862998 81.7294109495434 1136.52001953125 5.638916015625 34.689027039270435 1578
120 49.3 35.45880609787021 58.10905004657857 1136.52001953125 5.638916015625 36.020096769863265 1906
130 64.9 44.82677112926139 72.99732843476497 1136.52001953125 5.638916015625 35.904750249941394 2399
140 69.6 68.2183108274965 154.86241106811525 1519.155029296875 5.638916015625 37.804485010662745 3048
150 89.1 73.90695447311656 153.25132559675194 2163.866943359375 5.638916015625 43.45833724584338 3744
160 110.8 80.47005663709949 187.4056364443248 3716.326904296875 5.638916015625 49.311566576911424 4635
170 126 125.47456500341029 300.71419552138747 4482.171875 5.638916015625 55.322990394896514 5743
180 160.5 155.5449700946747 330.07053911178497 6146.906005859375 5.638916015625 67.94486444983401 7003
190 211 243.655525677577 337.1225042566645 6146.906005859375 5.638916015625 84.27829492845498 8608
200 218.1 545.6268482374415 477.095111945348 6146.906005859375 5.638916015625 115.65410728903042 10718
210 203.9 1065.120271406787 602.4827947287342 6146.906005859375 5.638916015625 188.3551343460492 12899
220 240.7 840.8310534703455 768.2399737142198 6146.906005859375 5.638916015625 308.0314038912925 14938
230 226.6 370.4220534187446 516.6791306524001 6146.906005859375 5.638916015625 381.9690664186364 17345
240 181.1 114.77499077900691 163.15718091273408 6146.906005859375 5.631103515625 380.63483912488516 19611
250 130.5 29.997984764128354 35.03872339232603 6146.906005859375 5.631103515625 358.1592446260342 21422
260 98 25.21666384327168 26.374559188620296 6146.906005859375 5.631103515625 339.31599896581565 22727
270 67.4 23.1250163001901 23.219126196760964 6146.906005859375 5.631103515625 326.33176020004635 23707
280 38.5 19.499702592329545 15.923999929518192 6146.906005859375 5.631103515625 317.94976826417405 24381
290 23.4 16.168065780248394 5.964781494604021 6146.906005859375 5.631103515625 313.31021099680504 24766
300 5.3 33.62511976709906 57.44013043421071 6146.906005859375 5.631103515625 310.52896051757807 25000
310 10.2 16.336942784926478 5.3720171108177865 6146.906005859375 5.631103515625 309.94316625901524 25053
320 0.8 20.333038330078125 4.228690021676004 6146.906005859375 5.631103515625 308.7526341662163 25155
330 5.5 16.275008877840907 5.865660315518039 6146.906005859375 5.631103515625 308.6609377561424 25163
340 3.1 16.334771925403235 3.8048172170580012 6146.906005859375 5.631103515625 308.0232493554641 25218
344 0 0 0 6146.906005859375 5.631103515625 307.66512258607395 25249
