0 0.1 95.880859375 0 95.880859375 95.880859375 0 0
10 0 0 0 95.880859375 95.880859375 95.880859375 1
20 0 0 0 95.880859375 95.880859375 95.880859375 1
30 0.1 92.108154296875 0.0 95.880859375 92.108154296875 95.880859375 1
40 0.2 79.0655517578125 10.3565673828125 95.880859375 68.708984375 93.9945068359375 2
50 0.4 73.02276611328125 12.985010591017861 95.880859375 57.95703125 86.530029296875 4
60 0.1 54.869140625 0.0 95.880859375 54.869140625 79.77639770507813 8
70 0.4 69.1209716796875 12.761202360669232 95.880859375 54.869140625 77.00892469618056 9
80 0.5 89.583642578125 26.407384172088225 137.570068359375 54.869140625 74.5818622295673 13
90 0 0 0 137.570068359375 54.869140625 78.7490234375 18
100 0.4 64.3243408203125 5.3746554949051655 137.570068359375 54.869140625 78.7490234375 18
110 0.5 87.680810546875 34.225375353494336 152.779052734375 54.869140625 76.12635387073864 22
120 0.5 85.408203125 39.141608108082536 159.93994140625 54.869140625 78.26606807002315 27
130 1.2 84.31056722005208 46.82580296423363 235.47802734375 53.526123046875 79.38202667236328 32
140 1.4 103.90093122209821 48.30465717818242 248.868896484375 53.526123046875 80.72617409446023 44
150 1.7 227.2062270220588 384.9432308795127 1723.80908203125 52.51806640625 86.32008098733836 58
160 1.2 121.23612467447917 64.92651079222398 1723.80908203125 52.51806640625 118.25427408854166 75
170 2.8 434.34681919642856 937.0801753680176 4482.23193359375 52.51806640625 118.66556382453305 87
180 3.6 307.24192979600696 218.93955726466405 4482.23193359375 52.51806640625 195.52708687160327 115
190 4.6 399.79123322860056 239.09092171204793 4482.23193359375 52.51806640625 222.16108915821607 151
200 4.9 801.8812380420918 397.2621326347516 4482.23193359375 52.51806640625 263.63817863657994 197
210 4 1337.700109863281 535.9265476295831 4482.23193359375 52.51806640625 370.8491945344258 246
220 4.4 1277.0053988370028 727.8245345490641 4482.23193359375 52.51806640625 506.0730987762238 286
230 2.7 860.9463794849537 745.0450421062159 4482.23193359375 52.51806640625 608.864072117661 330
240 1 231.0929931640625 244.46278870096012 4482.23193359375 52.51806640625 627.9291205740109 357
250 0.3 61.003987630208336 6.560367499125159 4482.23193359375 51.97509765625 617.1161470751022 367
260 0.3 83.923095703125 23.620578993881857 4482.23193359375 51.97509765625 612.6071295660895 370
270 0 0 0 4482.23193359375 51.97509765625 608.354979159685 373
280 0.1 57.223876953125 0.0 4482.23193359375 51.97509765625 608.354979159685 373
290 0 0 0 4482.23193359375 51.97509765625 606.8813665869401 374
300 0 0 0 4482.23193359375 51.97509765625 606.8813665869401 374
310 0 0 0 4482.23193359375 51.97509765625 606.8813665869401 374
320 0 0 0 4482.23193359375 51.97509765625 606.8813665869401 374
330 0 0 0 4482.23193359375 51.97509765625 606.8813665869401 374
340 0 0 0 4482.23193359375 51.97509765625 606.8813665869401 374
344 0 0 0 4482.23193359375 51.97509765625 606.8813665869401 374
