10 0.2 14.570556640625 1.387451171875 15.9580078125 13.18310546875 0 0
20 0.1 14.383056640625 0.0 15.9580078125 13.18310546875 14.570556640625 2
30 0.2 17.5325927734375 4.3724365234375 21.905029296875 13.16015625 14.508056640625 3
40 0 0 0 21.905029296875 13.16015625 15.71787109375 5
50 0.1 13.844970703125 0.0 21.905029296875 13.16015625 15.71787109375 5
60 0.6 16.120361328125 4.110573433105067 23.47705078125 11.158935546875 15.405721028645834 6
70 0.2 16.6600341796875 2.9410400390625 23.47705078125 11.158935546875 15.763041178385416 12
80 0.3 27.884440104166668 19.858303904901774 55.905029296875 11.158935546875 15.891183035714286 14
90 0.7 15.63330078125 3.3030296245921233 55.905029296875 11.158935546875 18.007640165441178 17
100 0.3 26.105143229166668 13.964928479534109 55.905029296875 11.158935546875 17.31512451171875 24
110 0.5 20.81943359375 6.864006631347258 55.905029296875 11.158935546875 18.29179325810185 27
120 0.4 26.4808349609375 17.751452902395204 57.002197265625 11.158935546875 18.686737060546875 32
130 1.1 26.063920454545453 22.025018977367296 93.06396484375 11.158935546875 19.552747938368057 36
140 0.8 29.140655517578125 16.60425031577585 93.06396484375 11.158935546875 21.07663937832447 47
150 0.9 44.542073567708336 45.61964191563604 151.43798828125 11.158935546875 22.24958718039773 55
160 1.2 26.42578125 17.36885600784629 151.43798828125 11.158935546875 25.38446807861328 64
170 1.8 63.51471625434028 60.925703695652466 228.64111328125 11.158935546875 25.548885947779606 76
180 2.1 91.66882905505952 118.46916916962834 446.637939453125 10.72998046875 32.8189385596742 94
190 2.7 203.1741898148148 185.13347711035686 815.744140625 10.72998046875 43.56544030230978 115
200 2.6 427.69388521634613 287.19548981551986 1232.9638671875 10.72998046875 73.91358281525088 142
210 3.4 978.0260440602023 521.0143760978892 2253.0859375 10.72998046875 128.66529628208704 168
220 4.9 989.6039341517856 740.0256157637278 2894.072998046875 10.72998046875 271.62700630414605 202
230 2 676.4135620117188 824.3687940423715 2894.072998046875 10.72998046875 411.7898328560757 251
240 0.7 49.034458705357146 36.36889747214108 2894.072998046875 10.72998046875 431.3192593620272 271
250 0.4 37.24151611328125 23.161360669855867 2894.072998046875 10.72998046875 421.6933830864995 278
260 0.1 12.33203125 0.0 2894.072998046875 10.72998046875 416.2401651152482 282
270 0 0 0 2894.072998046875 10.72998046875 414.81292789310953 283
280 0.1 15.22314453125 0.0 2894.072998046875 10.72998046875 414.81292789310953 283
290 0 0 0 2894.072998046875 10.72998046875 413.40592161366635 284
300 0.1 26.635986328125 0.0 2894.072998046875 10.72998046875 413.40592161366635 284
310 0 0 0 2894.072998046875 10.72998046875 412.0488341214364 285
320 0 0 0 2894.072998046875 10.72998046875 412.0488341214364 285
330 0 0 0 2894.072998046875 10.72998046875 412.0488341214364 285
340 0 0 0 2894.072998046875 10.72998046875 412.0488341214364 285
344 0 0 0 2894.072998046875 10.72998046875 412.0488341214364 285
