50 0.1 110.739013671875 0 110.739013671875 110.739013671875 0 0
60 0.5 103.464453125 16.325927038582783 117.77099609375 81.14404296875 110.739013671875 1
70 0.4 123.39801025390625 38.29737990414003 183.98291015625 80.97900390625 104.6768798828125 6
80 0.4 112.08477783203125 31.95583668950859 183.98291015625 80.97900390625 112.16533203125 10
90 0.4 155.435546875 111.59043573210543 347.110107421875 76.466064453125 112.14231654575893 14
100 0.2 86.2149658203125 2.0899658203125 347.110107421875 76.466064453125 121.76303439670139 18
110 0.4 93.36029052734375 21.19521562037067 347.110107421875 75.55517578125 118.2082275390625 20
120 0.3 99.759765625 12.268818146860816 347.110107421875 75.55517578125 114.06690470377605 24
130 0.6 171.57450358072916 106.79426618340837 349.031982421875 75.55517578125 112.47722258391204 27
140 1.1 119.8561123934659 50.5600723300728 349.031982421875 75.55517578125 123.22218276515152 33
150 1.2 249.91776529947916 307.88812263140784 1233.2841796875 75.55517578125 122.38066517223011 44
160 1 218.628271484375 130.26120574079593 1233.2841796875 75.55517578125 149.71004377092635 56
170 1.4 226.04666573660714 195.10877775508962 1233.2841796875 75.55517578125 160.15219948508522 66
180 2 420.26103515625 350.45700833304375 1463.19091796875 75.55517578125 171.68373107910156 80
190 1.9 582.9583804481908 300.46486409445316 1463.19091796875 75.55517578125 221.39919189453124 100
200 2 966.551025390625 536.1981589723891 2056.173095703125 75.55517578125 279.1271295627626 119
210 3.2 1572.7741088867188 542.2832157718763 2454.5029296875 75.55517578125 378.0370426315198 139
220 3.4 1553.4865650850184 815.621322016146 3440.052978515625 75.55517578125 601.6135696500365 171
230 2.6 646.1944767878606 637.6574000329109 3440.052978515625 75.55517578125 759.4851884051067 205
240 2.2 224.06822620738637 147.91718671506936 3440.052978515625 75.237060546875 746.7338528984037 231
250 1 134.818310546875 63.02933133616494 3440.052978515625 75.237060546875 701.28466796875 253
260 0.7 151.48674665178572 80.78685211323487 3440.052978515625 75.237060546875 679.7460231998574 263
270 0.1 239.870849609375 0.0 3440.052978515625 75.237060546875 666.0504123263889 270
280 0.2 129.1865234375 31.939453125 3440.052978515625 75.237060546875 664.47779401378 271
290 0 0 0 3440.052978515625 75.237060546875 660.5562462439904 273
300 0 0 0 3440.052978515625 75.237060546875 660.5562462439904 273
310 0 0 0 3440.052978515625 75.237060546875 660.5562462439904 273
320 0 0 0 3440.052978515625 75.237060546875 660.5562462439904 273
330 0 0 0 3440.052978515625 75.237060546875 660.5562462439904 273
340 0 0 0 3440.052978515625 75.237060546875 660.5562462439904 273
344 0 0 0 3440.052978515625 75.237060546875 660.5562462439904 273
