0 1.4 14
10 3.4 48
20 6.4 112
30 5.8 170
40 8.2 252
50 7.3 325
60 11.4 439
70 14.1 580
80 18.8 768
90 21.9 987
100 24.4 1231
110 31.6 1547
120 51.7 2064
130 50.4 2568
140 68.7 3255
150 85.6 4111
160 97.1 5082
170 91 5992
180 99.2 6984
190 96 7944
200 99 8934
210 102.6 9960
220 111.5 11075
230 105.8 12133
240 86.8 13001
250 77.4 13775
260 84.1 14616
270 91.1 15527
280 104.5 16572
290 100.8 17580
300 75.8 18338
310 44 18778
320 28.5 19063
330 18.6 19249
340 9.3 19342
350 7.1 19413
360 1.1 19424
370 0.6 19430
380 0.6 19436
386 0.1 19437
