10 0.3 15.917073567708334 2.4030843804339264 18.619140625 12.781005859375 0 0
20 0.2 15.675537109375 0.718505859375 18.619140625 12.781005859375 15.917073567708334 3
30 0.3 16.272705078125 1.028616751086696 18.619140625 12.781005859375 15.820458984375 5
40 0.4 14.884521484375 1.025329776956689 18.619140625 12.781005859375 15.99005126953125 8
50 0.4 15.80328369140625 2.0205620794812353 19.219970703125 12.781005859375 15.621541341145834 12
60 0.3 14.646647135416666 0.7273747906569945 19.219970703125 12.781005859375 15.666976928710938 16
70 0.8 22.586456298828125 18.185492047273417 68.6708984375 12.131103515625 15.505872224506579 19
80 0.9 16.602403428819443 3.903566586771596 68.6708984375 12.131103515625 17.60382306134259 27
90 1.1 16.350119850852273 5.482929797572644 68.6708984375 12.131103515625 17.353468153211807 36
100 0.9 22.139295789930557 10.152548296414066 68.6708984375 12.131103515625 17.118641954787233 47
110 1.3 30.55829326923077 19.084911367774485 68.6708984375 12.131103515625 17.92553274972098 56
120 1.8 23.69269476996528 13.771329482188703 68.6708984375 12.131103515625 20.305618064990938 69
130 1.9 40.32155890213816 35.941359377837806 150.53515625 12.131103515625 21.006392555675284 87
140 3.3 45.51776308001894 43.794115233352066 184.35400390625 11.2861328125 24.46854501400354 106
150 3.8 82.20327276932566 83.3306321891898 445.364990234375 11.2861328125 29.46584138938849 139
160 3.3 251.94933712121212 162.94577476999362 671.303955078125 11.2861328125 40.788001798640536 177
170 3.6 517.351820203993 318.58633959829524 1180.0009765625 11.2861328125 73.97049734933036 210
180 4 1079.677569580078 440.72513731323045 2268.02099609375 11.2861328125 138.85556898659806 246
190 4.3 2222.1032714843745 956.9320901215672 3675.735107421875 1.932861328125 270.4390655730988 286
200 6 2162.664892578125 1688.7506479341066 4739.260986328125 1.301025390625 525.5197976526881 329
210 10.3 1179.5351633608916 1620.960319820651 5122.780029296875 1.301025390625 778.0357505974855 389
220 15.1 778.1758507734896 1199.560814541414 5122.780029296875 1.23095703125 862.0894894483612 492
230 17.1 734.6601005688049 1100.985974654488 5122.780029296875 1.23095703125 842.3834872090057 643
240 22.7 701.1819933920707 1081.0192945010017 5122.780029296875 1.23095703125 819.753635715794 814
250 21.6 1071.9219202112265 1145.1640382049582 5122.780029296875 1.222900390625 793.8979557854527 1041
260 11.5 1124.340317170516 815.90890607534 5122.780029296875 1.222900390625 841.6729568323638 1257
270 6 1206.2882934570312 649.6632766121744 5122.780029296875 1.222900390625 865.365920709104 1372
280 3.5 1077.6774135044645 339.689766859761 5122.780029296875 1.222900390625 879.650377667816 1432
290 1.4 449.26632254464283 352.5648483315929 5122.780029296875 1.222900390625 884.3749490749617 1467
300 0.4 52.50323486328125 48.055488004041976 5122.780029296875 1.222900390625 880.2618357924333 1481
310 0.6 17.852335611979168 4.371872175324983 5122.780029296875 1.222900390625 878.0321829953177 1485
320 0 0 0 5122.780029296875 1.222900390625 874.5706946758677 1491
330 0 0 0 5122.780029296875 1.222900390625 874.5706946758677 1491
340 0 0 0 5122.780029296875 1.222900390625 874.5706946758677 1491
350 0 0 0 5122.780029296875 1.222900390625 874.5706946758677 1491
360 0 0 0 5122.780029296875 1.222900390625 874.5706946758677 1491
370 0 0 0 5122.780029296875 1.222900390625 874.5706946758677 1491
380 0 0 0 5122.780029296875 1.222900390625 874.5706946758677 1491
386 0 0 0 5122.780029296875 1.222900390625 874.5706946758677 1491
