40 0.2 22.017578125 0.24755859375 22.26513671875 21.77001953125 0 0
50 0 0 0 22.26513671875 21.77001953125 22.017578125 2
60 0.5 21.012255859375 1.8283527421515173 23.363037109375 18.234130859375 22.017578125 2
70 0.2 23.1844482421875 1.7396240234375 24.924072265625 18.234130859375 21.299490792410715 7
80 0.5 34.74248046875 31.260498534191456 97.212158203125 17.839111328125 21.718370225694443 9
90 0.4 19.79681396484375 0.6778466601621239 97.212158203125 17.839111328125 26.369838169642858 14
100 0.5 18.97783203125 1.5521369400837024 97.212158203125 17.2041015625 24.909166124131943 18
110 0.5 33.902294921875 18.11253717996534 97.212158203125 17.2041015625 23.61974566915761 23
120 0.9 31.03811306423611 13.413137175256452 97.212158203125 16.967041015625 25.455915178571427 28
130 0.4 39.79705810546875 18.84882503888017 97.212158203125 16.967041015625 26.81374709670608 37
140 1.6 93.81474304199219 75.26770055113481 232.468017578125 16.967041015625 28.080411585365855 41
150 1.7 109.29081456801471 72.00352062512155 235.09912109375 16.967041015625 46.53215374862938 57
160 2.2 236.18761097301137 161.15005607067232 640.2998046875 16.967041015625 60.949683936866556 74
170 1.8 588.259046766493 456.3610094520412 1564.881103515625 16.967041015625 101.1083755493164 96
180 1.9 964.5777395148026 331.7406910865568 1564.881103515625 16.967041015625 178.02690258360747 114
190 2.2 2082.071544300426 1252.885338254201 3582.869140625 1.783935546875 290.3913078594925 133
200 2.5 3029.5319140625 1052.7125555987425 4538.55908203125 1.783935546875 544.6943091607862 155
210 2.5 986.918271484375 1622.6513424032792 5211.43798828125 1.717041015625 889.8106431749131 180
220 3.6 1050.0556640625 1419.7771735909287 5211.43798828125 1.717041015625 901.653036871189 205
230 5.3 525.0255242113797 964.9976204626897 5211.43798828125 1.48583984375 923.8210641694761 241
240 6.8 943.8889375574448 1221.4358484743207 5211.43798828125 1.318115234375 851.9293511838329 294
250 8.3 836.6467932275981 1059.1624771586085 5211.43798828125 1.318115234375 869.2035276297048 362
260 12.4 1160.9164409022187 803.8580297487835 5211.43798828125 1.31298828125 863.131147954705 445
270 18 1212.4607096354166 601.1224488301056 5211.43798828125 1.246826171875 928.0263611805252 569
280 18.8 1083.6278426799372 335.47877534786244 5211.43798828125 1.246826171875 996.3817453218877 749
290 17.1 463.9403097587722 393.73564961297234 5211.43798828125 1.246826171875 1013.8868320916991 937
300 16.4 127.91935171732088 190.4111319445333 5211.43798828125 1.246826171875 929.0124139338196 1108
310 9.6 21.210197448730465 17.34564302356419 5211.43798828125 1.246826171875 825.7268304404975 1272
320 7.6 25.980478387129935 40.092309367600244 5211.43798828125 1.246826171875 769.2695228621278 1368
330 1.9 18.01382606907895 8.152718099192402 5211.43798828125 1.246826171875 730.1490468371279 1444
340 1.5 17.49150390625 6.929875326897554 5211.43798828125 1.246826171875 720.9005374765039 1463
350 0.9 18.72922092013889 8.50788402143501 5211.43798828125 1.246826171875 713.7617448489303 1478
360 0.2 20.0355224609375 2.8675537109375 5211.43798828125 1.246826171875 709.5550920477473 1487
370 0 0 0 5211.43798828125 1.246826171875 708.6289408461532 1489
380 0.2 17.7115478515625 1.4464111328125 5211.43798828125 1.246826171875 708.6289408461532 1489
386 0 0 0 5211.43798828125 1.246826171875 707.7021569521296 1491
