60 1.6 16
70 1.6 32
80 3.2 64
90 1.6 80
100 2.4 104
110 1.6 120
120 2.4 144
130 4.3 187
140 5.9 246
150 4.6 292
160 10 392
170 3.7 429
180 6.3 492
190 10.4 596
200 12.5 721
210 14.6 867
220 21 1077
230 23.5 1312
240 28.1 1593
250 24.1 1834
260 16.3 1997
270 19 2187
280 17.1 2358
290 21.4 2572
300 21 2782
310 25.1 3033
320 30.6 3339
330 29.7 3636
340 23 3866
350 10.7 3973
360 6.1 4034
370 11.2 4146
380 7.4 4220
390 2.6 4246
400 1.6 4262
410 1.6 4278
420 0 4278
430 0 4278
440 0 4278
450 0 4278
460 0.8 4286
470 0 4286
471 0 4286
