0 4 4
10 7 3
20 11 4
30 20 9
40 29 9
50 34 5
60 40 6
70 48 8
80 54 6
90 73 19
100 83 10
110 109 26
120 146 37
130 199 53
140 235 36
150 278 43
160 349 71
170 441 92
180 583 142
190 798 215
200 996 198
210 1023 27
220 1022 -1
230 1021 -1
240 1024 3
250 1013 -11
260 1000 -13
270 978 -22
280 999 21
290 992 -7
300 860 -132
310 712 -148
320 545 -167
330 399 -146
340 305 -94
350 297 -8
360 214 -83
370 152 -62
380 121 -31
390 86 -35
400 57 -29
410 33 -24
420 21 -12
430 10 -11
440 4 -6
450 1 -3
460 1 0
470 0 -1
471 0 0
