0 0.1 5.548631328304484 0 5.548631328304484 5.548631328304484 0 0
10 0.1 1.7751479289940828 0.0 5.548631328304484 1.7751479289940828 5.548631328304484 1
20 0.1 1.1846001974333662 0.0 5.548631328304484 1.1846001974333662 3.6618896286492837 2
30 0.1 1.2845849802371543 0.0 5.548631328304484 1.1846001974333662 2.8361264849106447 3
40 0.1 1.6798418972332017 0.0 5.548631328304484 1.1846001974333662 2.448241108742272 4
50 0.1 1.582591493570722 0.0 5.548631328304484 1.1846001974333662 2.294561266440458 5
60 0.1 1.5857284440039643 0.0 5.548631328304484 1.1846001974333662 2.175899637628835 6
70 0.1 2.0792079207920793 0.0 5.548631328304484 1.1846001974333662 2.0915894671109965 7
80 0.1 2.465483234714004 0.0 5.548631328304484 1.1846001974333662 2.090041773821132 8
90 0.1 2.0854021847070507 0.0 5.548631328304484 1.1846001974333662 2.1317574916981177 9
100 0.1 2.955665024630542 0.0 5.548631328304484 1.1846001974333662 2.127121960999011 10
110 0.1 3.1683168316831685 0.0 5.548631328304484 1.1846001974333662 2.2024440576927864 11
120 0.1 3.571428571428571 0.0 5.548631328304484 1.1846001974333662 2.2829334555253182 12
130 0.1 4.8466864490603365 0.0 5.548631328304484 1.1846001974333662 2.382048464440953 13
140 0.1 6.2438057482656095 0.0 6.2438057482656095 1.1846001974333662 2.5580940347709094 14
150 0.1 7.036669970267592 0.0 7.036669970267592 1.1846001974333662 2.8038081490038893 15
160 0.1 7.669322709163347 0.0 7.669322709163347 1.1846001974333662 3.0683620128328704 16
170 0.1 9.79020979020979 0.0 9.79020979020979 1.1846001974333662 3.3390067596758395 17
180 0.1 9.758551307847082 0.0 9.79020979020979 1.1846001974333662 3.697406928038837 18
190 0.1 11.585365853658537 0.0 11.585365853658537 1.1846001974333662 4.016414526976114 19
200 0.1 16.717325227963524 0.0 16.717325227963524 1.1846001974333662 4.394862093310235 20
210 0.1 17.13995943204868 0.0 17.13995943204868 1.1846001974333662 4.981646052103248 21
220 0.1 20.505050505050505 0.0 20.505050505050505 1.1846001974333662 5.534296660282586 22
230 0.1 21.654749744637385 0.0 21.654749744637385 1.1846001974333662 6.185199001359451 23
240 0.1 20.82051282051282 0.0 21.654749744637385 1.1846001974333662 6.829763615662699 24
250 0.1 16.0 0.0 21.654749744637385 1.1846001974333662 7.389393583856704 25
260 0.1 16.16766467065868 0.0 21.654749744637385 1.1846001974333662 7.720570753708369 26
270 0.1 15.467980295566502 0.0 21.654749744637385 1.1846001974333662 8.033426083965788 27
280 0.1 17.15686274509804 0.0 21.654749744637385 1.1846001974333662 8.29894587723724 28
290 0.1 16.003976143141152 0.0 21.654749744637385 1.1846001974333662 8.60439128647382 29
300 0.1 16.096579476861166 0.0 21.654749744637385 1.1846001974333662 8.851044115029397 30
310 0.1 17.10914454277286 0.0 21.654749744637385 1.1846001974333662 9.084771062185261 31
320 0.1 14.071856287425149 0.0 21.654749744637385 1.1846001974333662 9.335532733453624 32
330 0.1 13.004926108374384 0.0 21.654749744637385 1.1846001974333662 9.479057689634578 33
340 0.1 10.856573705179283 0.0 21.654749744637385 1.1846001974333662 9.582759701950454 34
350 0.1 7.622868605817453 0.0 21.654749744637385 1.1846001974333662 9.619154387756993 35
360 0.1 6.893106893106893 0.0 21.654749744637385 1.1846001974333662 9.56370200492534 36
370 0.1 5.958291956305859 0.0 21.654749744637385 1.1846001974333662 9.491523758659977 37
380 0.1 5.257936507936508 0.0 21.654749744637385 1.1846001974333662 9.3985439743875 38
390 0.1 4.150197628458498 0.0 21.654749744637385 1.1846001974333662 9.292374552170807 39
400 0.1 2.6759167492566895 0.0 21.654749744637385 1.1846001974333662 9.163820129078001 40
410 0.1 2.4703557312252964 0.0 21.654749744637385 1.1846001974333662 9.005578583228703 41
420 0.1 1.5857284440039643 0.0 21.654749744637385 1.1846001974333662 8.849978039133383 42
430 0.1 1.3861386138613863 0.0 21.654749744637385 1.1846001974333662 8.68104200203735 43
440 0.1 1.1869436201780417 0.0 21.654749744637385 1.1846001974333662 8.51524874321517 44
450 0.1 1.0848126232741617 0.0 21.654749744637385 1.0848126232741617 8.352397518258789 45
460 0.1 0.9881422924901186 0.0 21.654749744637385 0.9881422924901186 8.194406542280861 46
470 0.1 0.9871668311944718 0.0 21.654749744637385 0.9871668311944718 8.041081771008717 47
