0 0 0
10 0.2 2
20 0.1 3
30 0.2 5
40 0.4 9
50 1.1 20
60 0.9 29
70 1.2 41
80 1.4 55
90 1.3 68
100 2 88
110 2.1 109
120 2.5 134
130 3.7 171
140 5 221
150 4.6 267
160 6.8 335
170 7.2 407
180 8.7 494
190 14.6 640
200 14.5 785
210 14.4 929
220 15.6 1085
230 13.6 1221
240 18.1 1402
250 22.7 1629
260 20 1829
270 21.2 2041
280 20.6 2247
290 21.3 2460
300 23.1 2691
310 16 2851
320 16.5 3016
330 15.2 3168
340 15.6 3324
350 12 3444
360 8 3524
370 6.5 3589
380 3.3 3622
390 3.5 3657
400 2.8 3685
410 2.3 3708
420 1.3 3721
430 1.1 3732
440 0.7 3739
450 0.3 3742
460 0.1 3743
470 0.1 3744
471 0 3744
