0 0.1 0.4609375 0 0.4609375 0.4609375 0 0
10 0.1 0.390625 0.0 0.4609375 0.390625 0.4609375 1
20 0.1 0.328125 0.0 0.4609375 0.328125 0.42578125 2
30 0.1 0.28125 0.0 0.4609375 0.28125 0.3932291666666667 3
40 0.1 0.23828125 0.0 0.4609375 0.23828125 0.365234375 4
50 0.1 0.19921875 0.0 0.4609375 0.19921875 0.33984375 5
60 0.1 0.171875 0.0 0.4609375 0.171875 0.31640625 6
70 0.1 0.140625 0.0 0.4609375 0.140625 0.29575892857142855 7
80 0.1 0.12109375 0.0 0.4609375 0.12109375 0.2763671875 8
90 0.1 0.1015625 0.0 0.4609375 0.1015625 0.2591145833333333 9
100 0.1 0.08984375 0.0 0.4609375 0.08984375 0.243359375 10
110 0.1 0.0703125 0.0 0.4609375 0.0703125 0.2294034090909091 11
120 0.1 0.05859375 0.0 0.4609375 0.05859375 0.21614583333333334 12
130 0.1 0.05078125 0.0 0.4609375 0.05078125 0.20402644230769232 13
140 0.1 0.0390625 0.0 0.4609375 0.0390625 0.19308035714285715 14
150 0.1 0.0390625 0.0 0.4609375 0.0390625 0.1828125 15
160 0.1 0.03125 0.0 0.4609375 0.03125 0.173828125 16
170 0.1 0.109375 0.0 0.4609375 0.03125 0.16544117647058823 17
180 0.1 0.08984375 0.0 0.4609375 0.03125 0.1623263888888889 18
190 0.1 0.078125 0.0 0.4609375 0.03125 0.15851151315789475 19
200 0.1 0.05859375 0.0 0.4609375 0.03125 0.1544921875 20
210 0.1 0.05078125 0.0 0.4609375 0.03125 0.14992559523809523 21
220 0.1 0.05078125 0.0 0.4609375 0.03125 0.1454190340909091 22
230 0.1 0.0390625 0.0 0.4609375 0.03125 0.14130434782608695 23
240 0.1 0.03125 0.0 0.4609375 0.03125 0.13704427083333331 24
250 0.1 0.109375 0.0 0.4609375 0.03125 0.13281249999999997 25
260 0.1 0.16015625 0.0 0.4609375 0.03125 0.13191105769230765 26
270 0.1 0.140625 0.0 0.4609375 0.03125 0.1329571759259259 27
280 0.1 0.12109375 0.0 0.4609375 0.03125 0.13323102678571427 28
290 0.1 0.171875 0.0 0.4609375 0.03125 0.13281249999999997 29
300 0.1 0.23046875 0.0 0.4609375 0.03125 0.13411458333333331 30
310 0.1 0.19140625 0.0 0.4609375 0.03125 0.13722278225806447 31
320 0.1 0.16015625 0.0 0.4609375 0.03125 0.13891601562499997 32
330 0.1 0.140625 0.0 0.4609375 0.03125 0.13955965909090906 33
340 0.1 0.12109375 0.0 0.4609375 0.03125 0.1395909926470588 34
350 0.1 0.1015625 0.0 0.4609375 0.03125 0.13906249999999998 35
360 0.1 0.078125 0.0 0.4609375 0.03125 0.13802083333333331 36
370 0.1 0.0703125 0.0 0.4609375 0.03125 0.136402027027027 37
380 0.1 0.05859375 0.0 0.4609375 0.03125 0.1346628289473684 38
390 0.1 0.05078125 0.0 0.4609375 0.03125 0.13271233974358973 39
400 0.1 0.0390625 0.0 0.4609375 0.03125 0.13066406249999998 40
410 0.1 0.0390625 0.0 0.4609375 0.03125 0.12842987804878048 41
420 0.1 0.1015625 0.0 0.4609375 0.03125 0.12630208333333334 42
430 0.1 0.078125 0.0 0.4609375 0.03125 0.1257267441860465 43
440 0.1 0.0703125 0.0 0.4609375 0.03125 0.12464488636363637 44
450 0.1 0.05859375 0.0 0.4609375 0.03125 0.1234375 45
460 0.1 0.05078125 0.0 0.4609375 0.03125 0.12202785326086957 46
470 0.1 0.0390625 0.0 0.4609375 0.03125 0.12051196808510638 47
