10 0.1 40 0 40 40 0 0
20 0.1 116.0 0.0 116 40 40.0 1
30 0.1 196.0 0.0 196 40 78.0 2
40 0.1 292.0 0.0 292 40 117.33333333333333 3
50 0.1 330.0 0.0 330 40 161.0 4
60 0.1 559.0 0.0 559 40 194.8 5
70 0.1 687.0 0.0 687 40 255.5 6
80 0.1 977.0 0.0 977 40 317.14285714285717 7
90 0.1 1027.0 0.0 1027 40 399.625 8
100 0.1 1011.0 0.0 1027 40 469.3333333333333 9
110 0.1 1309.0 0.0 1309 40 523.5 10
120 0.1 1556.0 0.0 1556 40 594.9090909090909 11
130 0.1 2122.0 0.0 2122 40 675.0 12
140 0.1 3303.0 0.0 3303 40 786.3076923076923 13
150 0.1 3803.0 0.0 3803 40 966.0714285714286 14
160 0.1 4556.0 0.0 4556 40 1155.2 15
170 0.1 6298.0 0.0 6298 40 1367.75 16
180 0.1 5949.0 0.0 6298 40 1657.764705882353 17
190 0.1 6998.0 0.0 6998 40 1896.1666666666667 18
200 0.1 8906.0 0.0 8906 40 2164.684210526316 19
210 0.1 9091.0 0.0 9091 40 2501.75 20
220 0.1 8606.0 0.0 9091 40 2815.5238095238096 21
230 0.1 9487.0 0.0 9487 40 3078.7272727272725 22
240 0.1 9368.0 0.0 9487 40 3357.3478260869565 23
250 0.1 9677.0 0.0 9677 40 3607.7916666666665 24
260 0.1 10347.0 0.0 10347 40 3850.56 25
270 0.1 9368.0 0.0 10347 40 4100.423076923077 26
280 0.1 10667.0 0.0 10667 40 4295.518518518518 27
290 0.1 10208.0 0.0 10667 40 4523.071428571428 28
300 0.1 1.01e4 0.0 10667 40 4719.103448275862 29
310 0.1 9968.0 0.0 10667 40 4898.466666666666 30
320 0.1 9246.0 0.0 10667 40 5062.0 31
330 0.1 9134.0 0.0 10667 40 5192.75 32
340 0.1 8748.0 0.0 10667 40 5312.181818181818 33
350 0.1 5481.0 0.0 10667 40 5413.235294117647 34
360 0.1 4347.0 0.0 10667 40 5415.171428571429 35
370 0.1 4073.0 0.0 10667 40 5385.5 36
380 0.1 3265.0 0.0 10667 40 5350.027027027027 37
390 0.1 2165.0 0.0 10667 40 5295.1578947368425 38
400 0.1 1352.0 0.0 10667 40 5214.8974358974365 39
410 0.1 1044.0 0.0 10667 40 5118.325000000001 40
420 0.1 491.0 0.0 10667 40 5018.951219512196 41
430 0.1 363.0 0.0 10667 40 4911.142857142858 42
440 0.1 253.0 0.0 10667 40 4805.372093023257 43
450 0.1 45.0 0.0 10667 40 4701.909090909092 44
460 0.1 122.0 0.0 10667 40 4598.422222222223 45
470 0.1 14.0 0.0 10667 14 4501.108695652175 46
