10 0.1 45 0 45 45 0 0
20 0.1 179.0 0.0 179 45 45.0 1
30 0.1 234.0 0.0 234 45 112.0 2
40 0.1 333.0 0.0 333 45 152.66666666666666 3
50 0.1 324.0 0.0 333 45 197.75 4
60 0.1 474.0 0.0 474 45 223.0 5
70 0.1 592.0 0.0 592 45 264.8333333333333 6
80 0.1 782.0 0.0 782 45 311.57142857142856 7
90 0.1 828.0 0.0 828 45 370.375 8
100 0.1 869.0 0.0 869 45 421.22222222222223 9
110 0.1 1110.0 0.0 1110 45 466.0 10
120 0.1 1338.0 0.0 1338 45 524.5454545454545 11
130 0.1 1874.0 0.0 1874 45 592.3333333333334 12
140 0.1 2735.0 0.0 2735 45 690.9230769230769 13
150 0.1 3106.0 0.0 3106 45 836.9285714285714 14
160 0.1 3627.0 0.0 3627 45 988.2 15
170 0.1 4728.0 0.0 4728 45 1153.125 16
180 0.1 4734.0 0.0 4734 45 1363.4117647058824 17
190 0.1 5675.0 0.0 5675 45 1550.6666666666667 18
200 0.1 7965.0 0.0 7965 45 1767.7368421052631 19
210 0.1 8116.0 0.0 8116 45 2077.6 20
220 0.1 8541.0 0.0 8541 45 2365.1428571428573 21
230 0.1 10436.0 0.0 10436 45 2645.8636363636365 22
240 0.1 10360.0 0.0 10436 45 2984.5652173913045 23
250 0.1 9708.0 0.0 10436 45 3291.875 24
260 0.1 9483.0 0.0 10436 45 3548.52 25
270 0.1 8.4e3 0.0 10436 45 3776.769230769231 26
280 0.1 9219.0 0.0 10436 45 3948.0 27
290 0.1 9017.0 0.0 10436 45 4136.25 28
300 0.1 8842.0 0.0 10436 45 4304.551724137931 29
310 0.1 8.4e3 0.0 10436 45 4455.8 30
320 0.1 7292.0 0.0 10436 45 4583.032258064516 31
330 0.1 6730.0 0.0 10436 45 4667.6875 32
340 0.1 6287.0 0.0 10436 45 4730.181818181818 33
350 0.1 4851.0 0.0 10436 45 4775.970588235294 34
360 0.1 3662.0 0.0 10436 45 4778.114285714286 35
370 0.1 3240.0 0.0 10436 45 4747.111111111111 36
380 0.1 2584.0 0.0 10436 45 4706.378378378378 37
390 0.1 1743.0 0.0 10436 45 4650.526315789473 38
400 0.1 1170.0 0.0 10436 45 4575.974358974359 39
410 0.1 829.0 0.0 10436 45 4490.825 40
420 0.1 391.0 0.0 10436 45 4401.512195121952 41
430 0.1 301.0 0.0 10436 45 4306.02380952381 42
440 0.1 220.0 0.0 10436 45 4212.883720930233 43
450 0.1 39.0 0.0 10436 39 4122.136363636364 44
460 0.1 89.0 0.0 10436 39 4031.4 45
470 0.1 13.0 0.0 10436 13 3945.695652173913 46
