10 0.2 1633.97509765625 1006.87109375 2640.84619140625 627.10400390625 0 0
20 0.1 19796.151123046875 0.0 19796.151123046875 627.10400390625 1633.97509765625 2
30 0.2 1261.6553955078125 1239.8785400390625 19796.151123046875 21.77685546875 7688.033772786458 3
40 0.4 16838.751525878906 14948.942719497662 35036.81201171875 21.77685546875 5117.482421875 5
50 1.1 9265.98916903409 15256.738313187216 54580.388916015625 21.77685546875 10326.935356987848 9
60 0.9 22733.878228081598 15940.292441577476 54580.388916015625 21.77685546875 9743.41495361328 20
70 1.2 30784.38397216797 24494.216686545005 72245.6650390625 21.77685546875 13774.938038793103 29
80 1.4 22187.142578125 15303.533474961547 72245.6650390625 21.77685546875 18753.312458317454 41
90 1.3 14882.472017728363 17188.902807985174 72245.6650390625 21.77685546875 19627.37830699574 55
100 2 26019.027770996094 27288.34619741422 80277.5048828125 21.77685546875 18720.26386934168 68
110 2.1 22374.85216703869 28820.228741137955 80277.5048828125 21.77685546875 20379.073846990414 88
120 2.5 25827.23958984375 23656.664802818093 84810.0439453125 21.77685546875 20763.581596724485 109
130 3.7 21789.77460541596 24292.356320881503 84810.0439453125 21.77685546875 21708.293908873602 134
140 5 21938.312446289063 21488.471366485323 90651.169921875 21.77685546875 21725.924235026043 171
150 4.6 18619.560838782265 19688.58579202706 90651.169921875 21.77685546875 21773.975866533514 221
160 6.8 28264.265765021828 25916.56190886599 96246.71899414063 21.77685546875 21230.518595834797 267
170 7.2 23120.80231051975 25928.2337900333 96246.71899414063 21.77685546875 22658.26428987873 335
180 8.7 22496.42706088362 24276.58858997019 107460.84399414063 21.77685546875 22740.08919770712 407
190 14.6 22952.319626899618 24160.166194815643 107460.84399414063 21.77685546875 22697.177040007435 494
200 14.5 25229.22235149515 24475.05533334472 108021.6240234375 21.77685546875 22755.38144264221 640
210 14.4 34865.96148173014 27944.066708066486 115751.13891601563 21.77685546875 23212.332948099123 785
220 15.6 38548.362160707125 23701.767833457216 116386.05004882813 21.77685546875 25018.708092171102 929
230 13.6 41325.4813968434 25050.993896754477 130034.36401367188 21.77685546875 26963.985543499784 1085
240 18.1 42288.36496595524 22033.43386326768 130034.36401367188 21.77685546875 28563.627997271065 1221
250 22.7 48995.73794569109 23216.1373958818 130034.36401367188 21.77685546875 30335.50916084584 1402
260 20 56899.11339843749 22460.028225804213 147354.3681640625 21.77685546875 32935.79886874018 1629
270 21.2 60235.209552117114 21726.336397376104 162020.9501953125 21.77685546875 35556.17224541567 1829
280 20.6 66639.96209420511 18204.693493590235 162877.40795898438 21.77685546875 38119.599932344 2041
290 21.3 76145.52072444421 19351.37426356536 166673.65795898438 21.77685546875 40734.28377984884 2247
300 23.1 81339.43631417418 16184.465184441635 166673.65795898438 21.77685546875 43800.378686027216 2460
310 16 88435.32774658204 14558.745714236962 166673.65795898438 21.77685546875 47022.795004162464 2691
320 16.5 94597.4408158736 10386.896884487303 166673.65795898438 21.77685546875 49346.89364982614 2851
330 15.2 105756.12944914165 9018.457909582996 166673.65795898438 21.77685546875 51822.4706665363 3016
340 15.6 116830.256649702 13450.25011769132 170493.29516601563 21.77685546875 54410.19671923706 3168
350 12 126853.36983235677 13238.477756345223 190857.25512695313 21.77685546875 57339.65801561267 3324
360 8 136668.60198974604 9513.856441826189 190857.25512695313 21.77685546875 59761.73856671873 3444
370 6.5 143747.64123722952 8355.66956069258 190857.25512695313 21.77685546875 61507.63784987486 3524
380 3.3 159477.29962713068 6486.753396528674 190857.25512695313 21.77685546875 62997.07786664222 3589
390 3.5 167860.8985281808 9473.83442654006 190857.25512695313 21.77685546875 63876.10804833635 3622
400 2.8 180475.21447753906 7244.77371150696 196817.0810546875 21.77685546875 64871.31386370265 3657
410 2.3 188108.79284137228 7510.875117353343 208076.36010742188 21.77685546875 65749.71527949299 3685
420 1.3 201855.08471679688 3520.545443487874 208550.54711914063 21.77685546875 66508.68474657045 3708
430 1.1 208258.33715820313 6042.585485780023 216148.68481445313 21.77685546875 66981.54236538608 3721
440 0.7 213590.78100585938 9047.752449190311 225394.05712890625 21.77685546875 67397.95306815162 3732
450 0.3 232385.87638346353 4027.7906634850583 236366.78491210938 21.77685546875 67671.64918892294 3739
460 0.1 241388.5810546875 0.0 241388.5810546875 21.77685546875 67803.70228394796 3742
470 0.1 252556.24096679688 0.0 252556.24096679688 21.77685546875 67850.07815324284 3743
471 0 0 0 252556.24096679688 21.77685546875 67899.41206425073 3744
