10 0.2 7.0115966796875 1.0904541015625 8.10205078125 5.921142578125 0 0
20 0 0 0 8.10205078125 5.921142578125 7.0115966796875 2
30 0.2 3.6949462890625 0.1119384765625 8.10205078125 3.5830078125 7.0115966796875 2
40 0.2 3.927490234375 0.12255859375 8.10205078125 3.5830078125 5.353271484375 4
50 0.7 4.198625837053571 0.41864398877447473 8.10205078125 3.5830078125 4.878011067708333 6
60 0.2 4.2254638671875 0.3155517578125 8.10205078125 3.5830078125 4.512188251201923 13
70 0.3 9.45263671875 5.099398225454858 16.35791015625 3.5830078125 4.473958333333333 15
80 0.4 4.53802490234375 1.0661533653227409 16.35791015625 3.5830078125 5.303738064236111 18
90 0.5 4.643212890625 0.9470987464757129 16.35791015625 3.5830078125 5.164517489346591 22
100 1 4.6662109375 0.8995754286887132 16.35791015625 3.5830078125 5.067979600694445 27
110 1.2 4.90460205078125 1.8372212436543802 16.35791015625 3.569091796875 4.959393475506757 37
120 0.9 4.589952256944445 0.802391563666562 16.35791015625 3.569091796875 4.945975167410714 49
130 1.9 113.46355879934211 418.4777659811444 1885.85205078125 3.569091796875 4.890730233028017 58
140 1.9 25.377377158717106 44.740413794356044 1885.85205078125 3.569091796875 31.681428190949674 77
150 1.7 20.766314338235293 26.840951029036 1885.85205078125 3.569091796875 30.433751424153645 96
160 2.4 54.588663736979164 42.237907790596005 1885.85205078125 3.569091796875 28.979358234236727 113
170 3.7 436.5448558910473 293.0330868232612 1885.85205078125 3.569091796875 33.46565992814781 137
180 4.1 727.0936189977134 400.9162343204296 1885.85205078125 0.760009765625 119.17790274784483 174
190 7 498.39330705915177 422.9188077389945 1885.85205078125 0.697021484375 235.10601607921512 215
200 5.9 439.4953571901483 396.1315769942616 1885.85205078125 0.68505859375 299.77307000411184 285
210 3.5 675.4751046316965 779.0436672119316 3798.367919921875 0.68505859375 323.73706693427505 344
220 2.8 787.4438738141741 1536.4130794775763 6427.364013671875 0.68505859375 356.21947147097626 379
230 2.7 417.25111219618054 348.49561020355975 6427.364013671875 0.68505859375 385.88601512112257 407
240 3.3 1119.829575047349 2092.1061812083335 8910.6689453125 0.68505859375 387.83729996219756 434
250 5 440.4881689453125 580.5189666719677 8910.6689453125 0.68505859375 439.5626641545102 467
260 3.9 1008.0172463441506 2939.8187106583414 18695.546875 0.68505859375 439.6521713876632 517
270 3.7 3681.4173287056597 9306.285495481781 34840.823974609375 0.68505859375 479.51950578209306 556
280 4 3974.7448181152345 14364.459039827743 66919.626953125 0.68505859375 679.3006515631587 593
290 4.7 5088.87473508145 16057.118012144032 67056.70288085938 0.68505859375 887.5435688808254 633
300 3.6 2314.5921020507813 10562.46962682904 67056.70288085938 0.68505859375 1177.9296936035157 680
310 0.1 0.7080078125 0.0 67056.70288085938 0.68505859375 1235.0803174919258 716
320 0 0 0 67056.70288085938 0.68505859375 1233.358738259458 717
330 0 0 0 67056.70288085938 0.68505859375 1233.358738259458 717
340 1.1 11593.248291015625 36604.391133751385 127346.48413085938 0.68505859375 1233.358738259458 717
350 2 12751.29307861328 38197.05301470731 127418.11303710938 0.68505859375 1389.8955309522023 728
360 0.1 5.39697265625 0.0 127418.11303710938 0.68505859375 1693.6762140447443 748
370 0 0 0 127418.11303710938 0.68505859375 1691.4221696637183 749
380 0 0 0 127418.11303710938 0.68505859375 1691.4221696637183 749
390 0 0 0 127418.11303710938 0.68505859375 1691.4221696637183 749
400 0 0 0 127418.11303710938 0.68505859375 1691.4221696637183 749
410 0 0 0 127418.11303710938 0.68505859375 1691.4221696637183 749
420 0 0 0 127418.11303710938 0.68505859375 1691.4221696637183 749
430 0 0 0 127418.11303710938 0.68505859375 1691.4221696637183 749
440 0 0 0 127418.11303710938 0.68505859375 1691.4221696637183 749
450 0 0 0 127418.11303710938 0.68505859375 1691.4221696637183 749
460 0 0 0 127418.11303710938 0.68505859375 1691.4221696637183 749
470 0 0 0 127418.11303710938 0.68505859375 1691.4221696637183 749
471 0 0 0 127418.11303710938 0.68505859375 1691.4221696637183 749
