20 0.1 27.60498046875 0 27.60498046875 27.60498046875 0 0
30 0.1 8.22802734375 0.0 27.60498046875 8.22802734375 27.60498046875 1
40 0 0 0 27.60498046875 8.22802734375 17.91650390625 2
50 0.1 9.404052734375 0.0 27.60498046875 8.22802734375 17.91650390625 2
60 0 0 0 27.60498046875 8.22802734375 15.079020182291666 3
70 0.2 9.280029296875 1.695068359375 27.60498046875 7.5849609375 15.079020182291666 3
80 0.1 8.2080078125 0.0 27.60498046875 7.5849609375 12.759423828125 5
90 0.2 10.7835693359375 2.8065185546875 27.60498046875 7.5849609375 12.0008544921875 6
100 0.1 9.865966796875 0.0 27.60498046875 7.5849609375 11.696533203125 8
110 0.1 8.24609375 0.0 27.60498046875 7.5849609375 11.49313693576389 9
120 0.2 11.446533203125 0.91748046875 27.60498046875 7.5849609375 11.1684326171875 10
130 0.4 33.041259765625 22.97190329711213 66.095947265625 7.5849609375 11.21478271484375 12
140 0.9 21.19525824652778 12.596794142173643 66.095947265625 7.5849609375 16.671401977539063 16
150 0.8 66.05450439453125 54.21384530196272 168.756103515625 7.5849609375 18.299990234375 25
160 0.9 70.64781358506944 49.377498295122095 172.802978515625 7.5849609375 29.876842151988637 33
170 1.2 415.93446858723956 255.52176327355622 808.19189453125 7.5849609375 38.61347888764881 42
180 1 752.8807373046875 407.0492677742994 1225.89208984375 0.949951171875 122.4625877097801 54
190 1.9 624.7557308799342 378.67777413684183 1225.89208984375 0.76904296875 220.96542358398438 64
200 2.2 482.89082475142044 410.2080434775089 1225.89208984375 0.736083984375 313.39934935052713 83
210 2.9 492.57942988954744 449.2905640225848 1225.89208984375 0.736083984375 348.91184895833334 105
220 3.3 371.885771780303 363.3711989923081 1225.89208984375 0.7119140625 380.0040866225513 134
230 2.6 539.1901104266827 300.35061027984597 1225.89208984375 0.7119140625 378.39986871959206 167
240 2 296.7236572265625 330.7462697301625 1225.89208984375 0.7119140625 400.0607302967131 193
250 1.9 440.2947548314145 300.39244920160695 1225.89208984375 0.7119140625 390.3577187408304 213
260 2.7 492.5796531394676 384.0057486074587 1225.89208984375 0.7119140625 394.44738979997305 232
270 1.9 340.82822779605266 364.9842499069436 1225.89208984375 0.7119140625 404.6773940863296 259
280 1.6 426.732421875 340.29503623842515 1225.89208984375 0.7119140625 400.31360214562727 278
290 3 452.22535807291666 350.32389530180967 1225.89208984375 0.7119140625 401.7513610424639 294
300 1.5 571.2938151041667 298.5605306314309 1225.89208984375 0.7119140625 406.4248792860243 324
310 2 448.11182861328126 336.61089591737726 1225.89208984375 0.7119140625 413.71996494169434 339
320 1.2 352.83192952473956 300.8327439725756 1225.89208984375 0.7119140625 415.6359462047354 359
330 1 428.9604248046875 87.17431096042115 1225.89208984375 0.7119140625 413.6045494388056 371
340 0 0 0 1225.89208984375 0.7119140625 414.00759078699144 381
350 0.2 27.094970703125 22.1630859375 1225.89208984375 0.7119140625 414.00759078699144 381
360 0.7 23.731968470982142 21.884725771161634 1225.89208984375 0.7119140625 411.9871593505222 383
370 0 0 0 1225.89208984375 0.7119140625 405.0184764372997 390
380 0.3 9.374348958333334 2.2533706243098486 1225.89208984375 0.7119140625 405.0184764372997 390
390 0.2 8.70654296875 0.83740234375 1225.89208984375 0.7119140625 401.99829225807093 393
400 0 0 0 1225.89208984375 0.7119140625 400.0069416287579 395
410 0 0 0 1225.89208984375 0.7119140625 400.0069416287579 395
420 0 0 0 1225.89208984375 0.7119140625 400.0069416287579 395
430 0 0 0 1225.89208984375 0.7119140625 400.0069416287579 395
440 0 0 0 1225.89208984375 0.7119140625 400.0069416287579 395
450 0 0 0 1225.89208984375 0.7119140625 400.0069416287579 395
460 0 0 0 1225.89208984375 0.7119140625 400.0069416287579 395
470 0 0 0 1225.89208984375 0.7119140625 400.0069416287579 395
471 0 0 0 1225.89208984375 0.7119140625 400.0069416287579 395
