10 0.1 6.031005859375 0 6.031005859375 6.031005859375 0 0
20 0.2 49.2073974609375 43.4625244140625 92.669921875 5.744873046875 6.031005859375 1
30 0.3 6.217366536458333 0.8646001009866308 92.669921875 5.56103515625 34.815266927083336 3
40 0.3 5.923746744791667 0.19065505383212564 92.669921875 5.56103515625 20.516316731770832 6
50 0.3 5.781168619791667 0.10680872547178559 92.669921875 5.56103515625 15.65212673611111 9
60 0.6 6.431844075520833 1.7569154692280584 92.669921875 5.494140625 13.18438720703125 12
70 0.4 7.81610107421875 1.4196604615306274 92.669921875 5.380126953125 10.933539496527779 18
80 0.7 15.484409877232142 21.388641404547247 92.669921875 5.380126953125 10.366732510653408 22
90 0.8 5.80926513671875 0.40165706942183926 92.669921875 5.380126953125 11.602033943965518 29
100 0.9 6.298692491319445 1.1921333643509442 92.669921875 5.380126953125 10.349543391047296 37
110 1.2 7.562886555989583 2.647484532811658 92.669921875 5.199951171875 9.556985606317934 46
120 1.5 8.88740234375 7.793007637098994 92.669921875 5.199951171875 9.144413389008621 58
130 2 30.8135498046875 55.79464059948233 223.33984375 5.199951171875 9.091602900256849 73
140 3.5 18.62923409598214 25.646468703743427 223.33984375 5.199951171875 13.762989331317204 93
150 3 32.037044270833334 31.44541910662433 223.33984375 5.199951171875 15.093603134155273 128
160 3.5 75.47424665178572 49.36221662033586 223.33984375 5.199951171875 18.310712210739716 158
170 3.3 480.2267104640151 274.3160485670726 844.3388671875 5.199951171875 28.677156280359455 193
180 5 854.7643310546875 290.6505310598962 1204.298828125 0.72412109375 94.61138321868086 226
190 6.1 495.8368860463627 417.87700967989474 1204.298828125 0.69189453125 232.32025058027628 276
200 11.4 503.6836901212993 390.8174328043989 1204.298828125 0.658935546875 280.0191074450575 337
210 12 461.9507364908854 442.42937167097364 1204.298828125 0.653076171875 336.5551660372783 451
220 7.4 495.5264199746621 356.94701606885394 1204.298828125 0.64208984375 362.9080004583516 571
230 6.3 554.0448133680552 300.5651578779629 1204.298828125 0.64208984375 378.12313696099807 645
240 6.5 454.7804950420673 306.8570700874063 1204.298828125 0.64208984375 393.77718443789723 708
250 5.8 382.30427498653006 312.4875370653535 1204.298828125 0.64208984375 398.9068289259581 773
260 7.4 394.2387563344595 390.59069327304536 1204.298828125 0.64208984375 397.74804658120865 831
270 7.9 451.4406089299842 366.6868393588191 1204.298828125 0.630126953125 397.4610990914192 905
280 8.2 481.64664812785804 346.6271029995157 1204.298828125 0.630126953125 401.7948199016292 984
290 8.6 355.8185580941135 351.77282797647416 1204.298828125 0.610107421875 407.93726822672375 1066
300 8.6 457.8087044649345 427.4414922726276 2506.278076171875 0.610107421875 404.0464617411296 1152
310 6.8 451.4722684972426 338.87575271946366 2506.278076171875 0.610107421875 407.7811571161273 1238
320 2.1 481.2061244419643 273.10032886203174 2506.278076171875 0.610107421875 410.0560388725713 1306
330 1.7 453.68846220128677 102.32712341736524 2506.278076171875 0.610107421875 411.1820010405873 1327
340 0.7 145.60152762276786 134.33393341830075 2506.278076171875 0.610107421875 411.7196571713402 1344
350 2.8 24.155029296875 20.2272014551728 2506.278076171875 0.610107421875 410.34080675917147 1351
360 2.5 9.283125000000002 5.264355652497441 2506.278076171875 0.610107421875 402.49947117618063 1379
370 1.7 13.743494370404411 7.616765260775913 2506.278076171875 0.610107421875 395.49775561036546 1404
380 1 8.68408203125 5.319106766673595 2506.278076171875 0.610107421875 390.9306743710415 1421
390 0.3 7.064697265625 0.9709269970965364 2506.278076171875 0.610107421875 388.25948923938677 1431
400 0 0 0 2506.278076171875 0.610107421875 387.4620105950902 1434
410 0 0 0 2506.278076171875 0.610107421875 387.4620105950902 1434
420 0 0 0 2506.278076171875 0.610107421875 387.4620105950902 1434
430 0 0 0 2506.278076171875 0.610107421875 387.4620105950902 1434
440 0 0 0 2506.278076171875 0.610107421875 387.4620105950902 1434
450 0 0 0 2506.278076171875 0.610107421875 387.4620105950902 1434
460 0 0 0 2506.278076171875 0.610107421875 387.4620105950902 1434
470 0 0 0 2506.278076171875 0.610107421875 387.4620105950902 1434
471 0 0 0 2506.278076171875 0.610107421875 387.4620105950902 1434
