60 1.6 9.515869140625 1.8171674671528497 15.7451171875 8.508056640625 0 0
70 1.6 9.873611450195313 2.1358033573419966 15.7451171875 8.508056640625 9.515869140625 16
80 3.2 10.352989196777344 2.1456029192068056 15.7451171875 8.468994140625 9.694740295410156 32
90 1.6 11.042816162109375 3.1975050062062738 18.10009765625 8.468994140625 10.02386474609375 64
100 2.4 11.008107503255209 2.62261706474299 18.11279296875 8.468994140625 10.227655029296875 80
110 1.6 10.465545654296875 2.1397985336520096 18.11279296875 8.468994140625 10.407759446364183 104
120 2.4 11.322611490885416 3.1195380765751746 21.216064453125 8.468994140625 10.415464274088542 120
130 4.2 36.29316638764882 37.12848697697054 229.166015625 8.468994140625 10.566655476888021 144
140 6 25.270182291666668 20.523533705590875 229.166015625 8.468994140625 16.375867618027552 186
150 4.6 48.34749702785327 36.42801145575388 229.166015625 8.468994140625 18.545212660378557 246
160 10 84.79308837890629 40.0322791781335 229.166015625 8.468994140625 23.240093074432792 292
170 3.6 367.85234917534723 288.6961177227354 859.781005859375 8.468994140625 38.942387794961746 392
180 7.1 690.4310044839351 449.2020586428582 1245.10498046875 0.114990234375 66.60771164938669 428
190 17.2 441.55179329805605 430.03035581824344 1245.10498046875 0.10791015625 155.36814008877133 499
200 15.4 453.6159763088474 424.9114684594941 1245.10498046875 0.10791015625 228.7266920291543 671
210 12.5 589.446708984375 880.0632947509564 6509.467041015625 0.10791015625 270.706025094697 825
220 15 499.2100439453124 740.6368522110894 6509.467041015625 0.10791015625 312.64558876439145 950
230 16 782.4275726318363 1207.271203685204 6509.467041015625 0.10791015625 338.0861962890625 1100
240 19.2 705.6929473876952 1076.7513679352905 6509.467041015625 0.10791015625 394.51049804687506 1260
250 22.3 751.8828267324128 1027.8122007017623 6509.467041015625 0.10791015625 435.65859052169424 1452
260 20.9 1214.2347476356913 2688.7064700848996 34786.994140625 0.09814453125 477.7588918201959 1675
270 25.9 1314.440077144667 1396.3338566859277 34786.994140625 0.050048828125 559.4592388825305 1884
280 30 1076.7202441406248 1138.1506730858644 34786.994140625 0.050048828125 650.705173138197 2143
290 32.1 1247.5586675245813 1336.6595384195869 34786.994140625 0.050048828125 703.0197541045205 2443
300 40.9 1040.7571570809127 1075.7861363489126 34786.994140625 0.050048828125 766.2603442665464 2764
310 28.3 438.84064346151723 332.00779605819514 34786.994140625 0.050048828125 801.6430093913733 3173
320 27.3 508.77650490785254 249.0651238644811 34786.994140625 0.050048828125 771.9343665794089 3456
330 32.1 417.2892290632303 86.68693100863086 34786.994140625 0.050048828125 752.6685858777905 3729
340 22.3 111.9555335622197 98.2464113986852 34786.994140625 0.050048828125 726.0866664858216 4050
350 12.7 1022.9020227146904 11261.382065351809 127431.42993164063 0.050048828125 694.0362937636211 4273
360 6.4 18.111438751220703 13.334561299016075 127431.42993164063 0.050048828125 703.5285545765269 4400
370 12.8 17.91744041442871 11.925246279569974 127431.42993164063 0.050048828125 693.7017858908594 4464
380 8.8 11.62363780628551 6.511154683533124 127431.42993164063 0.050048828125 674.8645915918647 4592
390 2.4 9.471455891927084 1.4254606677638624 127431.42993164063 0.050048828125 662.3933941702555 4680
400 2.4 7.819040934244792 2.5690446439653565 127431.42993164063 0.050048828125 659.0621597912844 4704
410 1.6 9.6783447265625 1.5655442955627468 127431.42993164063 0.050048828125 655.7563571574924 4728
420 0 0 0 127431.42993164063 0.050048828125 653.577341938501 4744
430 0.8 3.411224365234375 0.05441405700935506 127431.42993164063 0.050048828125 653.577341938501 4744
440 0.8 3.35137939453125 0.03966228637866208 127431.42993164063 0.050048828125 652.4827861850107 4752
450 0 0 0 127431.42993164063 0.050048828125 651.391809030741 4760
460 0.8 8.9793701171875 0.9505199806871467 127431.42993164063 0.050048828125 651.391809030741 4760
470 0 0 0 127431.42993164063 0.050048828125 650.3139358110874 4768
471 0 0 0 127431.42993164063 0.050048828125 650.3139358110874 4768
