40 0.1 57.467041015625 0 57.467041015625 57.467041015625 0 0
50 0.2 61.4395751953125 6.5416259765625 67.981201171875 54.89794921875 57.467041015625 1
60 0.3 68.93546549479167 10.457959459088757 77.4111328125 54.201171875 60.115397135416664 3
70 0.1 58.096923828125 0.0 77.4111328125 54.201171875 64.52543131510417 6
80 0.3 68.27962239583333 7.793113367645109 79.10400390625 54.201171875 63.60707310267857 7
90 0.2 58.7845458984375 5.1595458984375 79.10400390625 53.625 65.008837890625 10
100 0.2 58.1190185546875 1.4200439453125 79.10400390625 53.625 63.971455891927086 12
110 0.4 64.95654296875 4.789492492912224 79.10400390625 53.625 63.13539341517857 14
120 0.3 63.093668619791664 2.454468930644065 79.10400390625 53.625 63.54009331597222 18
130 0.5 201.83681640625 107.64052334966026 370.971923828125 53.625 63.476318359375 21
140 0.9 170.10682508680554 90.8302141084258 370.971923828125 53.625 90.0841064453125 26
150 0.9 179.28993055555554 81.80478715649068 370.971923828125 53.625 110.661376953125 35
160 0.5 143.905029296875 80.74743005291697 370.971923828125 53.625 124.69903564453125 44
170 1.1 538.866943359375 286.6568643678613 1007.360107421875 53.625 126.65883091517857 49
180 1.2 1058.6660766601563 345.70414671679197 1385.567138671875 0.77099609375 202.23031819661458 60
190 2.2 683.0899103338069 435.18905858799957 1385.567138671875 0.748046875 344.9696112738715 72
200 2.5 492.6245703125 449.03122137021575 1385.567138671875 0.748046875 424.1041493517287 94
210 4.2 516.1728748139881 501.45757997292293 1385.567138671875 0.718994140625 438.49919577205884 119
220 3.8 503.6569117495888 419.80555749240403 1385.567138671875 0.718994140625 458.7618946525621 161
230 3.2 451.4101257324219 404.07312900555405 1385.567138671875 0.718994140625 467.3348124901853 199
240 2.5 417.1699609375 348.36201479405315 1385.567138671875 0.718994140625 465.1287952769886 231
250 2.8 444.3363821847098 311.1701956004596 1385.567138671875 0.718994140625 460.44531536102295 256
260 2.8 493.38827078683033 472.170689543165 1385.567138671875 0.718994140625 458.85711068166813 284
270 4.1 579.178496570122 553.284364066364 2853.262939453125 0.718994140625 461.95606094751605 312
280 3 478.7896402994791 414.19304133470325 2853.262939453125 0.718994140625 475.5711313739377 353
290 2.6 489.6304931640625 334.47347195367144 2853.262939453125 0.718994140625 475.8232339007425 383
300 3.2 586.8739776611327 417.3985444005745 2853.262939453125 0.718994140625 476.7009569834963 409
310 3.9 418.2612742888622 399.3072147335975 2853.262939453125 0.718994140625 484.6953711823271 441
320 2 637.1649291992187 295.6759245368493 2853.262939453125 0.718994140625 479.29760080973307 480
330 1.5 464.8686197916667 145.63759267046984 2853.262939453125 0.718994140625 485.6122939453125 500
340 0.8 251.54806518554688 158.60718770813853 2853.262939453125 0.718994140625 485.00810926122574 515
350 0.5 162.9251953125 103.290353329698 2853.262939453125 0.718994140625 481.43701872087115 523
360 0.8 124.85794067382813 65.68659542499842 2853.262939453125 0.718994140625 478.42080827192825 528
370 0.9 129.99962022569446 61.465665838052175 2853.262939453125 0.718994140625 473.1437505465835 536
380 0 0 0 2853.262939453125 0.718994140625 467.4771502293578 545
390 0.1 86.6669921875 0.0 2853.262939453125 0.718994140625 467.4771502293578 545
400 0.2 72.56005859375 17.759033203125 2853.262939453125 0.718994140625 466.7796957274496 546
410 0.1 65.26806640625 0.0 2853.262939453125 0.718994140625 465.3409379276916 548
420 0.2 55.633056640625 1.847900390625 2853.262939453125 0.718994140625 464.6122077427709 549
430 0 0 0 2853.262939453125 0.718994140625 463.1277099166288 551
440 0 0 0 2853.262939453125 0.718994140625 463.1277099166288 551
450 0 0 0 2853.262939453125 0.718994140625 463.1277099166288 551
460 0 0 0 2853.262939453125 0.718994140625 463.1277099166288 551
470 0 0 0 2853.262939453125 0.718994140625 463.1277099166288 551
471 0 0 0 2853.262939453125 0.718994140625 463.1277099166288 551
