0 5 5
10 7 8
20 11 11
30 22 22
40 31 31
50 34 38
60 43 43
70 47 50
80 55 55
90 72 74
100 86 86
110 110 110
120 147 147
130 200 201
140 234 239
150 281 281
160 349 351
170 441 442
180 587 587
190 803 803
200 1011 1011
210 1274 1274
220 1767 1767
230 2230 2231
240 2342 2447
250 2115 2447
260 1915 2447
270 1703 2447
280 1497 2447
290 1284 2447
300 1053 2447
310 893 2447
320 728 2447
330 576 2447
340 420 2447
350 300 2447
360 220 2447
370 155 2447
380 122 2447
390 87 2447
400 59 2447
410 36 2447
420 23 2447
430 12 2447
440 5 2447
450 2 2447
460 1 2447
470 0 2447
471 0 2447
