0 0.5 5
10 0.4 9
20 0.5 14
30 1.3 27
40 1.3 40
50 1.4 54
60 1.8 72
70 1.6 88
80 2.2 110
90 3 140
100 3.4 174
110 4.5 219
120 6.2 281
130 9 371
140 8.4 455
150 9.3 548
160 13.6 684
170 16.4 848
180 23.3 1081
190 36.2 1443
200 35.3 1796
210 40.7 2203
220 64.9 2852
230 59.9 3451
240 29.3 3744
250 0 3744
260 0 3744
270 0 3744
280 0 3744
290 0 3744
300 0 3744
310 0 3744
320 0 3744
330 0 3744
340 0 3744
350 0 3744
360 0 3744
370 0 3744
380 0 3744
390 0 3744
400 0 3744
410 0 3744
420 0 3744
430 0 3744
440 0 3744
450 0 3744
460 0 3744
470 0 3744
471 0 3744
