0 0.1 3168.203125 0 3168.203125 3168.203125 0 0
10 0.1 3167.98828125 0.0 3168.203125 3167.98828125 3168.203125 1
20 0.1 3166.30859375 0.0 3168.203125 3166.30859375 3168.095703125 2
30 0.1 3162.6796875 0.0 3168.203125 3162.6796875 3167.5 3
40 0.1 3161.55859375 0.0 3168.203125 3161.55859375 3166.294921875 4
50 0.1 3161.23046875 0.0 3168.203125 3161.23046875 3165.34765625 5
60 0.1 3160.63671875 0.0 3168.203125 3160.63671875 3164.6614583333335 6
70 0.1 3158.4765625 0.0 3168.203125 3158.4765625 3164.086495535714 7
80 0.1 3155.703125 0.0 3168.203125 3155.703125 3163.38525390625 8
90 0.1 3155.70703125 0.0 3168.203125 3155.703125 3162.531684027778 9
100 0.1 3154.046875 0.0 3168.203125 3154.046875 3161.84921875 10
110 0.1 3153.921875 0.0 3168.203125 3153.921875 3161.1399147727275 11
120 0.1 3151.765625 0.0 3168.203125 3151.765625 3160.5384114583335 12
130 0.1 3148.37890625 0.0 3168.203125 3148.37890625 3159.863581730769 13
140 0.1 3141.8046875 0.0 3168.203125 3141.8046875 3159.0432477678573 14
150 0.1 3135.359375 0.0 3168.203125 3135.359375 3157.894010416667 15
160 0.1 3118.3671875 0.0 3168.203125 3118.3671875 3156.485595703125 16
170 0.1 3108.06640625 0.0 3168.203125 3108.06640625 3154.243336397059 17
180 0.1 3087.5859375 0.0 3168.203125 3087.5859375 3151.6779513888887 18
190 0.1 3055.9609375 0.0 3168.203125 3055.9609375 3148.3046875 19
200 0.1 3036.3203125 0.0 3168.203125 3036.3203125 3143.6875 20
210 0.1 3011.55078125 0.0 3168.203125 3011.55078125 3138.574776785714 21
220 0.1 2987.296875 0.0 3168.203125 2987.296875 3132.800958806818 22
230 0.1 2967.8515625 0.0 3168.203125 2967.8515625 3126.4746942934785 23
240 0.1 2952.46875 0.0 3168.203125 2952.46875 3119.8653971354165 24
250 0.1 2946.9609375 0.0 3168.203125 2946.9609375 3113.16953125 25
260 0.1 2945.6875 0.0 3168.203125 2945.6875 3106.776893028846 26
270 0.1 2944.71484375 0.0 3168.203125 2944.71484375 3100.810619212963 27
280 0.1 2944.50390625 0.0 3168.203125 2944.50390625 3095.235770089286 28
290 0.1 2944.95703125 0.0 3168.203125 2944.50390625 3090.038119612069 29
300 0.1 2953.80859375 0.0 3168.203125 2944.50390625 3085.202083333333 30
310 0.1 2967.08203125 0.0 3168.203125 2944.50390625 3080.9635836693546 31
320 0.1 3016.26171875 0.0 3168.203125 2944.50390625 3077.40478515625 32
330 0.1 3026.94140625 0.0 3168.203125 2944.50390625 3075.551964962121 33
340 0.1 3027.54296875 0.0 3168.203125 2944.50390625 3074.122242647059 34
350 0.1 3034.2578125 0.0 3168.203125 2944.50390625 3072.79140625 35
360 0.1 3046.73046875 0.0 3168.203125 2944.50390625 3071.7210286458335 36
366 0.1 3051.46484375 0.0 3168.203125 2944.50390625 3071.045608108108 37
