0 1.3 360.42745267427887 654.8592773893897 1833.173095703125 9.634033203125 0 0
10 5.6 184.50962611607142 277.01613827804835 1833.173095703125 8.89501953125 360.42745267427887 13
20 9.2 135.70685610563862 349.4968064283848 2235.05517578125 7.59716796875 217.653564453125 69
30 10.3 78.04919315078884 191.04768316884957 2235.05517578125 7.59716796875 170.82687396884708 161
40 10.7 87.84965500876166 201.89032286698884 2235.05517578125 7.59716796875 134.62952122543797 264
50 11.8 130.8604198391154 275.3129906969721 2235.05517578125 7.59716796875 121.13775387992756 371
60 16.1 75.59994449970888 154.04856554062536 2235.05517578125 7.59716796875 123.48391867171522 489
70 21.9 92.2428207049087 217.16390490819285 2235.05517578125 7.510986328125 111.62342660757211 650
80 21.8 75.92611050387036 161.7136585617225 2235.05517578125 7.510986328125 106.73924629378236 869
90 27.7 72.35060444635604 164.39910258685765 2235.05517578125 7.094970703125 100.55961096517075 1087
100 37.2 92.02232902280745 214.7812569657619 2235.05517578125 7.094970703125 94.83094908415046 1364
110 36.8 70.91463238260023 160.77416045101364 2235.05517578125 7.094970703125 94.2291019281484 1736
120 43 96.60789880087218 254.93406001614346 3341.375 7.094970703125 90.1512859620069 2104
130 60.5 144.03017981663217 332.0524402726905 3967.023193359375 7.071044921875 91.24692271051205 2534
140 71.9 109.78308971336061 214.82586275749213 3967.023193359375 7.071044921875 101.42018507088245 3139
150 93.4 145.97811543303345 257.9835513044017 3967.023193359375 7.071044921875 102.97874609678752 3858
160 128.5 211.0691569643726 273.64463499263564 3967.023193359375 7.071044921875 111.35967492818436 4792
170 134.3 365.50532128397265 338.84410215844 3967.023193359375 7.071044921875 132.44354598569663 6077
180 136.3 1013.2790957231864 698.5601551461083 3967.023193359375 7.071044921875 174.62709911582937 7420
190 156.7 2154.947061836916 1419.4871303428486 6915.73388671875 1.433837890625 304.77427791303165 8783
200 224.4 1913.4093757398175 1803.4047423772647 8187.35888671875 1.4091796875 584.8922250056623 10350
210 342 1232.3058900710444 1449.7369428871584 8187.35888671875 1.358154296875 821.6075248506238 12594
220 453.4 960.397546984416 1388.5143033872544 8187.35888671875 1.26611328125 909.3175541408597 16014
230 513.4 824.8322092434461 1171.1016128900421 8187.35888671875 1.26611328125 920.588562879067 20548
240 504.9 846.7199704613541 1056.4420461090313 8187.35888671875 1.26611328125 901.4462406469481 25682
250 480.7 894.536133625117 968.8849591535691 8187.35888671875 1.26611328125 892.4548984137938 30731
260 350 1185.77086516462 741.5648974504146 8187.35888671875 1.26611328125 892.7364139087803 35538
270 284.1 1304.8224606968822 554.2438849367649 8187.35888671875 1.26611328125 919.0087787685436 39038
280 284.5 1030.4747446177487 471.4591789625608 8187.35888671875 1.26611328125 945.1817215407782 41879
290 215.8 427.14378989063187 424.96778623468634 8187.35888671875 1.26611328125 950.6074135775813 44724
300 84.6 58.46722282247339 119.8093085129288 8187.35888671875 1.26611328125 926.5121424731822 46882
310 36.2 37.6672740957355 117.32405125087634 8187.35888671875 1.26611328125 911.1256607009625 47728
320 24.8 23.430864887852817 65.69507973521299 8187.35888671875 1.26611328125 904.5506568342315 48090
330 9.1 47.22702395260988 129.557476920117 8187.35888671875 1.26611328125 900.0300372719265 48338
340 4.7 69.17897585605056 173.18097507918898 8187.35888671875 1.26611328125 898.4275867936582 48429
350 6.9 18.866264011548914 9.420579250388046 8187.35888671875 1.26611328125 897.6235871915031 48476
360 1.7 19.756821576286764 5.079205184921052 8187.35888671875 1.26611328125 896.3745552561974 48545
366 1.7 14.406350528492645 6.807195514437822 8187.35888671875 1.26611328125 896.0676794794057 48562
