10 0.1 116 0 116 116 0 0
20 0.1 387.0 0.0 387 116 116.0 1
30 0.1 454.0 0.0 454 116 251.5 2
40 0.1 508.0 0.0 508 116 319.0 3
50 0.1 555.0 0.0 555 116 366.25 4
60 0.1 585.0 0.0 585 116 404.0 5
70 0.1 860.0 0.0 860 116 434.1666666666667 6
80 0.1 1026.0 0.0 1026 116 495.0 7
90 0.1 901.0 0.0 1026 116 561.375 8
100 0.1 1505.0 0.0 1505 116 599.1111111111111 9
110 0.1 1.7e3 0.0 1700 116 689.7 10
120 0.1 1605.0 0.0 1700 116 781.5454545454545 11
130 0.1 2391.0 0.0 2391 116 850.1666666666666 12
140 0.1 2976.0 0.0 2976 116 968.6923076923077 13
150 0.1 3713.0 0.0 3713 116 1112.0714285714287 14
160 0.1 5080.0 0.0 5080 116 1285.4666666666667 15
170 0.1 6201.0 0.0 6201 116 1522.625 16
180 0.1 6680.0 0.0 6680 116 1797.8235294117646 17
190 0.1 6963.0 0.0 6963 116 2069.0555555555557 18
200 0.1 8183.0 0.0 8183 116 2326.6315789473683 19
210 0.1 9993.0 0.0 9993 116 2619.45 20
220 0.1 13046.0 0.0 13046 116 2970.5714285714284 21
230 0.1 16511.0 0.0 16511 116 3428.5454545454545 22
240 0.1 17626.0 0.0 17626 116 3997.3478260869565 23
250 0.1 14360.0 0.0 17626 116 4565.208333333333 24
260 0.1 13750.0 0.0 17626 116 4957.0 25
270 0.1 11099.0 0.0 17626 116 5295.192307692308 26
280 0.1 10557.0 0.0 17626 116 5510.148148148148 27
290 0.1 9485.0 0.0 17626 116 5690.392857142857 28
300 0.1 5255.0 0.0 17626 116 5821.241379310345 29
310 0.1 1674.0 0.0 17626 116 5802.366666666667 30
320 0.1 984.0 0.0 17626 116 5669.193548387097 31
330 0.1 536.0 0.0 17626 116 5522.78125 32
340 0.1 340.0 0.0 17626 116 5371.666666666667 33
350 0.1 212.0 0.0 17626 116 5223.676470588235 34
360 0.1 284.0 0.0 17626 116 5080.4857142857145 35
366 0.1 41.0 0.0 17626 41 4947.25 36
