30 0.9 28872.211995442707 4788.696380642709 35107.129150390625 21583.553955078125 0 0
40 0.8 27351.309112548828 8410.291798104074 39111.630126953125 9469.413818359375 28872.211995442707 9
50 0.9 27940.953314887152 14411.649024388997 45568.365966796875 7159.472900390625 28156.49299172794 17
60 0.7 35163.26715959822 14020.760457263956 59385.8359375 7159.472900390625 28081.883103590746 26
70 1.3 38668.22449669471 18747.17581107187 65339.9140625 7159.472900390625 29583.994873046875 33
80 1.2 36436.67856852214 15234.025005059597 69718.72192382813 7159.472900390625 32151.27715799083 46
90 1.6 37667.70980834961 13204.57545267701 69718.72192382813 6139.44189453125 33037.91193258351 58
100 1.8 39294.32024468316 14395.547790968581 69718.72192382813 6139.44189453125 34038.94931112754 74
110 1.7 38149.682717715994 18292.352955689577 70933.51220703125 6139.44189453125 35067.174058997116 92
120 2.9 40218.76003502156 14431.370939389699 70933.51220703125 6139.44189453125 35547.932290173456 109
130 3 39535.07787272136 16722.32866808317 94357.04614257813 6139.44189453125 36529.48304814878 138
140 3.6 40617.905646430125 14933.612473311561 94357.04614257813 6139.44189453125 37066.1964096796 168
150 4 37241.54942626952 15617.992621480918 94357.04614257813 6139.44189453125 37692.968627929695 204
160 5.8 43467.26506516029 17974.270911627736 94357.04614257813 6139.44189453125 37618.96548011655 244
170 6.2 41979.60079463836 18178.07290719337 106452.46997070313 6139.44189453125 38742.148844131574 302
180 5.8 41573.53629697601 12643.320884192693 106452.46997070313 6139.44189453125 39293.58296756954 364
190 5.6 47484.82267979213 13586.613228404105 106452.46997070313 6139.44189453125 39606.94148203773 422
200 8 50053.92626953125 14454.018707234825 106452.46997070313 6139.44189453125 40529.87317047758 478
210 13.7 51242.86619133497 15762.000655375947 106452.46997070313 6139.44189453125 41895.32881191896 558
220 19.9 51419.928628739406 16477.46234551732 126022.24609375 6139.44189453125 43737.93689965996 695
230 24.3 49026.78808292343 17653.647703325943 126022.24609375 6139.44189453125 45447.91045009263 894
240 30.5 48367.539081711046 16693.957987203594 126022.24609375 6139.44189453125 46212.78931093509 1137
250 42 49321.62717692057 16959.84598398273 126022.24609375 6139.44189453125 46668.54429019075 1442
260 38.4 51437.2834364573 16788.12669245415 126022.24609375 6139.44189453125 47266.98403907718 1862
270 38.1 56747.34502196625 16687.42211548663 170578.44580078125 6139.44189453125 47979.982689386154 2246
280 41.2 63642.26017568644 14744.054451325925 170578.44580078125 6139.44189453125 49251.53390701577 2627
290 37.3 69432.93771926839 13123.381518309727 170578.44580078125 6139.44189453125 51202.49778417678 3039
300 17.9 75766.64385611257 10959.973401092613 170578.44580078125 6139.44189453125 53195.45033276681 3412
310 7.2 86386.54871622719 13039.978476527273 170578.44580078125 6139.44189453125 54320.55298959747 3591
320 3.4 98629.23846794578 13132.382752403313 170578.44580078125 6139.44189453125 54950.842831889946 3663
330 1 106526.96520996094 14211.61436673002 170578.44580078125 6139.44189453125 55352.53757130728 3697
340 0.9 110580.09033203125 6946.287820150661 170578.44580078125 6139.44189453125 55490.585663129925 3707
350 0.5 128106.91025390624 19221.434676004246 170578.44580078125 6139.44189453125 55624.01019004599 3716
360 0.1 135020.18115234375 0.0 170578.44580078125 6139.44189453125 55721.40726081173 3721
366 0.1 133300.31494140625 0.0 170578.44580078125 6139.44189453125 55742.71268098678 3722
