0 35.90390625 35.90390625
10 198.0671875 233.97109375
20 212.128125 446.09921875
30 284.9 730.99921875
40 320.0140625 1051.01328125
50 371.30703125 1422.3203125
60 495.2359375 1917.55625
70 615.00703125 2532.56328125
80 665.7453125 3198.30859375
90 796.87890625 3995.1875
100 1099.61171875 5094.79921875
110 948.428125 6043.22734375
120 1205.68828125 7248.915625
130 1743.92890625 8992.84453125
140 2036.4234375 11029.26796875
150 2645.446875 13674.71484375
160 3394.32578125 17069.040625
170 3171.29609375 20240.33671875
180 3524.81015625 23765.146875
190 3328.67890625 27093.82578125
200 3865.1703125 30958.99609375
210 4377.3015625 35336.29765625
220 4991.43125 40327.72890625
230 5099.9296875 45427.65859375
240 4971.81796875 50399.4765625
250 4576.72421875 54976.20078125
260 4338.60078125 59314.8015625
270 4291.315625 63606.1171875
280 4254.94609375 67861.06328125
290 3538.1515625 71399.21484375
300 1740.5328125 73139.74765625
310 767.02890625 73906.7765625
320 532.4125 74439.1890625
330 263.103125 74702.2921875
340 122.67734375 74824.96953125
350 163.34296875 74988.3125
360 48.03984375 75036.35234375
366 29.80703125 75066.159375
