0 0.2 1825.014404296875 8.29052734375 1833.304931640625 1816.723876953125 0 0
10 1.3 589.5101975661057 300.54988537383355 1833.304931640625 61.527099609375 1825.014404296875 2
20 0.7 1039.8036063058037 646.9131501247376 2235.118896484375 61.527099609375 754.244091796875 15
30 0.1 628.364990234375 0.0 2235.118896484375 61.527099609375 845.1039373224431 22
40 0.4 705.7260131835938 228.75947920144796 2235.118896484375 61.527099609375 835.6805048403533 23
50 1 574.4828857421875 10.717001549636606 2235.118896484375 61.527099609375 816.4279875578703 27
60 1 429.73095703125 231.9154063334443 2235.118896484375 58.674072265625 751.0374194995777 37
70 0.8 523.3671569824219 243.25869119728583 2235.118896484375 58.674072265625 682.6743423786569 47
80 1.3 596.0315129206731 199.89122541625088 2235.118896484375 58.674072265625 659.5023881392045 55
90 1.5 549.7852864583333 130.2724699081142 2235.118896484375 58.674072265625 647.3682502297794 68
100 2.7 489.12386067708326 311.3880742896172 2235.118896484375 58.674072265625 629.7327748493976 83
110 1.2 650.4236450195313 189.85203338006036 2235.118896484375 58.674072265625 595.219677734375 110
120 2.4 562.6582132975261 637.6852405759887 3341.43798828125 58.626220703125 600.6495761558658 122
130 4.1 765.8528308403202 639.6159373767827 3967.078857421875 58.609130859375 594.4044206175085 146
140 4.1 563.1844809927592 354.60957958512313 3967.078857421875 58.117919921875 631.9947137679645 187
150 7 578.8602469308038 297.4616187670774 3967.078857421875 58.117919921875 619.6209438390899 228
160 8.5 664.0921673943013 270.0304264020976 3967.078857421875 58.117919921875 610.0462834915058 298
170 6.4 865.2484855651855 283.8048020399855 3967.078857421875 58.117919921875 622.0408008067477 383
180 10.6 1360.4154536409198 557.4426477700501 3967.078857421875 58.117919921875 656.8624827408418 447
190 12.9 2258.945085392442 1346.235900004261 4674.75390625 1.7060546875 791.7207375607481 553
200 19.5 1998.7653220152245 1728.5826424375173 5440.738037109375 1.535888671875 1069.2455775465085 682
210 23.7 1207.906581701608 1446.55879271983 5440.738037109375 1.4609375 1275.9232858377281 877
220 28.3 1187.872863985203 1452.471828929296 5440.738037109375 1.4609375 1261.4529457297745 1114
230 29.4 1064.4481209475966 1357.0700376311586 5440.738037109375 1.39306640625 1246.547317144439 1397
240 16.1 1173.1414620535718 1312.667649715427 5440.738037109375 1.39306640625 1214.8872558304995 1691
250 0.1 33.6630859375 0.0 5440.738037109375 1.39306640625 1211.2581668466523 1852
260 0 0 0 5440.738037109375 1.39306640625 1210.6226595175053 1853
270 0 0 0 5440.738037109375 1.39306640625 1210.6226595175053 1853
280 0 0 0 5440.738037109375 1.39306640625 1210.6226595175053 1853
290 0 0 0 5440.738037109375 1.39306640625 1210.6226595175053 1853
300 0 0 0 5440.738037109375 1.39306640625 1210.6226595175053 1853
310 0 0 0 5440.738037109375 1.39306640625 1210.6226595175053 1853
320 0 0 0 5440.738037109375 1.39306640625 1210.6226595175053 1853
330 0 0 0 5440.738037109375 1.39306640625 1210.6226595175053 1853
340 0 0 0 5440.738037109375 1.39306640625 1210.6226595175053 1853
350 0 0 0 5440.738037109375 1.39306640625 1210.6226595175053 1853
360 0 0 0 5440.738037109375 1.39306640625 1210.6226595175053 1853
366 0 0 0 5440.738037109375 1.39306640625 1210.6226595175053 1853
