10 0.1 51.173828125 0 51.173828125 51.173828125 0 0
20 0.1 33.756103515625 0.0 51.173828125 33.756103515625 51.173828125 1
30 0.3 22.579996744791668 3.853919907995982 51.173828125 19.447021484375 42.4649658203125 2
40 0.4 22.9766845703125 4.9190448207911945 51.173828125 19.324951171875 30.533984375 5
50 0.3 22.318359375 7.379395874752953 51.173828125 16.840087890625 27.175184461805557 9
60 0.6 29.040364583333332 22.865592925998495 80.0400390625 16.135986328125 25.960978190104168 12
70 0.3 27.991292317708332 12.506598784945218 80.0400390625 16.135986328125 26.987440321180557 18
80 0.5 39.8828125 8.688853386220112 80.0400390625 16.135986328125 27.130847749255953 21
90 0.8 27.578582763671875 11.598563238429714 80.0400390625 16.135986328125 29.583148662860577 26
100 0.3 34.989420572916664 12.959243989266962 80.0400390625 16.135986328125 29.111486098345587 34
110 0.9 35.902126736111114 12.369325667023102 80.0400390625 16.135986328125 29.58807538006757 37
120 0.9 33.85967339409722 14.716003090903175 80.0400390625 16.135986328125 30.823433254076086 46
130 1.1 108.5784579190341 123.36761410581157 406.241943359375 15.802978515625 31.32027254971591 55
140 1.3 57.53836763822115 40.48991664172469 406.241943359375 15.802978515625 44.19663677793561 66
150 2.1 75.97171456473214 63.82588825122199 406.241943359375 15.802978515625 46.392111476463604 79
160 1.4 181.83572823660714 126.26349154459963 549.718017578125 15.802978515625 52.603828125 100
170 2.5 283.31100585937503 144.5341119077387 752.012939453125 15.802978515625 68.47441234923245 114
180 2.8 1028.7952880859375 507.0999430215895 1879.43115234375 15.802978515625 107.11408744098472 139
190 3.1 1545.4993857106854 1231.6295045837078 3383.543212890625 1.783935546875 261.6474623994199 167
200 4.4 1592.5932783647017 1455.1598799559551 4428.471923828125 1.653076171875 462.6545817057292 198
210 7.3 1252.0283637895975 1170.5125782363866 4428.471923828125 1.56494140625 668.0979810982697 242
220 6.9 1154.9726385586503 1156.0784289449655 4428.471923828125 1.56494140625 803.4215301029266 315
230 14.9 617.2086992711829 885.8046019972744 4428.471923828125 1.465087890625 866.5908699035645 384
240 13.1 740.3568422739744 893.3329757030444 4428.471923828125 1.465087890625 796.8761542858819 533
250 14.4 709.7170054117842 749.3945493899402 4428.471923828125 1.465087890625 785.7255068859422 664
260 13.6 947.0737466251148 534.6504879157684 4428.471923828125 1.465087890625 772.1794373162902 808
270 6 971.4319661458334 306.2884557217412 4428.471923828125 1.465087890625 797.37607509807 944
280 4.8 873.3878122965494 204.0827457093169 4428.471923828125 1.465087890625 807.777821575028 1004
290 3.2 252.31692504882807 265.2346041865317 4428.471923828125 1.465087890625 810.7714333189757 1052
300 1.4 36.138985770089285 51.11947751967528 4428.471923828125 1.465087890625 794.2856913774216 1084
310 0.6 25.81201171875 24.080051000586366 4428.471923828125 1.465087890625 784.6189756410804 1098
320 0.3 22.966959635416668 5.597633109170957 4428.471923828125 1.465087890625 780.4950247501981 1104
330 0.3 17.327718098958332 5.809087785161464 4428.471923828125 1.465087890625 778.4421031645212 1107
340 0 0 0 4428.471923828125 1.465087890625 776.3850372589386 1110
350 0 0 0 4428.471923828125 1.465087890625 776.3850372589386 1110
360 0 0 0 4428.471923828125 1.465087890625 776.3850372589386 1110
366 0 0 0 4428.471923828125 1.465087890625 776.3850372589386 1110
