0 0.5 10.9646484375 1.09730337749543 12.359130859375 9.700927734375 0 0
10 1.3 50.79302509014423 79.79490348677466 265.673095703125 8.96484375 10.9646484375 5
20 0.4 34.83172607421875 41.29616741247352 265.673095703125 8.552001953125 39.729587131076386 18
30 0.1 45.5830078125 0.0 265.673095703125 8.552001953125 38.83906693892045 22
40 0.9 10.61447482638889 1.6464559264523024 265.673095703125 8.552001953125 39.13228175951087 23
50 0.7 12.191022600446429 2.7468926996210534 265.673095703125 8.552001953125 31.111648559570313 32
60 1 17.4388427734375 12.979163473018152 265.673095703125 8.35205078125 27.715638772035255 39
70 0.9 19.496473524305557 19.248699654904154 265.673095703125 8.35205078125 25.61833346619898 49
80 1.1 13.137406782670455 4.070010100381258 265.673095703125 8.35205078125 24.668389682112068 58
90 2.5 13.401240234375 6.091629363626358 265.673095703125 8.199951171875 22.830117045969203 69
100 2 12.5220703125 4.0152493500803725 265.673095703125 8.199951171875 20.32243704288564 94
110 1.2 14.468017578125 10.670740394449464 265.673095703125 8.199951171875 18.95395165158991 114
120 3 20.112890625 19.205951481171045 265.673095703125 8.199951171875 18.526719835069443 126
130 4.8 38.61015828450521 66.63654962626549 366.4990234375 8.199951171875 18.831752679286858 156
140 3.6 25.585123697916668 21.17232624322256 366.4990234375 7.77490234375 23.48549517463235 204
150 7.3 48.47464616331335 66.49927260974995 366.4990234375 7.77490234375 23.800439453125 240
160 8.9 91.35870018433988 92.27713598767184 465.764892578125 7.77490234375 29.5551266411242 313
170 8.1 286.37992500964504 190.26615705059803 801.425048828125 7.77490234375 43.238007350940606 402
180 12.6 887.455570281498 515.1875173665286 1947.322998046875 7.77490234375 84.01336000177925 483
190 14.6 1974.5339472522473 1049.764423974482 3664.690185546875 3.294921875 250.2427828182728 609
200 18.3 1818.8753361936476 1457.5850667722186 4745.970947265625 2.72705078125 583.6818689207367 755
210 26.1 1306.4698865167018 1181.8320390379836 4745.970947265625 2.72705078125 824.663110403618 938
220 29 988.0416764884158 1142.4899094258674 4745.970947265625 2.31201171875 929.5434845199774 1199
230 30.3 869.5235494985045 1019.4835757865985 4745.970947265625 2.31201171875 940.9366851048311 1489
240 6.1 970.3176429623463 927.2791921830362 4745.970947265625 2.31201171875 928.861807823181 1792
250 0 0 0 4745.970947265625 2.31201171875 930.2265169130294 1853
260 0 0 0 4745.970947265625 2.31201171875 930.2265169130294 1853
270 0 0 0 4745.970947265625 2.31201171875 930.2265169130294 1853
280 0 0 0 4745.970947265625 2.31201171875 930.2265169130294 1853
290 0 0 0 4745.970947265625 2.31201171875 930.2265169130294 1853
300 0 0 0 4745.970947265625 2.31201171875 930.2265169130294 1853
310 0 0 0 4745.970947265625 2.31201171875 930.2265169130294 1853
320 0 0 0 4745.970947265625 2.31201171875 930.2265169130294 1853
330 0 0 0 4745.970947265625 2.31201171875 930.2265169130294 1853
340 0 0 0 4745.970947265625 2.31201171875 930.2265169130294 1853
350 0 0 0 4745.970947265625 2.31201171875 930.2265169130294 1853
360 0 0 0 4745.970947265625 2.31201171875 930.2265169130294 1853
366 0 0 0 4745.970947265625 2.31201171875 930.2265169130294 1853
