0 0.1 52.135986328125 0 52.135986328125 52.135986328125 0 0
10 0.3 79.14469401041667 61.565090392274854 159.9951171875 10.740966796875 52.135986328125 1
20 1.5 18.079801432291667 14.427215105191758 159.9951171875 9.011962890625 72.39251708984375 4
30 0.3 9.377278645833334 0.609770600242066 159.9951171875 8.8701171875 29.51405736019737 19
40 0.1 15.319091796875 0.0 159.9951171875 8.8701171875 26.768132990056817 22
50 0.5 13.08603515625 4.363535471778468 159.9951171875 8.612060546875 26.27034859035326 23
60 0.9 17.40448676215278 9.533082726616025 159.9951171875 8.362060546875 23.916006905691965 28
70 1.2 12.17083740234375 3.0017216135457185 159.9951171875 8.362060546875 22.332123627533782 37
80 1 22.78388671875 22.97843775298367 159.9951171875 8.362060546875 19.843645368303573 49
90 1.3 13.833345853365385 5.437470003899036 159.9951171875 8.295166015625 20.34199135990466 59
100 2.2 19.6622314453125 14.015166187624803 159.9951171875 8.156982421875 19.166819254557293 72
110 2.1 19.063953218005953 14.871883455578967 159.9951171875 8.156982421875 19.28276678856383 94
120 1.8 29.967203776041668 45.26343090985886 209.367919921875 8.156982421875 19.24280952785326 115
130 2.6 32.35480205829327 29.761381331268865 209.367919921875 8.156982421875 20.694231305803573 133
140 3.5 36.64995814732143 28.952970040005603 209.367919921875 8.156982421875 22.60099130306604 159
150 4.8 72.796869913737 84.4308616311379 390.801025390625 8.156982421875 25.135598723421392 194
160 8.5 121.51862649356617 93.97318993929458 417.982177734375 8.156982421875 34.58907400083936 242
170 7.3 229.5800614030394 145.85640718463083 655.86181640625 8.156982421875 57.18544085674694 327
180 6.5 896.257500751202 528.7323290290059 1841.85498046875 8.156982421875 88.64745910644531 400
190 8.2 1857.419180521151 1204.9591484199948 3699.453125 1.988037109375 201.5391853578629 465
200 13.7 1619.8888732464645 1379.7979137947875 4520.5400390625 1.698974609375 449.76982448654593 547
210 21 1096.884066917782 1164.1992087355504 4520.5400390625 1.575927734375 684.1357743112665 684
220 26.6 819.4540373149671 1123.724769175344 4520.5400390625 1.44091796875 781.0900712322601 894
230 28.2 771.4427810560729 1006.5910016156772 4520.5400390625 1.44091796875 789.8873255236394 1160
240 27.4 705.2160894018022 856.5812511396217 4520.5400390625 1.44091796875 786.2802786860155 1442
250 11.8 784.1519651251325 794.2490488796725 4520.5400390625 1.44091796875 773.3364629145269 1716
260 1.4 1143.2070835658483 348.15108313524877 4520.5400390625 1.44091796875 774.0323349215342 1834
270 0.3 724.3444010416666 509.67904770605577 4520.5400390625 1.44091796875 776.8291133203547 1848
280 0.2 732.20556640625 144.362548828125 4520.5400390625 1.44091796875 776.7440489568561 1851
290 0 0 0 4520.5400390625 1.44091796875 776.6959772001906 1853
300 0 0 0 4520.5400390625 1.44091796875 776.6959772001906 1853
310 0 0 0 4520.5400390625 1.44091796875 776.6959772001906 1853
320 0 0 0 4520.5400390625 1.44091796875 776.6959772001906 1853
330 0 0 0 4520.5400390625 1.44091796875 776.6959772001906 1853
340 0 0 0 4520.5400390625 1.44091796875 776.6959772001906 1853
350 0 0 0 4520.5400390625 1.44091796875 776.6959772001906 1853
360 0 0 0 4520.5400390625 1.44091796875 776.6959772001906 1853
366 0 0 0 4520.5400390625 1.44091796875 776.6959772001906 1853
