0 0.1 16.18310546875 0 16.18310546875 16.18310546875 0 0
10 0.8 23.971282958984375 10.913077485382084 36.7119140625 11.407958984375 16.18310546875 1
20 1.2 40.912007649739586 85.97376088513133 323.95703125 8.369873046875 23.10592990451389 9
30 0.1 81.697998046875 0.0 323.95703125 8.369873046875 33.280831473214285 21
40 0.1 19.255126953125 0.0 323.95703125 8.369873046875 35.48161177201705 22
50 0.7 14.265590122767858 3.688665684749101 323.95703125 8.369873046875 34.77611243206522 23
60 1.1 26.556463068181817 32.639521086912524 323.95703125 8.369873046875 29.990323893229167 30
70 0.9 108.71988932291669 168.3079260170651 432.935791015625 8.369873046875 29.069044159679876 41
80 1.1 25.70840731534091 31.533729666625447 432.935791015625 8.369873046875 43.4061962890625 50
90 1.4 17.553867885044642 15.164255659015485 432.935791015625 8.369873046875 40.21479172003074 61
100 2.4 20.040364583333332 15.00012168845955 432.935791015625 8.032958984375 35.984752604166665 75
110 2 23.5137451171875 22.36962572734038 432.935791015625 8.032958984375 32.11944641729798 99
120 1.8 20.942274305555557 19.133634827841888 432.935791015625 8.032958984375 30.673110064338236 119
130 3.1 37.27099609375 40.96120139063743 432.935791015625 8.032958984375 29.394606096031023 137
140 3.7 35.4588326119088 36.6134655106901 432.935791015625 8.032958984375 30.847987583705358 168
150 5 74.135751953125 102.84838394053021 432.935791015625 8.032958984375 31.68018888147866 205
160 9.1 99.69170136504121 80.82024252265617 432.935791015625 8.032958984375 40.004809091605395 255
170 6.8 281.19047277113964 179.57059821889405 701.51220703125 8.032958984375 55.70280677045701 346
180 6.9 811.9383491847829 490.1100962275248 1664.5380859375 8.032958984375 92.73942823916818 414
190 11.5 1846.7734099014945 1112.8575268330171 3648.14404296875 1.638916015625 195.48213123139885 483
200 16 1713.86121673584 1425.2504715239768 4807.14306640625 1.638916015625 513.0381463602633 598
210 21 1109.3446765718002 1178.9997257119892 4807.14306640625 1.4580078125 766.5100345661898 758
220 27.4 812.7633689267795 1151.9631472935157 4807.14306640625 1.4580078125 840.8853184723656 968
230 27.4 681.8653965414005 953.8710893029397 4807.14306640625 1.447998046875 834.6812812940318 1242
240 25.4 816.8010080893206 863.6842569207246 4807.14306640625 1.447998046875 807.0615237595853 1516
250 7.1 896.6623122524207 826.7223709102143 4807.14306640625 1.447998046875 808.45916727357 1770
260 0.9 676.1222601996528 609.6782629686224 4807.14306640625 1.447998046875 811.8608094753615 1841
270 0.1 1137.1650390625 0.0 4807.14306640625 1.447998046875 811.2004597761825 1850
280 0.2 1190.8575439453125 8.3035888671875 4807.14306640625 1.447998046875 811.3765616558617 1851
290 0 0 0 4807.14306640625 1.447998046875 811.7861471737133 1853
300 0 0 0 4807.14306640625 1.447998046875 811.7861471737133 1853
310 0 0 0 4807.14306640625 1.447998046875 811.7861471737133 1853
320 0 0 0 4807.14306640625 1.447998046875 811.7861471737133 1853
330 0 0 0 4807.14306640625 1.447998046875 811.7861471737133 1853
340 0 0 0 4807.14306640625 1.447998046875 811.7861471737133 1853
350 0 0 0 4807.14306640625 1.447998046875 811.7861471737133 1853
360 0 0 0 4807.14306640625 1.447998046875 811.7861471737133 1853
366 0 0 0 4807.14306640625 1.447998046875 811.7861471737133 1853
