30 0.8 9.81964111328125 2.9087718839143886 14.72607421875 7.69189453125 0 0
40 0 0 0 14.72607421875 7.69189453125 9.81964111328125 8
50 0.8 10.969085693359375 3.383101862668274 17.179931640625 7.69189453125 9.81964111328125 8
60 1.6 12.425704956054688 4.861007111778644 25.986083984375 7.69189453125 10.394363403320313 16
70 2.4 19.564015706380207 38.55935519987837 202.032958984375 7.69189453125 11.4100341796875 32
80 3.2 13.161705017089844 8.876784593434232 202.032958984375 7.030029296875 14.904597691127233 56
90 2.4 10.579243977864584 5.4967377123933385 202.032958984375 7.030029296875 14.270818536931818 88
100 4.4 15.047490900213065 8.575022268097124 202.032958984375 7.030029296875 13.479766845703125 112
110 2.8 16.337977818080358 14.867139287173313 202.032958984375 7.01806640625 13.921945425180288 156
120 2.4 14.82635498046875 9.140597820037796 202.032958984375 6.9189453125 14.28960252844769 184
130 6.4 28.032817840576172 19.07382836196278 202.032958984375 6.9189453125 14.35153550368089 208
140 8 30.836358642578126 24.24609911362155 202.032958984375 6.9189453125 17.570660759420957 272
150 8.3 41.73853715643827 61.56577429013343 391.640869140625 6.906005859375 20.58559209650213 352
160 12.5 73.11413671874995 66.28147054068562 391.640869140625 6.906005859375 24.62167126885776 435
170 9.6 162.9944127400716 133.52637524598003 618.138916015625 6.906005859375 35.44588230678012 560
180 5.9 735.9016071901485 567.1769859063268 1785.68115234375 6.906005859375 54.111520906774 656
190 3.8 1758.3981483861019 1204.8942953754445 3679.60791015625 1.554931640625 110.37112243225525 715
200 11.1 1091.8275289449602 1360.2495505420354 4610.34716796875 1.554931640625 193.5384889478544 753
210 24.8 756.9890215473788 1107.0578846638996 4610.34716796875 1.466064453125 308.94367811414924 864
220 44.3 590.9245114983069 1031.2772934873078 4610.34716796875 1.3828125 408.8674597431429 1112
230 39.3 547.5111130576101 904.2260268257347 4610.34716796875 1.3828125 460.73323075763653 1555
240 46.5 568.1377677671373 817.9892474166668 4610.34716796875 1.3828125 478.24026758714865 1948
250 74.8 590.4514068766698 743.1198421183831 4610.34716796875 1.3828125 495.5640709786508 2413
260 47.5 883.0313116776318 538.426559128713 4610.34716796875 1.3828125 518.0176386002004 3161
270 49 1013.430351163903 238.65252045764927 4610.34716796875 1.3828125 565.7023181138912 3636
280 73.5 733.1134725765303 203.9142278119089 4610.34716796875 1.3828125 618.8740913069367 4126
290 68.9 296.16568608830704 252.072295611461 4610.34716796875 1.3828125 636.1474805752255 4861
300 23.4 40.04355719150641 65.83706782811859 4610.34716796875 1.3828125 593.9407316740567 5550
310 10.4 8.452120267427885 4.19067994672197 4610.34716796875 1.3828125 571.5320285570241 5784
320 9.6 9.340265909830732 5.2362301611684785 4610.34716796875 1.3828125 561.5863236551697 5888
330 3.2 12.06927490234375 6.159070839441003 4610.34716796875 1.3828125 552.7267612314477 5984
340 1.6 7.519805908203125 1.1365123144301352 4610.34716796875 1.3828125 549.8509235382078 6016
350 3.2 10.017349243164063 2.1745216037543385 4610.34716796875 1.3828125 548.4123794596136 6032
360 0.8 11.47418212890625 0.47730904482656983 4610.34716796875 1.3828125 545.5712447355162 6064
366 0.8 8.617828369140625 1.5541162348844832 4610.34716796875 1.3828125 544.867559541041 6072
