20 0.1 10.090087890625 0 10.090087890625 10.090087890625 0 0
30 0.1 12.662841796875 0.0 12.662841796875 10.090087890625 10.090087890625 1
40 0.1 12.0849609375 0.0 12.662841796875 10.090087890625 11.37646484375 2
50 0.2 11.75048828125 0.88134765625 12.662841796875 10.090087890625 11.612630208333334 3
60 0.3 28.437418619791668 20.981977464828603 57.85400390625 10.090087890625 11.6677734375 5
70 0.7 131.52357700892858 296.74572626379546 858.39404296875 8.029052734375 17.956390380859375 8
80 0.1 10.900146484375 0.0 858.39404296875 8.029052734375 70.95441080729167 15
90 0.5 31.76298828125 12.671471280441308 858.39404296875 8.029052734375 67.20101928710938 16
100 0.7 22.172049386160715 22.678006959955493 858.39404296875 8.029052734375 58.763392857142854 21
110 0.6 34.277628580729164 37.07010058644034 858.39404296875 8.029052734375 49.61555698939732 28
120 0.8 22.100921630859375 18.201090073910816 858.39404296875 8.029052734375 46.908863740808826 34
130 1.6 60.0838623046875 121.31216946323579 858.39404296875 8.029052734375 42.183541434151785 42
140 1.3 33.88771409254808 45.2818902858844 858.39404296875 7.55419921875 47.1215609846444 58
150 1.4 28.944510323660715 17.446290673468 858.39404296875 7.55419921875 44.698462257922536 71
160 2.5 94.983876953125 77.89486946157581 858.39404296875 7.55419921875 42.10369370404412 85
170 2.9 296.1324420797413 172.7335328978487 858.39404296875 7.55419921875 54.12191716974432 110
180 1.9 737.8785850123355 411.6405506001023 1607.97021484375 7.55419921875 104.61332164736957 139
190 2.8 2265.2777273995544 851.5723847292946 3715.988037109375 7.55419921875 180.76547357100472 158
200 4.8 1740.5176798502605 1440.6156300125551 4686.333984375 1.760009765625 494.5630171580982 186
210 7 985.4292759486607 1137.6586811152677 4686.333984375 1.48291015625 750.1434607872596 234
220 7.9 568.3671256922464 981.3792969284873 4686.333984375 1.401123046875 804.3211155941611 304
230 11 676.0794300426138 961.8005245161116 4686.333984375 1.401123046875 755.651754752774 383
240 10.4 663.9777221679685 854.5062546117622 4686.333984375 1.401123046875 737.8972806795131 493
250 7.2 848.8382364908854 723.9498984282424 4686.333984375 1.401123046875 725.0201716590765 597
260 5.2 904.4132643479568 512.4729985869053 4686.333984375 1.401123046875 738.3458826723653 669
270 1.3 1027.7987905649038 141.77147059567386 4686.333984375 1.401123046875 750.3230031260834 721
280 1.7 864.4834702435662 255.15206924445062 4686.333984375 1.401123046875 755.2374244294957 734
290 0.5 515.147998046875 307.6869117978921 4686.333984375 1.401123046875 757.7103708726904 751
300 0.2 31.0205078125 3.823486328125 4686.333984375 1.401123046875 756.1061223751652 756
310 0.2 9.7725830078125 2.4486083984375 4686.333984375 1.401123046875 754.192967719327 758
320 0 0 0 4686.333984375 1.401123046875 752.2339667069283 760
330 0 0 0 4686.333984375 1.401123046875 752.2339667069283 760
340 0 0 0 4686.333984375 1.401123046875 752.2339667069283 760
350 0 0 0 4686.333984375 1.401123046875 752.2339667069283 760
360 0 0 0 4686.333984375 1.401123046875 752.2339667069283 760
366 0 0 0 4686.333984375 1.401123046875 752.2339667069283 760
