30 0.4 865.22998046875 228.97331914804636 1259.304931640625 704.18896484375 0 0
40 0.4 786.0006103515625 71.24897129179958 1259.304931640625 704.18896484375 865.22998046875 4
50 0.3 569.5050455729166 265.85601562583156 1259.304931640625 196.39208984375 825.6152954101563 8
60 0.3 711.859375 6.536202851022858 1259.304931640625 196.39208984375 755.7670454545455 11
70 0.4 816.7408447265625 67.80135846363449 1259.304931640625 196.39208984375 746.3582589285714 14
80 0.5 406.6419921875 246.5386430778844 1259.304931640625 196.39208984375 761.9988335503472 18
90 0.5 656.422021484375 223.25616472184487 1259.304931640625 196.39208984375 684.7473462975544 23
100 0.7 875.2655901227679 512.0703087875168 2031.55322265625 196.39208984375 679.6892525809152 28
110 0.5 635.38427734375 213.20909234602598 2031.55322265625 196.39208984375 718.8045200892857 35
120 0.8 710.4283752441406 197.8600047176854 2031.55322265625 196.39208984375 708.3769897460937 40
130 0.8 760.4801330566406 262.35417193783655 2031.55322265625 196.39208984375 708.7188873291016 48
140 1.3 853.823486328125 339.855304169574 2031.55322265625 196.39208984375 716.1133510044643 56
150 1.8 1046.636962890625 401.89076165820353 2062.887939453125 196.39208984375 742.058738819067 69
160 2 963.48017578125 266.9290080465162 2062.887939453125 196.39208984375 805.0749231097342 87
170 1.6 1199.9691009521484 326.90697548390034 2062.887939453125 196.39208984375 834.6833815530082 107
180 1.9 2001.2551012541119 549.2609943973864 2799.445068359375 196.39208984375 882.2002231008638 123
190 2.9 3175.3205818965516 1443.3563342195046 5007.22607421875 1.949951171875 1031.932918065031 142
200 3 2032.6354166666663 2279.761061758005 6758.630126953125 1.77294921875 1395.4314107616046 171
210 6.4 1311.0985298156738 1655.6289315091117 6758.630126953125 1.554931640625 1490.5364862698227 201
220 6.5 1195.040065354567 1666.829049514304 6758.630126953125 1.554931640625 1447.2005269752358 265
230 10.5 728.489634486607 1148.1452742568636 6758.630126953125 1.507080078125 1397.5325572620739 330
240 13.1 765.9359755188452 985.3429537606698 6758.630126953125 1.507080078125 1236.039437971444 435
250 15.9 827.9135895735064 952.5999337965427 6758.630126953125 1.507080078125 1127.2345729868318 566
260 12.7 1120.398289477731 627.567218254136 6758.630126953125 1.507080078125 1061.5903849003232 725
270 9.6 1464.0056381225586 742.2617190852166 6758.630126953125 1.507080078125 1070.3563518971905 852
280 7.8 1041.6576209435093 530.8492587388693 6758.630126953125 1.507080078125 1110.2195707554556 948
290 4.4 576.6180697354404 635.6895139529996 6758.630126953125 1.507080078125 1105.007258781448 1026
300 1.8 262.0329318576389 357.1024648088068 6758.630126953125 1.507080078125 1083.2791052132009 1070
310 1.3 413.94095552884613 347.25505846519195 6758.630126953125 1.507080078125 1069.6923119040096 1088
320 0.2 713.403076171875 13.81103515625 6758.630126953125 1.507080078125 1061.9495620103883 1101
330 0.3 730.3856608072916 33.265825588047 6758.630126953125 1.507080078125 1061.3175647559212 1103
340 0.4 536.5057373046875 298.6136004479727 6758.630126953125 1.507080078125 1060.419919446838 1106
350 0 0 0 6758.630126953125 1.507080078125 1058.5319404120917 1110
360 0 0 0 6758.630126953125 1.507080078125 1058.5319404120917 1110
366 0 0 0 6758.630126953125 1.507080078125 1058.5319404120917 1110
