0 0.8 8
10 2.3 31
20 4.7 78
30 6.4 142
40 7.4 216
50 11.8 334
60 12.5 459
70 13.4 593
80 18.8 781
90 21 991
100 21.9 1210
110 35 1560
120 45.2 2012
130 44.7 2459
140 54.2 3001
150 77.4 3775
160 89.2 4667
170 118.9 5856
180 137.1 7227
190 175.1 8978
200 186.4 10842
210 190 12742
220 184.3 14585
230 170.2 16287
240 201.5 18302
250 245.4 20756
260 228.3 23039
270 197.4 25013
280 179.4 26807
290 177 28577
300 189.2 30469
310 194.4 32413
320 216.2 34575
330 228.8 36863
340 197.9 38842
350 104.7 39889
360 56.4 40453
370 31.6 40769
380 22.3 40992
390 12.8 41120
400 4.2 41162
410 2.2 41184
420 1.3 41197
430 0.7 41204
440 0 41204
450 0 41204
460 0.1 41205
470 0.2 41207
473 0 41207
