10 0.4 4
20 0.5 9
30 0.9 18
40 1.2 30
50 1.3 43
60 1.6 59
70 2.2 81
80 1.7 98
90 1.9 117
100 2.8 145
110 3.2 177
120 4.4 221
130 4.8 269
140 6 329
150 6.8 397
160 11.3 510
170 13.7 647
180 16.3 810
190 20.2 1012
200 22 1232
210 24 1472
220 22.8 1700
230 27.2 1972
240 32.6 2298
250 40.4 2702
260 56 3262
270 71.6 3978
280 99.2 4970
290 108.9 6059
300 122.3 7282
310 125.8 8540
320 141.9 9959
330 174.9 11708
340 125.3 12961
350 30.1 13262
360 10.8 13370
370 5.3 13423
380 5.4 13477
390 5.1 13528
400 0 13528
410 0 13528
420 0 13528
430 0 13528
440 0 13528
450 0 13528
460 1.7 13545
470 0 13545
473 0 13545
