0 5 5
10 11 6
20 22 11
30 35 13
40 47 12
50 48 1
60 55 7
70 69 14
80 69 0
90 92 23
100 110 18
110 132 22
120 173 41
130 212 39
140 249 37
150 347 98
160 424 77
170 534 110
180 689 155
190 886 197
200 1064 178
210 1445 381
220 1915 470
230 2372 457
240 3160 788
250 3944 784
260 4534 590
270 4378 -156
280 3970 -408
290 3514 -456
300 3000 -514
310 2450 -550
320 1901 -549
330 1244 -657
340 648 -596
350 381 -267
360 216 -165
370 112 -104
380 60 -52
390 29 -31
400 14 -15
410 5 -9
420 2 -3
430 1 -1
440 1 0
450 1 0
460 1 0
470 0 -1
473 0 0
