0 0.1 0.05859375 0 0.05859375 0.05859375 0 0
10 0.1 0.05078125 0.0 0.05859375 0.05078125 0.05859375 1
20 0.1 0.05078125 0.0 0.05859375 0.05078125 0.0546875 2
30 0.1 0.0390625 0.0 0.05859375 0.0390625 0.053385416666666664 3
40 0.1 0.109375 0.0 0.109375 0.0390625 0.0498046875 4
50 0.1 0.08984375 0.0 0.109375 0.0390625 0.06171875 5
60 0.1 0.078125 0.0 0.109375 0.0390625 0.06640625 6
70 0.1 0.0703125 0.0 0.109375 0.0390625 0.06808035714285714 7
80 0.1 0.05859375 0.0 0.109375 0.0390625 0.068359375 8
90 0.1 0.05078125 0.0 0.109375 0.0390625 0.06727430555555555 9
100 0.1 0.0390625 0.0 0.109375 0.0390625 0.065625 10
110 0.1 0.03125 0.0 0.109375 0.03125 0.06321022727272728 11
120 0.1 0.03125 0.0 0.109375 0.03125 0.06054687500000001 12
130 0.1 0.01953125 0.0 0.109375 0.01953125 0.05829326923076924 13
140 0.1 0.1015625 0.0 0.109375 0.01953125 0.05552455357142858 14
150 0.1 0.08984375 0.0 0.109375 0.01953125 0.05859375000000001 15
160 0.1 0.1484375 0.0 0.1484375 0.01953125 0.06054687500000001 16
170 0.1 0.12890625 0.0 0.1484375 0.01953125 0.06571691176470588 17
180 0.1 0.109375 0.0 0.1484375 0.01953125 0.06922743055555555 18
190 0.1 0.08984375 0.0 0.1484375 0.01953125 0.07134046052631579 19
200 0.1 0.16015625 0.0 0.16015625 0.01953125 0.072265625 20
210 0.1 0.12890625 0.0 0.16015625 0.01953125 0.07645089285714286 21
220 0.1 0.19140625 0.0 0.19140625 0.01953125 0.07883522727272728 22
230 0.1 0.23828125 0.0 0.23828125 0.01953125 0.0837296195652174 23
240 0.1 0.19921875 0.0 0.23828125 0.01953125 0.09016927083333336 24
250 0.1 0.3203125 0.0 0.3203125 0.01953125 0.09453125000000001 25
260 0.1 0.3515625 0.0 0.3515625 0.01953125 0.10321514423076925 26
270 0.1 0.44921875 0.0 0.44921875 0.01953125 0.11241319444444446 27
280 0.1 0.5390625 0.0 0.5390625 0.01953125 0.1244419642857143 28
290 0.1 0.609375 0.0 0.609375 0.01953125 0.13873922413793102 29
300 0.1 0.671875 0.0 0.671875 0.01953125 0.15442708333333333 30
310 0.1 0.71875 0.0 0.71875 0.01953125 0.17111895161290322 31
320 0.1 0.76171875 0.0 0.76171875 0.01953125 0.188232421875 32
330 0.1 0.80078125 0.0 0.80078125 0.01953125 0.20561079545454544 33
340 0.1 0.6796875 0.0 0.80078125 0.01953125 0.2231158088235294 34
350 0.1 0.5703125 0.0 0.80078125 0.01953125 0.23616071428571428 35
360 0.1 0.48046875 0.0 0.80078125 0.01953125 0.24544270833333334 36
370 0.1 0.4609375 0.0 0.80078125 0.01953125 0.2517947635135135 37
380 0.1 0.390625 0.0 0.80078125 0.01953125 0.25729851973684204 38
390 0.1 0.328125 0.0 0.80078125 0.01953125 0.26071714743589736 39
400 0.1 0.28125 0.0 0.80078125 0.01953125 0.26240234374999993 40
410 0.1 0.23046875 0.0 0.80078125 0.01953125 0.26286204268292673 41
420 0.1 0.19921875 0.0 0.80078125 0.01953125 0.2620907738095237 42
430 0.1 0.171875 0.0 0.80078125 0.01953125 0.26062863372093015 43
440 0.1 0.140625 0.0 0.80078125 0.01953125 0.2586115056818181 44
450 0.1 0.12109375 0.0 0.80078125 0.01953125 0.25598958333333327 45
460 0.1 0.1015625 0.0 0.80078125 0.01953125 0.25305706521739124 46
470 0.1 0.08984375 0.0 0.80078125 0.01953125 0.2498337765957446 47
