0 0.8 300.4403076171875 344.7370547109981 748.633056640625 10.1748046875 0 0
10 2.7 181.15794994212962 276.5179816300072 758.47314453125 8.783935546875 300.4403076171875 8
20 5.2 46.78745680588942 61.19543121836579 758.47314453125 8.712890625 208.4224888392857 35
30 7.3 56.51464509310787 77.62307923785963 758.47314453125 7.317138671875 111.81304440553161 87
40 8.6 41.32918388898982 57.98233179290454 758.47314453125 7.317138671875 86.58314971923828 160
50 13.9 65.28450989208629 120.40062666520889 1089.902099609375 6.5478515625 70.76265759972053 246
60 14.9 79.03175630505454 179.07514249401552 1486.513916015625 6.5478515625 68.78483284293829 385
70 15.6 80.98545172275641 187.67692331655365 1634.38916015625 6.5478515625 71.64399313480219 534
80 22.9 34.87495628923313 55.41947136992183 1634.38916015625 5.9228515625 73.75597507642662 690
90 24.5 39.19585160235971 101.75161159199419 1634.38916015625 5.9228515625 64.06745135252314 919
100 25.5 43.786539713541664 80.72282085206177 1634.38916015625 5.9228515625 58.832449686895956 1164
110 42.2 35.382906222230424 53.610004097179214 1634.38916015625 5.9228515625 56.12863922656802 1419
120 55.4 41.37437113958145 85.24537989979673 1634.38916015625 5.9228515625 51.37323492030486 1841
130 51.7 72.48052730597192 196.10744231924804 2222.85693359375 5.9228515625 49.060345344304544 2395
140 65 54.69084284855767 123.73400012299375 2222.85693359375 5.9228515625 53.218392759889035 2912
150 93 49.70278635332662 114.18123437199003 2222.85693359375 5.844970703125 53.4870880315439 3562
160 107 120.33804943049067 298.7616515775345 6290.552978515625 5.844970703125 52.703606161387604 4492
170 143.2 137.99139472492564 341.7216624945034 6290.552978515625 5.844970703125 65.71490682624562 5562
180 161.5 217.68198257304567 416.59559309840637 6290.552978515625 5.844970703125 80.51329554098822 6994
190 206.7 207.68973577062928 281.6231907037269 6290.552978515625 5.844970703125 106.2453700626252 8609
200 219.9 554.6847145319965 424.02048172845406 6290.552978515625 5.844970703125 125.88620032849674 10676
210 222 1394.9421363624383 625.2719394333991 6290.552978515625 5.844970703125 199.12332131750614 12875
220 221.8 2658.721390967547 912.9786123402616 6290.552978515625 1.201904296875 374.9906793433259 15095
230 352.8 2175.317269738298 1923.8844599433235 6290.552978515625 1.078125 667.5635851587549 17313
240 566.6 1521.6968094448382 1712.0893753941514 6290.552978515625 1.072998046875 922.7986985984472 20841
250 784.2 1121.5843867307008 1319.1835951738599 6290.552978515625 1.06201171875 1050.816078764277 26507
260 992.6 887.4787554613112 1196.3906699505212 6290.552978515625 1.06201171875 1066.9727375046393 34349
270 1063.3 796.4975334518355 1126.0982963376277 6290.552978515625 1.05908203125 1026.732031332712 44275
280 978.7 885.223305129733 1076.416188277058 6290.552978515625 1.052001953125 982.1468449123842 54908
290 908.7 956.1966312946204 1027.1606626028238 6290.552978515625 1.052001953125 967.4843411044731 64695
300 737.1 1123.5904099667973 843.0338334500293 6290.552978515625 1.050048828125 966.0941454057643 73782
310 621.7 1348.4912875922341 758.4893955954454 6290.552978515625 1.050048828125 980.3992846622227 81153
320 565.3 1320.5693464321396 435.7940120091101 6290.552978515625 1.050048828125 1006.5916617048676 87370
330 594.3 843.9648753408025 311.0039239651138 6290.552978515625 1.050048828125 1025.672059582417 93023
340 456.9 301.3441211001618 223.37741799475572 6290.552978515625 1.050048828125 1014.7603748023115 98966
350 179.1 22.017668910961056 30.1492367717977 6290.552978515625 1.050048828125 983.2773124256744 103535
360 83.1 14.950187673924493 12.5224902818721 6290.552978515625 1.050048828125 966.9317185406427 105326
370 45.2 14.985691846999448 11.720532026185339 6290.552978515625 1.050048828125 959.4795801781207 106157
380 33.9 14.579533669800888 12.911026329581409 6290.552978515625 1.050048828125 955.4751224163401 106609
390 22.4 12.78131539481027 6.002921133967454 6290.552978515625 1.050048828125 952.4927047499501 106948
400 4.2 21.250959123883934 30.118326271716434 6290.552978515625 1.050048828125 950.5286157041588 107172
410 2.2 15.685835404829545 3.9886230124205913 6290.552978515625 1.050048828125 950.1645805821004 107214
420 1.3 15.500112680288462 3.0670287567933654 6290.552978515625 1.050048828125 949.972867608902 107236
430 0.7 17.6953125 5.518085167274137 6290.552978515625 1.050048828125 949.8595971279271 107249
440 0 0 0 6290.552978515625 1.050048828125 949.7987599720348 107256
450 0 0 0 6290.552978515625 1.050048828125 949.7987599720348 107256
460 2.7 12.755298755787036 18.13533202101905 6290.552978515625 1.050048828125 949.7987599720348 107256
470 0.2 15.7239990234375 4.6280517578125 6290.552978515625 1.050048828125 949.5629334808588 107283
473 0 0 0 6290.552978515625 1.050048828125 949.5455249161114 107285
