10 0.1 48 0 48 48 0 0
20 0.1 113.0 0.0 113 48 48.0 1
30 0.1 276.0 0.0 276 48 80.5 2
40 0.1 403.0 0.0 403 48 145.66666666666666 3
50 0.1 417.0 0.0 417 48 210.0 4
60 0.1 662.0 0.0 662 48 251.4 5
70 0.1 699.0 0.0 699 48 319.8333333333333 6
80 0.1 704.0 0.0 704 48 374.0 7
90 0.1 970.0 0.0 970 48 415.25 8
100 0.1 1238.0 0.0 1238 48 476.8888888888889 9
110 0.1 1297.0 0.0 1297 48 553.0 10
120 0.1 1690.0 0.0 1690 48 620.6363636363636 11
130 0.1 2546.0 0.0 2546 48 709.75 12
140 0.1 2521.0 0.0 2546 48 851.0 13
150 0.1 3040.0 0.0 3040 48 970.2857142857143 14
160 0.1 4316.0 0.0 4316 48 1108.2666666666667 15
170 0.1 5444.0 0.0 5444 48 1308.75 16
180 0.1 6372.0 0.0 6372 48 1552.0 17
190 0.1 9030.0 0.0 9030 48 1819.7777777777778 18
200 0.1 10087.0 0.0 10087 48 2199.2631578947367 19
210 0.1 11051.0 0.0 11051 48 2593.65 20
220 0.1 11985.0 0.0 11985 48 2996.3809523809523 21
230 0.1 12569.0 0.0 12569 48 3404.9545454545455 22
240 0.1 16355.0 0.0 16355 48 3803.391304347826 23
250 0.1 23163.0 0.0 23163 48 4326.375 24
260 0.1 27324.0 0.0 27324 48 5079.84 25
270 0.1 29781.0 0.0 29781 48 5935.384615384615 26
280 0.1 26656.0 0.0 29781 48 6818.555555555556 27
290 0.1 26218.0 0.0 29781 48 7527.035714285715 28
300 0.1 24165.0 0.0 29781 48 8171.551724137931 29
310 0.1 21507.0 0.0 29781 48 8704.666666666666 30
320 0.1 20272.0 0.0 29781 48 9117.645161290322 31
330 0.1 20460.0 0.0 29781 48 9466.21875 32
340 0.1 19572.0 0.0 29781 48 9799.363636363636 33
350 0.1 9031.0 0.0 29781 48 10086.79411764706 34
360 0.1 4408.0 0.0 29781 48 10056.628571428571 35
370 0.1 2476.0 0.0 29781 48 9899.722222222223 36
380 0.1 1688.0 0.0 29781 48 9699.081081081082 37
390 0.1 788.0 0.0 29781 48 9488.263157894737 38
400 0.1 546.0 0.0 29781 48 9265.179487179486 39
410 0.1 190.0 0.0 29781 48 9047.199999999999 40
420 0.1 102.0 0.0 29781 48 8831.170731707316 41
430 0.1 71.0 0.0 29781 48 8623.333333333332 42
440 0.1 0.0 0.0 29781 0 8424.441860465115 43
450 0.1 0.0 0.0 29781 0 8232.977272727272 44
460 0.1 60.0 0.0 29781 0 8050.022222222222 45
470 0.1 6.0 0.0 29781 0 7876.326086956522 46
