40 0.1 47.9560546875 0 47.9560546875 47.9560546875 0 0
50 0.1 59.464111328125 0.0 59.464111328125 47.9560546875 47.9560546875 1
60 0.1 23.130126953125 0.0 59.464111328125 23.130126953125 53.7100830078125 2
70 0.3 17.4873046875 2.215686805842278 59.464111328125 14.654052734375 43.516764322916664 3
80 0.3 18.365071614583332 3.16940302326292 59.464111328125 14.5009765625 30.502034505208332 6
90 0.3 13.40966796875 1.9398024117403632 59.464111328125 11.340087890625 26.456380208333332 9
100 0.1 11.08203125 0.0 59.464111328125 11.08203125 23.1947021484375 12
110 0.2 11.4080810546875 0.6409912109375 59.464111328125 10.76708984375 22.262958233173077 13
120 0.3 47.104654947916664 44.72758737884465 110.35888671875 10.76708984375 20.815641276041667 15
130 0.4 26.18731689453125 19.049644822228036 110.35888671875 10.76708984375 25.1971435546875 18
140 0.4 14.39801025390625 1.9871531838817813 110.35888671875 10.76708984375 25.377175071022727 22
150 0.5 22.913037109375 8.778724458459859 110.35888671875 10.76708984375 23.688072791466347 26
160 0.4 92.62548828125 63.47204468997278 172.989990234375 10.76708984375 23.563067036290324 31
170 1.4 155.11225237165178 206.13023184857454 815.97412109375 10.76708984375 31.455915178571427 35
180 1.8 228.45050726996527 245.2478611354508 815.97412109375 10.4111328125 66.78629723373724 49
190 1.5 92.00846354166667 85.78973995887274 815.97412109375 10.4111328125 110.21847306436567 67
200 2.2 427.84333939985794 277.6770852764691 937.531982421875 10.4111328125 106.88737376143293 82
210 1.7 1365.8845502068016 570.1022215223171 2103.114013671875 10.4111328125 174.7819049541767 104
220 0.9 2717.7244737413193 615.5599760808744 3532.295166015625 10.4111328125 342.1269047004132 121
230 2.5 1798.551416015625 1773.7423553576778 4469.842041015625 1.548828125 506.59135178786056 130
240 5.9 1265.2267942266947 1601.151575444389 4469.842041015625 1.359130859375 714.9720073084677 155
250 8.7 958.6921021910917 1227.5058531666596 4469.842041015625 1.2880859375 866.6777663186332 214
260 8.3 656.1413809535015 1089.067366568963 4469.842041015625 1.2880859375 893.2732720359219 301
270 10.8 678.0753580729166 1042.165238358289 4469.842041015625 1.2880859375 842.0182018280029 384
280 10.6 997.806640625 1031.181546327785 4469.842041015625 1.204833984375 806.0307483207889 492
290 6.9 1036.7726767719653 957.5480941007354 4469.842041015625 1.204833984375 840.0244683613347 598
300 4.5 1087.2589680989581 738.9902326639333 4469.842041015625 1.204833984375 860.3777313003654 667
310 3.1 1466.4319950226813 672.8128515777034 4469.842041015625 1.204833984375 874.7171353115125 712
320 2.1 1171.358619326637 423.96088856630723 4469.842041015625 1.204833984375 899.4051038862718 743
330 0.8 801.1833801269531 268.0078778404141 4469.842041015625 1.204833984375 906.8802659598945 764
340 0.6 222.19612630208334 174.13041632528072 4469.842041015625 1.204833984375 905.7849614434909 772
350 0.6 10.3460693359375 3.791086928312699 4469.842041015625 1.204833984375 900.5130681133516 778
360 0 0 0 4469.842041015625 1.204833984375 893.7005655716877 784
370 0 0 0 4469.842041015625 1.204833984375 893.7005655716877 784
380 0 0 0 4469.842041015625 1.204833984375 893.7005655716877 784
390 0 0 0 4469.842041015625 1.204833984375 893.7005655716877 784
400 0 0 0 4469.842041015625 1.204833984375 893.7005655716877 784
410 0 0 0 4469.842041015625 1.204833984375 893.7005655716877 784
420 0 0 0 4469.842041015625 1.204833984375 893.7005655716877 784
430 0 0 0 4469.842041015625 1.204833984375 893.7005655716877 784
440 0 0 0 4469.842041015625 1.204833984375 893.7005655716877 784
450 0 0 0 4469.842041015625 1.204833984375 893.7005655716877 784
460 0 0 0 4469.842041015625 1.204833984375 893.7005655716877 784
470 0 0 0 4469.842041015625 1.204833984375 893.7005655716877 784
473 0 0 0 4469.842041015625 1.204833984375 893.7005655716877 784
