20 0.1 126.726806640625 0 126.726806640625 126.726806640625 0 0
30 0.3 112.66300455729167 23.834937746057676 139.1240234375 81.348876953125 126.726806640625 1
40 0.1 134.0390625 0.0 139.1240234375 81.348876953125 116.178955078125 4
50 0.5 161.9134765625 125.81116342603033 411.95703125 81.111083984375 119.7509765625 5
60 0.2 86.553955078125 5.095947265625 411.95703125 81.111083984375 140.8322265625 10
70 0.1 93.052001953125 0.0 411.95703125 81.111083984375 131.78584798177084 12
80 0.3 88.98307291666667 1.8787110197065011 411.95703125 81.111083984375 128.80632136418268 13
90 0.1 89.64306640625 0.0 411.95703125 81.111083984375 121.33946228027342 16
100 0.2 86.322509765625 6.218505859375 411.95703125 80.10400390625 119.47496840533087 17
110 0.5 89.69619140625 10.518575136722445 411.95703125 80.10400390625 115.9852359169408 19
120 0.4 208.7955322265625 87.68995017710711 411.95703125 80.10400390625 110.5083516438802 24
130 1 152.7774169921875 48.282904472404205 411.95703125 80.10400390625 124.54937744140625 28
140 0.4 154.38421630859375 66.94583507217136 411.95703125 80.10400390625 131.97780890213815 38
150 1 389.41953125 533.9116482673966 1947.671142578125 75.876953125 134.11175246465774 42
160 1.2 326.93271891276044 329.07237654668376 1947.671142578125 75.876953125 183.2094022310697 52
170 1.3 395.62582632211536 234.5141917925561 1947.671142578125 75.876953125 210.15752410888672 64
180 1.7 352.5526338465074 234.1949681967927 1947.671142578125 75.876953125 241.47035435267858 77
190 2.7 422.25434932002315 238.63608678406143 1947.671142578125 75.876953125 261.5597027717753 94
200 3.4 1014.2968606387867 357.3104750682738 1974.85498046875 75.876953125 297.4171858858471 121
210 2.6 1792.8330641526443 583.1918668532246 3052.64990234375 75.876953125 454.6682113155242 155
220 3.1 3028.190366683468 459.6702815479179 3937.39111328125 75.876953125 646.8907868611878 181
230 3.3 2514.995783025568 2069.7285911385466 5088.744873046875 1.5419921875 995.0996876842571 212
240 5.5 1616.676780007102 1794.061350593281 5088.744873046875 1.384033203125 1199.8203862404337 245
250 8 1038.0110961914058 1348.7294505037303 5088.744873046875 1.384033203125 1276.2440584309895 300
260 13.4 828.6161289499768 1207.9681840662577 5088.744873046875 1.204833984375 1226.0897505910773 380
270 13.7 649.5970966868157 1073.4588152323354 5088.744873046875 1.203125 1122.4682227702456 514
280 13 918.865097280649 1073.2683306432643 5088.744873046875 1.203125 1022.9546370967741 651
290 13.7 917.5500791229471 1067.7526480865251 5088.744873046875 1.203125 1005.628593337368 781
300 8.8 1345.9999112215914 804.1504037509134 5088.744873046875 1.203125 992.4839784709457 918
310 8.3 1238.9864487245852 853.1854570482063 5088.744873046875 1.203125 1023.4078373994315 1006
320 3.9 1613.543694911859 575.1388555015081 5088.744873046875 1.203125 1039.8385304572716 1089
330 2.5 1255.4712695312496 484.0557616870978 5088.744873046875 1.203125 1059.6740813559675 1128
340 1 520.175830078125 309.46889588982873 5088.744873046875 1.203125 1063.9194670492736 1153
350 0.8 59.02020263671875 55.63687478567686 5088.744873046875 1.203125 1059.2441133349903 1163
360 0 0 0 5088.744873046875 1.203125 1052.4108159092123 1171
370 0.3 92.83577473958333 4.361539562335365 5088.744873046875 1.203125 1052.4108159092123 1171
380 0.1 6.396240234375 0.0 5088.744873046875 1.203125 1049.9587502162744 1174
390 0 0 0 5088.744873046875 1.203125 1049.0706119099068 1175
400 0 0 0 5088.744873046875 1.203125 1049.0706119099068 1175
410 0 0 0 5088.744873046875 1.203125 1049.0706119099068 1175
420 0 0 0 5088.744873046875 1.203125 1049.0706119099068 1175
430 0 0 0 5088.744873046875 1.203125 1049.0706119099068 1175
440 0 0 0 5088.744873046875 1.203125 1049.0706119099068 1175
450 0 0 0 5088.744873046875 1.203125 1049.0706119099068 1175
460 0 0 0 5088.744873046875 1.203125 1049.0706119099068 1175
470 0 0 0 5088.744873046875 1.203125 1049.0706119099068 1175
473 0 0 0 5088.744873046875 1.203125 1049.0706119099068 1175
