20 0.1 57.323974609375 0 57.323974609375 57.323974609375 0 0
30 0 0 0 57.323974609375 57.323974609375 57.323974609375 1
40 0 0 0 57.323974609375 57.323974609375 57.323974609375 1
50 0.2 55.87060546875 1.2734375 57.323974609375 54.59716796875 57.323974609375 1
60 0.2 52.1505126953125 4.2855224609375 57.323974609375 47.864990234375 56.355061848958336 3
70 0.3 36.797688802083336 12.01425748025668 57.323974609375 20.2451171875 54.6732421875 5
80 0.7 25.415701729910715 13.039743984217763 57.323974609375 15.700927734375 47.96990966796875 8
90 0.2 18.6954345703125 0.2144775390625 57.323974609375 15.700927734375 37.44461263020833 15
100 0.6 75.5906982421875 83.51875821779302 244.962890625 15.700927734375 35.23882697610294 17
110 0.7 19.341134207589285 2.2598652607339633 244.962890625 15.674072265625 45.76540208899456 23
120 1.1 134.6756036931818 315.2155407929147 1128.1689453125 15.674072265625 39.59973958333333 30
130 0.9 23.809163411458332 9.063819347822372 1128.1689453125 14.55615234375 65.10789824695122 41
140 0.7 54.830392020089285 53.63767806068378 1128.1689453125 14.55615234375 57.6741259765625 50
150 1.8 51.495456271701386 49.75494254524122 1128.1689453125 14.504150390625 57.32489549067982 57
160 1.6 193.77044677734375 171.9982880474596 1128.1689453125 14.504150390625 55.925830078125 75
170 1.3 119.50022536057692 109.64325035681512 1128.1689453125 14.504150390625 80.16224620106456 91
180 2.6 502.27461125300476 1117.916935235051 5825.801025390625 14.504150390625 85.0794935960036 104
190 2.7 206.17800564236111 194.49114692874636 5825.801025390625 14.504150390625 168.51851712740384 130
200 3.1 576.781021610383 336.87138526826266 5825.801025390625 14.504150390625 174.9949896745621 157
210 3.6 1128.4882405598958 547.1751118378698 5825.801025390625 14.504150390625 241.24694174908578 188
220 3 2212.3052978515625 1097.528714737551 5825.801025390625 1.889892578125 383.83929334368025 224
230 4.1 1734.7876988852897 1906.0382612793471 5825.801025390625 1.791015625 599.7998450572096 254
240 5.8 1543.8146551724137 1696.7748963199501 5825.801025390625 1.501953125 757.5439196570445 295
250 8.1 1223.0952269000773 1348.491030310935 5825.801025390625 1.501953125 886.7328790335074 353
260 9 912.9517198350696 1176.3936797961085 5825.801025390625 1.501953125 949.5101835892497 434
270 14.1 704.0410918107272 1078.3788020325899 5825.801025390625 1.286865234375 943.2310581352874 524
280 20.9 885.9655936939297 1089.952970952053 5825.801025390625 1.238037109375 892.5155915912829 665
290 25.5 900.3571806066177 1015.3685618618459 5825.801025390625 1.238037109375 890.9492877462636 874
300 27.2 1025.3593624339385 837.5525606008465 5825.801025390625 1.238037109375 893.0741882594525 1129
310 31.1 1364.1326021151533 694.9393935010078 5825.801025390625 1.238037109375 918.7569629742707 1401
320 34.2 1302.403390984787 403.766019707443 5825.801025390625 1.238037109375 999.6634020939053 1712
330 39.2 857.358567841199 294.3618647991946 5825.801025390625 1.238037109375 1050.0709367583072 2054
340 29.8 261.8516231255243 223.98974251931222 5825.801025390625 1.238037109375 1019.1865342172171 2446
350 18.8 23.167497350814486 26.145010707979388 5825.801025390625 1.238037109375 936.9395212779589 2744
360 12 17.257843017578132 10.069293711590435 5825.801025390625 1.238037109375 878.3484092389742 2932
370 5.9 16.753989009533903 8.076178093171983 5825.801025390625 1.238037109375 844.4916373036638 3052
380 3.4 16.339613970588232 4.15084653170764 5825.801025390625 1.238037109375 828.7936234015892 3111
390 2.2 17.722944779829547 4.597870930879707 5825.801025390625 1.238037109375 820.0103368131461 3145
400 0.8 41.7039794921875 60.03094694067529 5825.801025390625 1.238037109375 814.4371373736976 3167
410 0.4 19.455078125 4.9420418703691835 5825.801025390625 1.238037109375 812.4900931963584 3175
420 0.3 17.137044270833332 2.505091111262047 5825.801025390625 1.238037109375 811.4922510886877 3179
430 0.1 15.282958984375 0.0 5825.801025390625 1.238037109375 810.7433304034414 3182
440 0 0 0 5825.801025390625 1.238037109375 810.4934213957697 3183
450 0 0 0 5825.801025390625 1.238037109375 810.4934213957697 3183
460 0 0 0 5825.801025390625 1.238037109375 810.4934213957697 3183
470 0.1 20.4609375 0.0 5825.801025390625 1.238037109375 810.4934213957697 3183
473 0 0 0 5825.801025390625 1.238037109375 810.2452956156517 3184
