10 0.2 61.3839111328125 0.8790283203125 62.262939453125 60.5048828125 0 0
20 0.5 50.173193359375 17.634461805071506 62.262939453125 15.14599609375 61.3839111328125 2
30 0.4 26.934814453125 20.51972118880173 62.422119140625 13.531005859375 53.376255580357146 7
40 0.4 29.583740234375 25.84554199396834 74.327880859375 13.388916015625 43.76118607954545 11
50 0.2 38.3951416015625 20.7349853515625 74.327880859375 13.388916015625 39.980533854166666 15
60 0.3 14.864013671875 0.11714222351261726 74.327880859375 13.388916015625 39.794017118566174 17
70 0.6 19.205973307291668 8.451713593039944 74.327880859375 12.3720703125 36.0545166015625 20
80 0.8 24.219207763671875 28.545832846304755 99.64599609375 11.65185546875 32.16639122596154 26
90 1.1 22.809015447443183 12.690899271460045 99.64599609375 11.471923828125 30.296465705422793 34
100 1.2 26.5433349609375 36.9847268686262 149.173095703125 11.471923828125 28.466200086805557 45
110 1 23.879052734375 19.996101692140005 149.173095703125 11.471923828125 28.06138637609649 57
120 1.5 20.709456380208334 13.432943532212764 149.173095703125 10.79296875 27.437157474347014 67
130 1.6 18.789840698242188 12.793248294431464 149.173095703125 10.79296875 26.2064804449314 82
140 2.1 20.39853050595238 17.63698944662587 149.173095703125 10.75390625 24.995600486288264 98
150 3 25.069962565104166 14.824465555230962 149.173095703125 10.75390625 24.184352842699578 119
160 4.3 101.03361759629361 199.5140534492231 962.8291015625 10.748046875 24.36266352506292 149
170 4.4 69.09428267045455 96.9402000573507 962.8291015625 10.240966796875 41.53376261393229 192
180 5.6 95.22797502790179 121.21361400091341 962.8291015625 10.240966796875 46.672164658368644 236
190 6.7 134.68424600629663 138.98383242571143 962.8291015625 10.240966796875 55.984237879922944 292
200 6.9 426.3613705842391 313.72245691234394 1331.14794921875 10.240966796875 70.67198312913474 359
210 8.7 1403.5478880432822 598.430552527142 2792.35009765625 10.240966796875 128.01443110671 428
220 6.4 2638.825969696045 775.4285148629403 4363.680908203125 6.748046875 343.49289858919894 515
230 9.9 2007.2958787089644 1748.0682871560457 4629.384033203125 1.320068359375 597.2084712158623 579
240 20.5 1538.5748963891008 1655.90749842705 4723.3720703125 1.22900390625 803.1061900091029 678
250 31.3 1090.577344998003 1270.3065726856837 4723.3720703125 1.197998046875 973.8548704257503 883
260 39.1 899.7757146888987 1178.8991307678332 4723.3720703125 1.18408203125 1004.4018056607964 1196
270 40.6 890.2154348589517 1148.938094493354 4723.3720703125 1.18408203125 978.6243629575753 1587
280 43 980.9357717114825 1083.498976845784 4723.3720703125 1.18408203125 960.6143153870578 1993
290 31.4 1093.1012452726916 984.436980392819 4723.3720703125 1.18408203125 964.2206819654741 2423
300 17.3 1151.5277431245484 839.9635567407983 4723.3720703125 1.18408203125 979.0063951106937 2737
310 11.4 1371.108396295915 747.3140648339962 4723.3720703125 1.18408203125 989.2628188929607 2910
320 8.8 1300.0891751376064 520.9472102915494 4723.3720703125 1.18408203125 1003.657791056961 3024
330 4.1 883.7056319073932 257.8153563448389 4723.3720703125 1.18408203125 1012.0401695271078 3112
340 1.6 335.0426330566406 294.4715443268745 4723.3720703125 1.18408203125 1010.3713728121036 3153
350 0.9 14.657362196180555 4.305947790430208 4723.3720703125 1.18408203125 1006.9616978874941 3169
360 0.4 23.4166259765625 12.634283972696968 4723.3720703125 1.18408203125 1004.151521984026 3178
370 0.1 12.069091796875 0.0 4723.3720703125 1.18408203125 1002.9186685635262 3182
380 0 0 0 4723.3720703125 1.18408203125 1002.6073743201187 3183
390 0.1 14.5830078125 0.0 4723.3720703125 1.18408203125 1002.6073743201187 3183
400 0 0 0 4723.3720703125 1.18408203125 1002.2970651597833 3184
410 0 0 0 4723.3720703125 1.18408203125 1002.2970651597833 3184
420 0 0 0 4723.3720703125 1.18408203125 1002.2970651597833 3184
430 0 0 0 4723.3720703125 1.18408203125 1002.2970651597833 3184
440 0 0 0 4723.3720703125 1.18408203125 1002.2970651597833 3184
450 0 0 0 4723.3720703125 1.18408203125 1002.2970651597833 3184
460 0 0 0 4723.3720703125 1.18408203125 1002.2970651597833 3184
470 0 0 0 4723.3720703125 1.18408203125 1002.2970651597833 3184
473 0 0 0 4723.3720703125 1.18408203125 1002.2970651597833 3184
