30 0.1 21.166015625 0 21.166015625 21.166015625 0 0
40 0 0 0 21.166015625 21.166015625 21.166015625 1
50 0.2 181.3675537109375 142.7855224609375 324.153076171875 21.166015625 21.166015625 1
60 0 0 0 324.153076171875 21.166015625 127.967041015625 3
70 0.5 19.282958984375 4.850153329234578 324.153076171875 14.823974609375 127.967041015625 3
80 0.1 16.052001953125 0.0 324.153076171875 14.823974609375 60.03948974609375 8
90 0.1 14.14111328125 0.0 324.153076171875 14.14111328125 55.15199110243056 9
100 0.9 29.010172526041668 25.54015575527441 324.153076171875 12.336181640625 51.0509033203125 10
110 0.5 13.85859375 0.6015223185012765 324.153076171875 12.336181640625 40.61055715460526 19
120 0.8 20.15887451171875 10.178026827078718 324.153076171875 11.708984375 35.0372314453125 24
130 0.7 17.874755859375 10.749736021450666 324.153076171875 11.708984375 31.317642211914063 32
140 1.6 38.9033203125 54.81116944941485 324.153076171875 11.708984375 28.904816456330128 39
150 0.5 29.44140625 20.49557751659239 324.153076171875 11.708984375 31.813472123579544 55
160 1.2 111.32942708333333 149.2574812476793 486.31689453125 11.52587890625 31.615799967447916 60
170 2.2 137.75599254261363 226.0134750410885 1032.718017578125 10.35693359375 44.901404486762154 72
180 2.5 135.90126953125 217.1137556903969 1032.718017578125 10.35693359375 66.63332935089761 94
190 2.9 124.85938341864224 80.16002207432793 1032.718017578125 10.35693359375 81.18541762408088 119
200 3.1 534.0191689768145 355.5662213384267 1228.010986328125 10.35693359375 89.7431541649071 148
210 2 1438.8272827148437 497.8697541077861 2874.593017578125 10.35693359375 166.6848103613827 179
220 3 2551.300862630208 1016.2514127749369 4338.43701171875 2.554931640625 294.53832517077575 199
230 5.5 1750.6337713068178 1895.5212745098652 5135.48193359375 1.64697265625 590.1840724362036 229
240 8.9 1329.8635829968398 1625.931412223495 5135.48193359375 1.307861328125 814.9190493301606 284
250 10.1 1194.0900588838174 1350.040014659495 5135.48193359375 1.307861328125 937.7878522693951 373
260 16.8 836.523856026786 1138.9031740997345 5135.48193359375 1.231201171875 992.4007697125526 474
270 16.3 743.8666842407978 1054.7274570902114 5135.48193359375 1.231201171875 951.6105493088006 642
280 16 977.1537948608399 1035.9201488622555 5135.48193359375 1.231201171875 909.5456424689442 805
290 10.9 1093.8162494624423 993.5861079638464 5135.48193359375 1.18603515625 920.755284316305 965
300 5.4 1175.6066758897568 827.9745109025864 5135.48193359375 1.18603515625 938.3191997734084 1074
310 4.1 1274.2858172160823 774.2327283596337 5135.48193359375 1.18603515625 949.6787066087655 1128
320 2.5 1332.3114550781254 414.13808014701465 5135.48193359375 1.18603515625 961.0635582211693 1169
330 0.7 976.7391183035714 270.49639122408445 5135.48193359375 1.18603515625 968.836755391541 1194
340 0.6 399.7293701171875 194.24097267505863 5135.48193359375 1.18603515625 968.882814126249 1201
350 0.1 32.3740234375 0.0 5135.48193359375 1.18603515625 966.0535509414483 1207
360 0 0 0 5135.48193359375 1.18603515625 965.2806374253026 1208
370 0 0 0 5135.48193359375 1.18603515625 965.2806374253026 1208
380 0 0 0 5135.48193359375 1.18603515625 965.2806374253026 1208
390 0 0 0 5135.48193359375 1.18603515625 965.2806374253026 1208
400 0 0 0 5135.48193359375 1.18603515625 965.2806374253026 1208
410 0 0 0 5135.48193359375 1.18603515625 965.2806374253026 1208
420 0 0 0 5135.48193359375 1.18603515625 965.2806374253026 1208
430 0 0 0 5135.48193359375 1.18603515625 965.2806374253026 1208
440 0 0 0 5135.48193359375 1.18603515625 965.2806374253026 1208
450 0 0 0 5135.48193359375 1.18603515625 965.2806374253026 1208
460 0 0 0 5135.48193359375 1.18603515625 965.2806374253026 1208
470 0 0 0 5135.48193359375 1.18603515625 965.2806374253026 1208
473 0 0 0 5135.48193359375 1.18603515625 965.2806374253026 1208
