50 0.1 24.93896484375 0 24.93896484375 24.93896484375 0 0
60 0.1 17.39501953125 0.0 24.93896484375 17.39501953125 24.93896484375 1
70 0 0 0 24.93896484375 17.39501953125 21.1669921875 2
80 0.3 16.689697265625 1.1430601141277235 24.93896484375 15.158935546875 21.1669921875 2
90 0.2 22.851318359375 5.62548828125 28.476806640625 15.158935546875 18.480615234375 5
100 0.1 17.157958984375 0.0 28.476806640625 15.158935546875 19.729387555803573 7
110 0.5 21.483935546875 7.127830925761737 35.7138671875 15.158935546875 19.407958984375 8
120 0.8 20.01904296875 3.5930668554745613 35.7138671875 15.158935546875 20.20641150841346 13
130 0.2 44.5880126953125 29.5350341796875 74.123046875 15.052978515625 20.135033017113095 21
140 0.6 37.384358723958336 19.27679542071718 74.123046875 14.905029296875 22.261379076086957 23
150 1.1 58.54234730113637 73.73248263045457 264.68798828125 14.905029296875 25.39027141702586 29
160 1 116.3182861328125 123.59251165211144 382.0380859375 14.905029296875 34.50709228515625 40
170 1.3 102.8514873798077 130.00405082497835 443.39892578125 14.905029296875 50.8693310546875 50
180 1.1 216.93361594460228 231.79434335515109 698.8359375 14.905029296875 61.59580775669643 63
190 1.9 259.7709189967105 216.16669007601894 722.090087890625 13.448974609375 84.68656302787163 74
200 2.3 609.7319123641304 356.00545089762335 1345.6220703125 13.448974609375 120.45648521505376 93
210 2.4 1340.3641866048179 496.94429933300137 2022.758056640625 13.448974609375 217.46799232219828 116
220 1.4 2691.295235770089 948.6420918469964 4253.47900390625 5.006103515625 409.9644827706473 140
230 2.3 2306.9152195142665 1899.349221108097 4590.566162109375 1.64794921875 617.3581875887784 154
240 4.8 1297.7381032307944 1635.4190682513145 4590.566162109375 1.64794921875 836.905146539548 177
250 7.1 1033.7503266670335 1290.4349904639876 4590.566162109375 1.64794921875 935.2161773003472 225
260 7 693.9108677455357 1061.2817754543069 4590.566162109375 1.580078125 958.8510577227619 296
270 12.5 701.6692988281247 1017.7299814844586 4590.566162109375 1.580078125 908.1794366888661 366
280 12.7 911.9829601377953 1044.057735403886 4590.566162109375 1.553955078125 855.6055726713658 491
290 14.8 1030.2258102829392 1000.8607006770841 4590.566162109375 1.513916015625 867.1912170212631 618
300 11.4 1249.5182527240954 770.3215683678853 4590.566162109375 1.513916015625 898.6913734216914 766
310 9.1 1392.819920801854 727.6953114724064 4590.566162109375 1.513916015625 944.1394009676847 880
320 8.2 1361.210458150724 355.52527688407736 4590.566162109375 1.513916015625 986.1887596751094 971
330 6.8 849.4493085075826 280.8421816034131 4590.566162109375 1.513916015625 1015.392728597237 1053
340 3 223.23735351562507 194.06525668482567 4590.566162109375 1.513916015625 1005.3265800101751 1121
350 2.8 16.329162597656246 13.954404208362519 4590.566162109375 1.513916015625 984.9419781032798 1151
360 1 13.792578125 7.928950546821985 4590.566162109375 1.513916015625 961.9384506782098 1179
370 0.6 12.167236328125 6.409875916699879 4590.566162109375 1.513916015625 953.9641372000499 1189
380 0.7 14.018031529017858 6.127464840331932 4590.566162109375 1.513916015625 949.2354498316554 1195
390 0.5 13.531982421875 4.0491322029192665 4590.566162109375 1.513916015625 943.7890921543521 1202
400 0 0 0 4590.566162109375 1.513916015625 939.9355001504894 1207
410 0 0 0 4590.566162109375 1.513916015625 939.9355001504894 1207
420 0 0 0 4590.566162109375 1.513916015625 939.9355001504894 1207
430 0 0 0 4590.566162109375 1.513916015625 939.9355001504894 1207
440 0 0 0 4590.566162109375 1.513916015625 939.9355001504894 1207
450 0 0 0 4590.566162109375 1.513916015625 939.9355001504894 1207
460 0.1 19.31103515625 0.0 4590.566162109375 1.513916015625 939.9355001504894 1207
470 0 0 0 4590.566162109375 1.513916015625 939.1733938052954 1208
473 0 0 0 4590.566162109375 1.513916015625 939.1733938052954 1208
