0 0.3 743.015380859375 7.981486751776009 748.798095703125 731.72900390625 0 0
10 0.4 747.89599609375 7.698133855723089 758.636962890625 731.72900390625 743.015380859375 3
20 0.7 12.900565011160714 1.8932883486089338 758.636962890625 11.4619140625 745.8043038504464 7
30 0.3 70.661376953125 82.97769796609028 758.636962890625 11.4619140625 379.35243443080356 14
40 0.4 11.362548828125 0.3020731935224351 758.636962890625 10.9560546875 324.8775419347426 17
50 0.5 16.011376953125 5.327235364279893 758.636962890625 10.9560546875 265.160400390625 21
60 0.4 316.72528076171875 515.8475591281335 1210.111083984375 10.9560546875 217.24712665264423 26
70 1.2 32.276448567708336 58.383668504570835 1210.111083984375 10.9560546875 230.51088053385416 30
80 0.7 12.093436104910714 1.3778588912914351 1210.111083984375 10.9560546875 173.87247140066964 42
90 0.7 11.978759765625 1.3539095973447577 1210.111083984375 10.905029296875 150.76118064413265 49
100 1.3 93.886962890625 259.986059251293 1210.111083984375 10.905029296875 133.4133780343192 56
110 2.4 21.398518880208332 20.815372567801017 1210.111083984375 10.72705078125 125.9663722826087 69
120 1.9 14.984105160361842 13.519894519320708 1210.111083984375 9.8759765625 98.98111979166667 93
130 2.9 165.61782731681035 543.5246323435658 2222.953125 9.8759765625 84.73162623814174 112
140 2.6 22.44878680889423 20.911320203474432 2222.953125 9.84912109375 101.3677952543218 141
150 5 20.458374023437504 20.835773773250946 2222.953125 9.425048828125 89.08100352030314 167
160 5.1 131.90554630055152 641.3262490906692 4654.826171875 9.33203125 73.2693377376152 217
170 7 113.14104352678574 486.1900790439002 4654.826171875 9.33203125 84.42772071041279 268
180 8.1 149.8839699074074 213.94297336798178 4654.826171875 9.33203125 90.37426685581546 338
190 9.6 118.0039571126302 126.47018572997601 4654.826171875 9.33203125 101.87852925958383 419
200 11.7 497.9763934795673 365.3576000525258 4654.826171875 9.33203125 104.88443425743326 515
210 12.3 1351.2004553321901 544.7906261543048 4654.826171875 9.33203125 177.65620518937897 632
220 15.7 2517.3594636370412 911.4870951734022 4654.826171875 1.456787109375 368.8428843517177 755
230 21.1 2019.2805592324482 1883.197241926058 5115.041015625 1.309814453125 738.70812881202 912
240 36.6 1627.7668590441433 1680.261281741961 5115.041015625 1.2548828125 979.3143468162145 1123
250 49.2 1151.6516038848126 1301.7144449065138 5115.041015625 1.2548828125 1138.7056292040063 1489
260 48.8 1002.1350317783043 1219.7900882711251 5115.041015625 1.2548828125 1141.9208838950497 1981
270 35.4 1001.6986877096576 1162.1497975789482 5115.041015625 1.2548828125 1114.2920884989494 2469
280 17.3 905.8342920204121 1071.5204141201177 5115.041015625 1.2548828125 1100.1730435540649 2823
290 10.4 1007.7220646784851 1022.8794313269507 5115.041015625 1.2548828125 1088.9512131083632 2996
300 7 1120.8198939732147 832.0463996246732 5115.041015625 1.2548828125 1086.2261061932963 3100
310 1 1182.7906982421875 823.7644433327516 5115.041015625 1.2548828125 1086.9900068698246 3170
320 0.4 1453.1112060546875 237.75999243904545 5115.041015625 1.2548828125 1087.2912669055868 3180
330 0 0 0 5115.041015625 1.2548828125 1087.7508396934625 3184
340 0 0 0 5115.041015625 1.2548828125 1087.7508396934625 3184
350 0 0 0 5115.041015625 1.2548828125 1087.7508396934625 3184
360 0 0 0 5115.041015625 1.2548828125 1087.7508396934625 3184
370 0 0 0 5115.041015625 1.2548828125 1087.7508396934625 3184
380 0 0 0 5115.041015625 1.2548828125 1087.7508396934625 3184
390 0 0 0 5115.041015625 1.2548828125 1087.7508396934625 3184
400 0 0 0 5115.041015625 1.2548828125 1087.7508396934625 3184
410 0 0 0 5115.041015625 1.2548828125 1087.7508396934625 3184
420 0 0 0 5115.041015625 1.2548828125 1087.7508396934625 3184
430 0 0 0 5115.041015625 1.2548828125 1087.7508396934625 3184
440 0 0 0 5115.041015625 1.2548828125 1087.7508396934625 3184
450 0 0 0 5115.041015625 1.2548828125 1087.7508396934625 3184
460 0 0 0 5115.041015625 1.2548828125 1087.7508396934625 3184
470 0 0 0 5115.041015625 1.2548828125 1087.7508396934625 3184
473 0 0 0 5115.041015625 1.2548828125 1087.7508396934625 3184
