0 0.4 31.59002685546875 52.028690786220714 121.7060546875 1.360107421875 0 0
10 1.7 1.4384047564338236 0.28445395752200436 121.7060546875 1.031005859375 31.59002685546875 4
20 0.9 1.9230143229166667 1.1493644750474021 121.7060546875 1.031005859375 7.181570870535714 21
30 1.1 1.4747869318181819 0.32170280454601946 121.7060546875 1.011962890625 5.60400390625 30
40 0.8 1.719482421875 0.5550726507079361 121.7060546875 1.011962890625 4.496165205792683 41
50 2.5 1.43216796875 0.4534562981019561 121.7060546875 0.820068359375 4.042829241071429 49
60 1.4 1.6892438616071428 0.8675224062884223 121.7060546875 0.820068359375 3.1608490815033785 74
70 1.7 1.3537310431985294 0.2640295973128715 121.7060546875 0.820068359375 2.926730069247159 88
80 2 1.4239990234375 0.2936048808685439 121.7060546875 0.820068359375 2.6720540364583334 105
90 4.1 1.4817073170731705 0.346306970948261 121.7060546875 0.820068359375 2.472365234375 125
100 3.3 1.5619377367424243 0.8033026101464273 121.7060546875 0.820068359375 2.227684664439006 166
110 4.3 1.713679823764535 1.6764787565249306 121.7060546875 0.820068359375 2.117284420147613 199
120 6.3 1.9623790922619047 1.7094333231449368 121.7060546875 0.820068359375 2.04556955384814 242
130 10.5 1.7491141183035714 1.6515725427979127 121.7060546875 0.820068359375 2.028385950307377 305
140 7.1 1.5217457086267605 0.724834679892594 121.7060546875 0.820068359375 1.9568651152820122 410
150 12.1 1.355355759297521 0.4530211640246284 121.7060546875 0.820068359375 1.8926375105574325 481
160 15.2 1.4853258634868418 0.7281320563360112 121.7060546875 0.820068359375 1.784645663543397 602
170 14.6 1.5728157775042806 0.9464089516268818 121.7060546875 0.805908203125 1.7243053324975133 754
180 23.6 1.627068988347458 0.9734823253979006 121.7060546875 0.805908203125 1.6997303602430556 900
190 32.5 1.6139408052884616 1.061001414375406 121.7060546875 0.805908203125 1.6846352160816462 1136
200 29.6 1.5492693926836991 0.9495438108387558 121.7060546875 0.75 1.6689092177874743 1461
210 54.4 1.4473666022805611 0.9037877312926689 121.7060546875 0.75 1.6487536183391434 1757
220 64 1.7044513702392585 2.4637611396787378 121.7060546875 0.75 1.6011419118046502 2301
230 62.8 1.5391810714818872 1.5341443402447221 121.7060546875 0.73193359375 1.6236233988492434 2941
240 21.4 1.5394754855432238 1.1797589991056154 121.7060546875 0.73193359375 1.6087649562640096 3569
250 0.1 1.81982421875 0.0 121.7060546875 0.73193359375 1.6048453298473433 3783
260 0.1 1.598876953125 0.0 121.7060546875 0.73193359375 1.6049021424501189 3784
270 0.2 1.260009765625 0.21484375 121.7060546875 0.73193359375 1.6049005505903235 3785
280 0.6 1.388916015625 0.2131146759784294 121.7060546875 0.73193359375 1.6047184059983166 3787
290 0.5 1.340576171875 0.28956704311153897 121.7060546875 0.73193359375 1.6043770365434682 3793
300 1 1.8483154296875 1.0321671600716873 121.7060546875 0.73193359375 1.6040297473588072 3798
310 0.2 1.4429931640625 0.2520751953125 121.7060546875 0.73193359375 1.6046712538775276 3808
320 0.3 1.689208984375 0.1024560986296228 121.7060546875 0.73193359375 1.6045863834891732 3810
330 0.2 1.2608642578125 0.1429443359375 121.7060546875 0.73193359375 1.6046529630335367 3813
340 0 0 0 121.7060546875 0.73193359375 1.6044727330439057 3815
350 0.1 1.5830078125 0.0 121.7060546875 0.73193359375 1.6044727330439057 3815
360 0.1 3.505859375 0.0 121.7060546875 0.73193359375 1.6044671080647275 3816
364 0 0 0 121.7060546875 0.73193359375 1.6049652459392192 3817
