0 0.8 96.32449340820313 184.16769597116837 572.368896484375 10.152099609375 0 0
10 5.5 82.23392666903408 190.15399626687235 872.908935546875 8.2880859375 96.32449340820313 8
20 5.7 21.427344606633767 45.13934643335254 872.908935546875 8.2880859375 84.02320498511904 63
30 5.4 71.71436903211806 192.9040427319579 1023.77197265625 8.2880859375 54.29017130533853 120
40 10.1 46.92865775835394 131.95101154494907 1023.77197265625 7.89892578125 59.69768094468391 174
50 13.6 48.79720530790441 141.46913104428788 1023.77197265625 7.08203125 55.00796697443181 275
60 11.3 39.78030800608407 106.31615382175072 1023.77197265625 7.08203125 52.95282442784367 411
70 15.4 46.81637612875405 143.94215535598315 1023.77197265625 7.08203125 50.112186344525284 524
80 17.2 70.31210256177327 203.8468216527962 1362.928955078125 7.08203125 49.363580484305864 678
90 18.1 136.5337966160221 419.3221018344924 2664.552978515625 7.08203125 53.602575539981615 850
100 17.5 81.65340680803568 221.01063690811898 2664.552978515625 6.9619140625 68.16179087922829 1031
110 25.4 75.05223071481299 193.42839168202207 2664.552978515625 6.738037109375 70.11952950903037 1206
120 31.8 81.62467447916667 230.09258470627265 2664.552978515625 6.738037109375 70.97768437633776 1460
130 49.5 67.9948276712437 240.6204208029557 4204.8408203125 6.738037109375 72.88192670069074 1778
140 59.2 75.76677105877847 190.57299398468336 4204.8408203125 6.617919921875 71.81764424597175 2273
150 70.2 101.88045803841702 287.84430200888374 4204.8408203125 6.617919921875 72.63365928024106 2865
160 99 181.8736143169981 434.5503354421485 5300.242919921875 6.617919921875 78.38954734534886 3567
170 106.9 132.51372280424158 251.3091231025925 5300.242919921875 6.617919921875 100.8712735472213 4557
180 123.7 176.64853637991354 353.8810579593566 5300.242919921875 6.617919921875 106.88367636552111 5626
190 147.5 494.04777476165293 484.21371925079603 5300.242919921875 6.617919921875 119.45822566434136 6863
200 137.7 1467.1813007429519 783.6417213762751 5475.882080078125 6.617919921875 185.72346731923878 8338
210 191.5 1910.6553798904613 1222.7595699254416 6881.889892578125 1.468017578125 367.3567598178958 9715
220 320.5 1335.0901978872107 1446.341529917497 7516.139892578125 1.31689453125 621.476867938185 11630
230 396.9 1078.8369555830182 1350.1168171424995 7516.139892578125 1.2939453125 775.6481333568994 14835
240 373.9 1108.703243185218 1189.5854391845323 7516.139892578125 1.266845703125 839.6428384949267 18804
250 320.3 1299.467907055524 1058.441998175543 7516.139892578125 1.266845703125 884.269412293312 22543
260 283.2 1441.6569356110128 914.469398000968 7516.139892578125 1.266845703125 935.9232916813088 25746
270 263.5 1300.2216139038778 635.4878498258414 7516.139892578125 1.266845703125 986.0400836054785 28578
280 258 795.539039032219 495.78177357312023 7516.139892578125 1.266845703125 1012.5632736973082 31213
290 146.5 190.18087737308045 259.3050908873857 7516.139892578125 1.266845703125 995.9940870185305 33793
300 76.9 27.133158233602895 78.79259652854692 7516.139892578125 1.266845703125 962.5118602294165 35258
310 27 13.721785481770837 13.104903823597638 7516.139892578125 1.266845703125 942.5461061606685 36027
320 13.4 15.402640727028919 7.250175714778424 7516.139892578125 1.266845703125 935.6369245042423 36297
330 10.5 15.984691220238098 7.384870197298739 7516.139892578125 1.266845703125 932.2521314975681 36431
340 0.7 136.53567940848214 308.23808226977246 7516.139892578125 1.266845703125 929.6188908245574 36536
350 1.7 10.149299172794118 3.6483895938510185 7516.139892578125 1.266845703125 929.4669716476997 36543
360 1.7 19.386101217830884 4.726900610000783 7516.139892578125 1.266845703125 929.039498988179 36560
364 0 0 0 7516.139892578125 1.266845703125 928.6167166997985 36577
