0 21.71328125 21.71328125
10 121.871875 143.58515625
20 103.21171875 246.796875
30 133.45234375 380.24921875
40 267.5921875 647.84140625
50 355.79296875 1003.634375
60 265.61953125 1269.25390625
70 414.0109375 1683.26484375
80 451.69375 2134.95859375
90 505.41796875 2640.3765625
100 440.028125 3080.4046875
110 757.52578125 3837.93046875
120 874.01875 4711.94921875
130 1212.94609375 5924.8953125
140 1461.17109375 7386.06640625
150 1730.490625 9116.55703125
160 2427.09453125 11543.6515625
170 2535.70234375 14079.35390625
180 3044.8375 17124.19140625
190 3443.85 20568.04140625
200 3105.7078125 23673.74921875
210 3289.43203125 26963.18125
220 4142.44296875 31105.62421875
230 4442.03984375 35547.6640625
240 4231.4171875 39779.08125
250 3919.63203125 43698.71328125
260 4196.71484375 47895.428125
270 4299.0453125 52194.4734375
280 4271.071875 56465.5453125
290 2642.7140625 59108.259375
300 1633.54609375 60741.80546875
310 529.1015625 61270.90703125
320 296.75859375 61567.665625
330 241.9734375 61809.6390625
340 27.36171875 61837.00078125
350 14.96015625 61851.9609375
360 49.78359375 61901.74453125
364 0 61901.74453125
