0 0.1 572.489013671875 0 572.489013671875 572.489013671875 0 0
10 0.2 646.2921142578125 21.7369384765625 668.029052734375 572.489013671875 572.489013671875 1
20 0 0 0 668.029052734375 572.489013671875 621.6910807291666 3
30 0.1 564.9150390625 0.0 668.029052734375 564.9150390625 621.6910807291666 3
40 0.2 601.0731201171875 26.4100341796875 668.029052734375 564.9150390625 607.4970703125 4
50 0.4 581.9010009765625 31.411835578256994 668.029052734375 560.0439453125 605.3557535807291 6
60 0.1 564.59912109375 0.0 668.029052734375 560.0439453125 595.9738525390625 10
70 0.4 571.3543090820313 9.021211089177752 668.029052734375 560.0439453125 593.1216042258523 11
80 0.3 698.416015625 81.82970857450675 784.733154296875 560.0439453125 587.3169921875 15
90 1.1 566.7049671519886 299.5866741140076 1084.922119140625 62.703857421875 605.83349609375 18
100 0.5 703.25859375 259.44197182438944 1222.026123046875 62.703857421875 590.9916402882543 29
110 1.1 495.03755326704544 310.4768077074684 1222.026123046875 59.094970703125 607.5014863855698 34
120 1.2 542.1752115885416 298.09589584943933 1222.026123046875 59.094970703125 580.010302734375 45
130 2 543.3604370117188 219.9654900338578 1222.026123046875 59.094970703125 572.0450203878838 57
140 1.4 642.619384765625 211.73540292560708 1222.026123046875 59.094970703125 564.5944792512175 77
150 1.7 680.61181640625 398.8327289588926 1423.6259765625 59.094970703125 576.5983108688187 91
160 3 906.8823404947917 870.8135337619092 5300.303955078125 59.094970703125 592.9708071108217 108
170 2.9 629.3287648168105 271.428314351969 5300.303955078125 59.094970703125 661.2124448029891 138
180 3.6 661.8113810221353 267.12046358852695 5300.303955078125 59.094970703125 655.6757578592815 167
190 6.2 940.2047591670866 326.0718065353567 5300.303955078125 59.094970703125 656.7638486664871 203
200 5.6 1969.4740208217077 506.26012041434706 5300.303955078125 59.094970703125 723.0783258402123 265
210 7.3 2024.5479786494002 1294.3304838322026 5300.303955078125 1.5859375 940.5180732513143 321
220 10.9 1503.2972826476494 1489.9117332509263 5300.303955078125 1.5859375 1141.3662536930917 394
230 14 1290.7982474190846 1466.0235974608454 5300.303955078125 1.370849609375 1219.7966357130654 503
240 10.2 1647.394801719516 1323.2289207797974 5300.303955078125 1.370849609375 1235.2557735650757 643
250 0.5 2248.525048828125 415.3250620023162 5300.303955078125 1.370849609375 1291.682861983536 745
260 0 0 0 5300.303955078125 1.370849609375 1298.0618098958332 750
270 0 0 0 5300.303955078125 1.370849609375 1298.0618098958332 750
280 0 0 0 5300.303955078125 1.370849609375 1298.0618098958332 750
290 0 0 0 5300.303955078125 1.370849609375 1298.0618098958332 750
300 0 0 0 5300.303955078125 1.370849609375 1298.0618098958332 750
310 0 0 0 5300.303955078125 1.370849609375 1298.0618098958332 750
320 0 0 0 5300.303955078125 1.370849609375 1298.0618098958332 750
330 0 0 0 5300.303955078125 1.370849609375 1298.0618098958332 750
340 0 0 0 5300.303955078125 1.370849609375 1298.0618098958332 750
350 0 0 0 5300.303955078125 1.370849609375 1298.0618098958332 750
360 0 0 0 5300.303955078125 1.370849609375 1298.0618098958332 750
364 0 0 0 5300.303955078125 1.370849609375 1298.0618098958332 750
