30 0.1 16.218017578125 0 16.218017578125 16.218017578125 0 0
40 0 0 0 16.218017578125 16.218017578125 16.218017578125 1
50 0 0 0 16.218017578125 16.218017578125 16.218017578125 1
60 0.1 146.89599609375 0.0 146.89599609375 16.218017578125 16.218017578125 1
70 0.3 19.531331380208332 0.30517671440829514 146.89599609375 16.218017578125 81.5570068359375 2
80 0 0 0 146.89599609375 16.218017578125 44.3416015625 5
90 0.3 18.872395833333332 0.9158445703304784 146.89599609375 16.218017578125 44.3416015625 5
100 0 0 0 146.89599609375 16.218017578125 34.7906494140625 8
110 0.3 29.439046223958332 9.857470502927237 146.89599609375 16.218017578125 34.7906494140625 8
120 0.4 24.08477783203125 10.619223197228687 146.89599609375 16.218017578125 33.33112127130682 11
130 0.3 28.300048828125 8.141644187676262 146.89599609375 16.218017578125 30.8654296875 15
140 0.3 42.8740234375 18.503196035355188 146.89599609375 16.218017578125 30.4378662109375 18
150 0.2 36.822998046875 18.2099609375 146.89599609375 16.218017578125 32.21446010044643 21
160 0.9 196.09716796875 93.92818922872715 408.8701171875 16.218017578125 32.61520253057065 23
170 0.8 182.60379028320313 107.98747399332072 408.8701171875 16.218017578125 78.5945053100586 32
180 1.2 197.68754069010416 157.85797612776508 580.052978515625 16.218017578125 99.3963623046875 40
190 1.3 410.8257587139423 282.34843784712217 1203.69091796875 16.218017578125 122.07894193209134 52
200 1.8 1260.8161214192708 470.97042902096825 2113.929931640625 16.218017578125 179.82830528846154 65
210 2.1 1874.9576474144346 820.5234135950035 2733.22900390625 1.9521484375 414.25939794333584 83
220 2.8 1099.7309744698657 1199.6760608778318 3071.927978515625 1.721923828125 709.2080829326923 104
230 3 1120.3646321614583 1133.3006632181223 3071.927978515625 1.708984375 792.0462720466381 132
240 4.7 1000.2553347323803 950.1468122779875 3071.927978515625 1.442138671875 852.8459683641976 162
250 5.3 1056.650031323703 799.4698655314967 3071.927978515625 1.442138671875 885.9954430977123 209
260 4.3 1134.6005689044327 613.0099566978975 3071.927978515625 1.442138671875 920.5171727770157 262
270 3.9 1023.7084147135419 286.62857953009393 3071.927978515625 1.442138671875 950.6994220671106 305
280 1.8 717.7015652126736 305.4750336428464 3071.927978515625 1.442138671875 958.976604372956 344
290 1.1 125.34996448863636 203.1114892053777 3071.927978515625 1.442138671875 946.9795029782458 362
300 0.5 31.939599609375 40.08476633785103 3071.927978515625 1.442138671875 922.7491412533512 373
310 0.2 8.49609375 2.638916015625 3071.927978515625 1.442138671875 910.9659462580605 378
320 0.3 20.3076171875 7.199332564929545 3071.927978515625 1.442138671875 906.2161049290708 380
330 0 0 0 3071.927978515625 1.442138671875 899.2768739545937 383
340 0 0 0 3071.927978515625 1.442138671875 899.2768739545937 383
350 0 0 0 3071.927978515625 1.442138671875 899.2768739545937 383
360 0 0 0 3071.927978515625 1.442138671875 899.2768739545937 383
364 0 0 0 3071.927978515625 1.442138671875 899.2768739545937 383
