0 0.2 72.8450927734375 60.5679931640625 133.4130859375 12.277099609375 0 0
10 1.2 61.26019287109375 130.52145180265663 488.8779296875 9.76904296875 72.8450927734375 2
20 0.5 11.763037109375 1.5211844473564105 488.8779296875 9.76904296875 62.91517857142857 14
30 0.5 15.03447265625 6.985085291918597 488.8779296875 9.27490234375 49.45408871299342 19
40 0.3 21.7373046875 7.432113462653915 488.8779296875 9.27490234375 42.28333536783854 24
50 0.7 14.599574497767858 7.723161820376018 488.8779296875 8.76806640625 40.000443070023145 27
60 0.9 13.015543619791666 3.199949645517126 488.8779296875 8.7529296875 34.770852481617645 34
70 1 19.178759765625 24.99846105483251 488.8779296875 8.7529296875 30.21741574309593 43
80 0.5 21.0984375 10.775012179808138 488.8779296875 8.281982421875 28.13465046432783 53
90 1.4 41.047816685267854 106.30178316859755 488.8779296875 8.281982421875 27.52808038119612 58
100 1.3 15.730863131009615 10.243353582540248 488.8779296875 8.281982421875 30.156917995876736 72
110 1.4 13.593540736607142 10.64809422603164 488.8779296875 8.281982421875 27.950580193014705 85
120 2.7 16.83102756076389 14.478740988272069 488.8779296875 8.001953125 25.92029178503788 99
130 5.3 16.416379532724047 11.538390851797544 488.8779296875 7.73193359375 23.972592308407737 126
140 2.3 27.173509680706516 27.589317826703034 488.8779296875 7.73193359375 21.735277911138265 179
150 4.2 29.990466889880953 49.596663767051744 488.8779296875 7.73193359375 22.354482518564353 202
160 6.3 121.29829334077384 270.41690963173943 1252.800048828125 7.73193359375 23.668873271004095 244
170 4.8 46.48393758138021 57.87485559958539 1252.800048828125 7.73193359375 43.7035751094259 307
180 9.6 97.00726826985677 102.4909208397564 1252.800048828125 7.73193359375 44.07951144366197 355
190 12.2 364.81580390304816 290.8429946363055 1252.800048828125 7.73193359375 55.34573019158814 451
200 9.6 1281.9925460815432 525.3530851638579 2383.380859375 7.73193359375 121.23639161008398 573
210 20.7 1738.5556994451993 841.9158326471093 2782.135986328125 2.724853515625 287.8022971844638 669
220 26.3 1397.7154239320937 1112.2759367576014 2964.5478515625 2.566162109375 630.6173134721033 876
230 23.3 1109.722036992021 1109.1343707007852 3063.34716796875 2.551025390625 807.7435672482029 1139
240 11 1131.0270973899146 954.3164167469125 3063.34716796875 2.381103515625 859.0270828825394 1372
250 0 0 0 3063.34716796875 2.381103515625 879.2160178324795 1482
260 0 0 0 3063.34716796875 2.381103515625 879.2160178324795 1482
270 0 0 0 3063.34716796875 2.381103515625 879.2160178324795 1482
280 0 0 0 3063.34716796875 2.381103515625 879.2160178324795 1482
290 0 0 0 3063.34716796875 2.381103515625 879.2160178324795 1482
300 0 0 0 3063.34716796875 2.381103515625 879.2160178324795 1482
310 0 0 0 3063.34716796875 2.381103515625 879.2160178324795 1482
320 0 0 0 3063.34716796875 2.381103515625 879.2160178324795 1482
330 0 0 0 3063.34716796875 2.381103515625 879.2160178324795 1482
340 0 0 0 3063.34716796875 2.381103515625 879.2160178324795 1482
350 0 0 0 3063.34716796875 2.381103515625 879.2160178324795 1482
360 0 0 0 3063.34716796875 2.381103515625 879.2160178324795 1482
364 0 0 0 3063.34716796875 2.381103515625 879.2160178324795 1482
