20 0.2 11.3115234375 1.3134765625 12.625 9.998046875 0 0
30 0.1 10.924072265625 0.0 12.625 9.998046875 11.3115234375 2
40 0.1 9.4150390625 0.0 12.625 9.4150390625 11.182373046875 3
50 0.5 13.761865234375 5.587949858441187 24.89013671875 9.4150390625 10.74053955078125 4
60 0.9 14.054253472222221 3.395587012708417 24.89013671875 9.10498046875 12.419053819444445 9
70 0.5 10.842626953125 1.0369820163495416 24.89013671875 9.10498046875 13.236653645833334 18
80 0.7 11.649623325892858 1.0979512893302732 24.89013671875 9.10498046875 12.716213060461957 23
90 0.4 11.00677490234375 1.9518800840134478 24.89013671875 8.91796875 12.467342122395833 30
100 0.5 24.20537109375 24.193256995859947 72.51611328125 8.91796875 12.295510684742647 34
110 1 15.711865234375 7.528982103390601 72.51611328125 8.91796875 13.822415865384615 39
120 1 19.0091552734375 8.26851886738355 72.51611328125 8.91796875 14.20801777742347 49
130 0.9 19.01980251736111 8.910135776667353 72.51611328125 8.91796875 15.02176989539195 59
140 1.5 30.859830729166667 22.034164147035487 89.76904296875 8.91796875 15.550921271829043 68
150 2.2 29.873956853693183 25.3272918142657 98.31103515625 8.91796875 18.31759165568524 83
160 3 82.92061360677081 111.27069802581792 422.3701171875 8.882080078125 20.73892531622024 105
170 2.9 57.17434166217672 69.52481051228652 422.3701171875 8.882080078125 34.55707826967593 135
180 3.8 97.54205643503288 76.36615910575267 422.3701171875 8.882080078125 38.556472406154725 164
190 3.4 366.1727797564339 282.46471011465206 1078.116943359375 8.882080078125 49.652770391785275 202
200 3.1 1204.3075148059474 501.8423864447779 2048.9638671875 8.882080078125 95.2531107239804 236
210 4.5 1555.0169867621528 922.2808939646987 2880.5380859375 1.9638671875 224.01972692825373 267
220 5.7 1154.8254951343201 1150.6592777891278 3029.739013671875 1.75390625 415.990485558143 312
230 8.6 925.2286036291788 1053.8759135249402 3116.6669921875 1.597900390625 530.1194707772273 369
240 9.8 932.8484459701849 941.5926037054863 3116.6669921875 1.492919921875 604.7994387448489 455
250 12.4 992.8295524351058 752.21348242117 3116.6669921875 1.492919921875 662.934705848073 553
260 18.9 1189.3911946614587 486.02998089697695 3116.6669921875 1.492919921875 723.3585773056684 677
270 20.4 988.986322141161 233.35288552224034 3116.6669921875 1.492919921875 825.0677743960198 866
280 19.2 627.7122802734374 241.38198998718292 3116.6669921875 1.492919921875 856.3195349007009 1070
290 12.5 93.21412695312497 140.08413538222052 3116.6669921875 1.492919921875 821.5393503615293 1262
300 5.9 19.156953456038135 13.553115794454099 3116.6669921875 1.492919921875 755.9008118423869 1387
310 3 15.598152669270833 12.852721038123441 3116.6669921875 1.492919921875 725.8400320050463 1446
320 0.4 13.1068115234375 2.246071488643291 3116.6669921875 1.492919921875 711.404221449441 1476
330 0.1 11.589111328125 0.0 3116.6669921875 1.492919921875 709.5169311523438 1480
340 0.1 13.489990234375 0.0 3116.6669921875 1.492919921875 709.0456767162707 1481
350 0 0 0 3116.6669921875 1.492919921875 708.5763408954327 1482
360 0 0 0 3116.6669921875 1.492919921875 708.5763408954327 1482
364 0 0 0 3116.6669921875 1.492919921875 708.5763408954327 1482
