40 0.8 11.64288330078125 4.2965124024941375 22.958984375 9.41796875 0 0
50 1.6 10.268096923828125 3.441894813604691 22.958984375 7.706787109375 11.64288330078125 8
60 0 0 0 22.958984375 7.706787109375 10.726359049479166 24
70 1.6 9.282943725585938 1.9025798910881582 22.958984375 6.943115234375 10.726359049479166 24
80 2.4 22.785441080729168 45.10200223453777 236.2919921875 6.943115234375 10.148992919921875 40
90 0.8 11.360931396484375 5.764233661572323 236.2919921875 6.943115234375 14.88766098022461 64
100 0 0 0 236.2919921875 6.943115234375 14.495802137586805 72
110 1.6 11.024612426757813 4.112599324686041 236.2919921875 6.943115234375 14.495802137586805 72
120 1.6 13.766311645507813 7.746438138628056 236.2919921875 6.943115234375 13.864676735617898 88
130 4 13.54656982421875 11.255354574018513 236.2919921875 6.943115234375 13.84954364483173 104
140 4.8 17.31884765625 13.773632381940807 236.2919921875 6.943115234375 13.765384250217014 144
150 5.6 19.7950919015067 14.805807175691388 236.2919921875 6.943115234375 14.65375010172526 192
160 10 55.024931640625 64.46093296744303 478.718994140625 6.943115234375 15.814698250063005 248
170 10.3 65.72779268431437 61.47108603756246 478.718994140625 6.943115234375 27.082006695626795 348
180 9 69.9784071180556 76.25662131584531 478.718994140625 6.943115234375 35.90798442696786 451
190 10 217.04380371093742 197.65855831237758 1090.487060546875 6.943115234375 41.57589208352589 541
200 3.6 1324.4761488172744 428.60905719475574 2226.535888671875 6.943115234375 68.9499812609692 641
210 7.2 1237.2710910373264 983.0410117351646 2578.626953125 1.654052734375 135.7135588562823 677
220 18 1005.1371432834203 1139.9416357661553 3016.19384765625 1.3330078125 241.60426955993407 749
230 25.4 939.1750055748647 1083.243384538192 3172.4638671875 1.3330078125 389.5439006366052 929
240 32.4 850.8751054928623 934.2290054862723 3172.4638671875 1.3330078125 507.5542984847184 1183
250 35.5 949.4806489326585 778.4533500072478 3172.4638671875 1.3330078125 581.3671329045184 1507
260 41.2 1058.6705322265618 586.8311326257042 3172.4638671875 1.3330078125 651.5498924050498 1862
270 55 967.4480340021311 252.26975358090647 3172.4638671875 1.3330078125 725.3114155389386 2274
280 81.6 537.0948594037225 270.50245744216505 3172.4638671875 1.3330078125 772.4697512877899 2824
290 45.6 147.80353853995334 160.65270433682673 3172.4638671875 1.3330078125 719.7043909093836 3640
300 24 12.53882853190104 9.076362151746647 3172.4638671875 1.3330078125 656.0357413291931 4096
310 6.4 7.974456787109375 3.4130387684969454 3172.4638671875 1.3330078125 620.4178310267599 4336
320 4.8 9.396753946940102 3.7720551239972213 3172.4638671875 1.3330078125 611.5095637650924 4400
330 4.7 8.979055851063832 4.315451422786997 3172.4638671875 1.3330078125 605.0119435152561 4448
340 0.1 6.8251953125 0.0 3172.4638671875 1.3330078125 598.7797865140956 4495
350 0.8 5.423126220703125 0.1677400867811562 3172.4638671875 1.3330078125 598.6481240160525 4496
360 0.8 9.5103759765625 0.1593761518848158 3172.4638671875 1.3330078125 597.5944384071798 4504
364 0 0 0 3172.4638671875 1.3330078125 596.5517361688277 4512
