40 0.8 13.069244384765625 4.130126909717231 19.654052734375 7.93896484375 0 0
50 1.6 9.5733642578125 3.1222329083946274 19.654052734375 6.5810546875 13.069244384765625 8
60 0 0 0 19.654052734375 6.5810546875 10.738657633463541 24
70 1.6 11.1727294921875 3.601925532689662 19.654052734375 6.10595703125 10.738657633463541 24
80 2.4 14.833241780598959 11.861299689773881 65.18310546875 6.10595703125 10.912286376953125 40
90 0.8 15.681243896484375 7.940460337261966 65.18310546875 6.10595703125 12.382644653320313 64
100 0 0 0 65.18310546875 6.10595703125 12.749155680338541 72
110 1.6 11.142044067382813 4.9118142990904365 65.18310546875 6.10595703125 12.749155680338541 72
120 1.6 15.997817993164063 10.120301790759155 65.18310546875 6.10595703125 12.456953568892045 88
130 4 10.9235595703125 5.563880615614546 65.18310546875 6.10595703125 13.001701941856972 104
140 4.8 15.720921834309896 8.414386582787664 65.18310546875 6.10595703125 12.424440171983507 144
150 5.6 21.350725446428573 22.49287226975026 109.73291015625 6.0458984375 13.248560587565104 192
160 10 46.393540039062515 45.08069850299002 278.35888671875 6.0458984375 15.078081684727822 248
170 10.4 52.12384737454928 47.66884407383882 278.35888671875 6.0458984375 24.076776614134346 348
180 9 69.51987847222222 77.09096899278713 448.3349609375 6.0458984375 30.53008493068999 452
190 10.1 235.8111245939047 211.29685766974194 1149.60205078125 6.0458984375 37.00440489146102 542
200 4.6 1291.438269573709 440.84529813565257 2289.7529296875 6.0458984375 68.23221000801905 643
210 7.5 1324.683850911458 1014.7127045442768 2695.132080078125 1.68994140625 149.89763633606222 689
220 18.5 959.5757667335304 1122.4458417514254 2911.22900390625 1.526123046875 265.22350818574114 764
230 26 879.1137836162862 1085.0899360736278 3144.30908203125 1.454833984375 400.5819569015905 949
240 33 823.7995760830964 910.8664977593597 3144.30908203125 1.454833984375 503.49202716281536 1209
250 36.1 922.7629516263418 789.8039133414637 3144.30908203125 1.454833984375 572.173957730517 1539
260 42.5 1053.2458214613964 583.6839047561187 3144.30908203125 1.454833984375 638.7858665707237 1900
270 55.6 954.0650797233307 245.424910029508 3144.30908203125 1.454833984375 714.5473637012768 2325
280 78.2 546.3038917014665 267.5879230778034 3144.30908203125 1.454833984375 760.7715393723154 2881
290 43.3 140.56495155528302 154.79076094812035 3144.30908203125 1.454833984375 714.9856533557705 3663
300 24 12.98816121419271 9.633521719650087 3144.30908203125 1.454833984375 654.2619805335999 4096
310 6.4 8.517520904541017 3.978711231982733 3144.30908203125 1.454833984375 618.7671196856622 4336
320 4.9 9.156364596619898 3.1579037733637123 3144.30908203125 1.454833984375 609.8907618852095 4400
330 4.6 9.367447562839674 3.5808694729510875 3144.30908203125 1.454833984375 603.2744468779853 4449
340 0.1 7.756103515625 0.0 3144.30908203125 1.454833984375 597.1966444378302 4495
350 0.8 7.128662109375 2.3071312540032283 3144.30908203125 1.454833984375 597.0655411146713 4496
360 0.8 10.272247314453125 3.3281770564147424 3144.30908203125 1.454833984375 596.0176958588892 4504
364 0 0 0 3144.30908203125 1.454833984375 594.9791400990587 4512
