0 0.9 12.993977864583334 34.62247669372642 110.9208984375 0.5791015625 0 0
10 0.7 0.7861676897321429 0.0452236542083857 110.9208984375 0.5791015625 12.993977864583334 9
20 1.4 0.7470703125 0.06300936627991297 110.9208984375 0.5791015625 7.6530609130859375 16
30 1.6 0.6969451904296875 0.06271870724750708 110.9208984375 0.574951171875 4.430265299479166 30
40 1.6 0.8030242919921875 0.43448993255596313 110.9208984375 0.574951171875 3.131719174592391 46
50 1.3 0.7549203725961539 0.07478063279919289 110.9208984375 0.574951171875 2.530765656502016 62
60 2.2 0.7083629261363634 0.06660276200952504 110.9208984375 0.574951171875 2.2229524739583333 75
70 1.3 0.6950871394230769 0.03518902957780784 110.9208984375 0.574951171875 1.8794373187822164 97
80 1.7 0.6683565027573529 0.07085395020938771 110.9208984375 0.549072265625 1.7394686612215908 110
90 3.6 0.6622111002604166 0.05505581231722456 110.9208984375 0.549072265625 1.5960914431594488 127
100 3.9 0.678955078125 0.0577614911469347 110.9208984375 0.549072265625 1.3898356619056749 163
110 4.4 0.6625532670454546 0.09940317162376319 110.9208984375 0.52587890625 1.2525864402846534 202
120 8.1 0.6770170235339504 0.09982790256166459 110.9208984375 0.505126953125 1.1470520515752032 246
130 8.4 0.6473911830357141 0.05586717523092177 110.9208984375 0.505126953125 1.0306213565558104 327
140 7.6 0.6457969263980264 0.07846381063248987 110.9208984375 0.505126953125 0.9522969415298054 411
150 14.1 0.6349768672429078 0.07003108143693836 110.9208984375 0.505126953125 0.9044653169917864 487
160 16.8 0.6525239490327381 0.1689898066922788 110.9208984375 0.505126953125 0.8439591523188694 628
170 14.4 0.8582509358723955 0.9011556861096272 110.9208984375 0.505126953125 0.803555742580088 796
180 30 0.8806054687499998 0.6624091955129854 110.9208984375 0.505126953125 0.8119345807014627 940
190 33.5 1.1426138351212685 1.0030733763152966 110.9208984375 0.505126953125 0.8285485052293347 1240
200 36 1.1006245930989582 0.9656425044095396 110.9208984375 0.4990234375 0.8953497023809524 1575
210 7.6 0.6610428659539473 0.1186685555080958 110.9208984375 0.4990234375 0.9335403797238372 1935
220 0.8 0.9571533203125 0.5523488887564009 110.9208984375 0.4990234375 0.9232421146584411 2011
230 0.6 0.67138671875 0.047173082115326725 110.9208984375 0.4990234375 0.9233764829819836 2019
240 0.2 0.6510009765625 0.0211181640625 110.9208984375 0.4990234375 0.9226298466435185 2025
250 0.1 0.607177734375 0.0 110.9208984375 0.4990234375 0.922361835918229 2027
260 0.2 0.6826171875 0.049560546875 110.9208984375 0.4990234375 0.9222064196945883 2028
270 0.3 1.0376790364583333 0.5046155539068367 110.9208984375 0.4990234375 0.9219703711899631 2030
280 0.2 1.151123046875 0.3740234375 110.9208984375 0.4990234375 0.9221411168839154 2033
290 0.1 0.68505859375 0.0 110.9208984375 0.4990234375 0.9223661605497543 2035
300 0.1 0.751953125 0.0 110.9208984375 0.4990234375 0.9222496047703831 2036
310 0 0 0 110.9208984375 0.4990234375 0.9221660031602847 2037
320 0 0 0 110.9208984375 0.4990234375 0.9221660031602847 2037
330 0 0 0 110.9208984375 0.4990234375 0.9221660031602847 2037
340 0.1 0.841064453125 0.0 110.9208984375 0.4990234375 0.9221660031602847 2037
346 0.2 0.8900146484375 0.0560302734375 110.9208984375 0.4990234375 0.9221262084841143 2038
