0 0.1 0.078125 0 0.078125 0.078125 0 0
10 0.1 0.0703125 0.0 0.078125 0.0703125 0.078125 1
20 0.1 0.05859375 0.0 0.078125 0.05859375 0.07421875 2
30 0.1 0.05078125 0.0 0.078125 0.05078125 0.06901041666666667 3
40 0.1 0.0390625 0.0 0.078125 0.0390625 0.064453125 4
50 0.1 0.0390625 0.0 0.078125 0.0390625 0.059375 5
60 0.1 0.03125 0.0 0.078125 0.03125 0.055989583333333336 6
70 0.1 0.03125 0.0 0.078125 0.03125 0.052455357142857144 7
80 0.1 0.01953125 0.0 0.078125 0.01953125 0.0498046875 8
90 0.1 0.01953125 0.0 0.078125 0.01953125 0.046440972222222224 9
100 0.1 0.01953125 0.0 0.078125 0.01953125 0.04375 10
110 0.1 0.01171875 0.0 0.078125 0.01171875 0.041548295454545456 11
120 0.1 0.01171875 0.0 0.078125 0.01171875 0.0390625 12
130 0.1 0.01171875 0.0 0.078125 0.01171875 0.036959134615384616 13
140 0.1 0.01171875 0.0 0.078125 0.01171875 0.03515625 14
150 0.1 0.01171875 0.0 0.078125 0.01171875 0.03359375 15
160 0.1 0.01171875 0.0 0.078125 0.01171875 0.0322265625 16
170 0.1 0.0 0.0 0.078125 0.0 0.031020220588235295 17
180 0.1 0.0 0.0 0.078125 0.0 0.029296875 18
190 0.1 0.078125 0.0 0.078125 0.0 0.027754934210526317 19
200 0.1 0.140625 0.0 0.140625 0.0 0.0302734375 20
210 0.1 0.26953125 0.0 0.26953125 0.0 0.03552827380952381 21
220 0.1 0.30859375 0.0 0.30859375 0.0 0.04616477272727273 22
230 0.1 0.33984375 0.0 0.33984375 0.0 0.05757472826086957 23
240 0.1 0.2890625 0.0 0.33984375 0.0 0.0693359375 24
250 0.1 0.23828125 0.0 0.33984375 0.0 0.078125 25
260 0.1 0.2109375 0.0 0.33984375 0.0 0.08428485576923077 26
270 0.1 0.1796875 0.0 0.33984375 0.0 0.08897569444444445 27
280 0.1 0.1484375 0.0 0.33984375 0.0 0.09221540178571429 28
290 0.1 0.12890625 0.0 0.33984375 0.0 0.0941540948275862 29
300 0.1 0.109375 0.0 0.33984375 0.0 0.0953125 30
310 0.1 0.08984375 0.0 0.33984375 0.0 0.09576612903225806 31
320 0.1 0.078125 0.0 0.33984375 0.0 0.0955810546875 32
330 0.1 0.05859375 0.0 0.33984375 0.0 0.09505208333333333 33
340 0.1 0.05078125 0.0 0.33984375 0.0 0.0939797794117647 34
346 0.1 0.05078125 0.0 0.33984375 0.0 0.09274553571428572 35
