10 0.1 175 0 175 175 0 0
20 0.1 293.0 0.0 293 175 175.0 1
30 0.1 371.0 0.0 371 175 234.0 2
40 0.1 465.0 0.0 465 175 279.6666666666667 3
50 0.1 887.0 0.0 887 175 326.0 4
60 0.1 748.0 0.0 887 175 438.2 5
70 0.1 1123.0 0.0 1123 175 489.8333333333333 6
80 0.1 1150.0 0.0 1150 175 580.2857142857143 7
90 0.1 1187.0 0.0 1187 175 651.5 8
100 0.1 1544.0 0.0 1544 175 711.0 9
110 0.1 2313.0 0.0 2313 175 794.3 10
120 0.1 2228.0 0.0 2313 175 932.3636363636364 11
130 0.1 2854.0 0.0 2854 175 1040.3333333333333 12
140 0.1 3769.0 0.0 3769 175 1179.8461538461538 13
150 0.1 5250.0 0.0 5250 175 1364.7857142857142 14
160 0.1 5465.0 0.0 5465 175 1623.8 15
170 0.1 8280.0 0.0 8280 175 1863.875 16
180 0.1 9310.0 0.0 9310 175 2241.294117647059 17
190 0.1 12550.0 0.0 12550 175 2634.0 18
200 0.1 15709.0 0.0 15709 175 3155.8947368421054 19
210 0.1 18210.0 0.0 18210 175 3783.55 20
220 0.1 18002.0 0.0 18210 175 4470.523809523809 21
230 0.1 13786.0 0.0 18210 175 5085.590909090909 22
240 0.1 10702.0 0.0 18210 175 5463.869565217391 23
250 0.1 7439.0 0.0 18210 175 5682.125 24
260 0.1 4386.0 0.0 18210 175 5752.4 25
270 0.1 2495.0 0.0 18210 175 5699.846153846154 26
280 0.1 2058.0 0.0 18210 175 5581.148148148148 27
290 0.1 520.0 0.0 18210 175 5455.321428571428 28
300 0.1 380.0 0.0 18210 175 5285.137931034483 29
310 0.1 169.0 0.0 18210 169 5121.633333333333 30
320 0.1 11.0 0.0 18210 11 4961.870967741936 31
330 0.1 2.0 0.0 18210 2 4807.15625 32
340 0.1 105.0 0.0 18210 2 4661.545454545455 33
346 0.1 210.0 0.0 18210 2 4527.529411764706 34
