10 0.1 226 0 226 226 0 0
20 0.1 263.0 0.0 263 226 226.0 1
30 0.1 362.0 0.0 362 226 244.5 2
40 0.1 426.0 0.0 426 226 283.6666666666667 3
50 0.1 756.0 0.0 756 226 319.25 4
60 0.1 653.0 0.0 756 226 406.6 5
70 0.1 973.0 0.0 973 226 447.6666666666667 6
80 0.1 987.0 0.0 987 226 522.7142857142857 7
90 0.1 1041.0 0.0 1041 226 580.75 8
100 0.1 1325.0 0.0 1325 226 631.8888888888889 9
110 0.1 1985.0 0.0 1985 226 701.2 10
120 0.1 1933.0 0.0 1985 226 817.9090909090909 11
130 0.1 2572.0 0.0 2572 226 910.8333333333334 12
140 0.1 3251.0 0.0 3251 226 1038.6153846153845 13
150 0.1 4311.0 0.0 4311 226 1196.642857142857 14
160 0.1 4919.0 0.0 4919 226 1404.2666666666667 15
170 0.1 7027.0 0.0 7027 226 1623.9375 16
180 0.1 7631.0 0.0 7631 226 1941.764705882353 17
190 0.1 10551.0 0.0 10551 226 2257.8333333333335 18
200 0.1 12698.0 0.0 12698 226 2694.315789473684 19
210 0.1 13926.0 0.0 13926 226 3194.5 20
220 0.1 13064.0 0.0 13926 226 3705.5238095238096 21
230 0.1 10531.0 0.0 13926 226 4130.909090909091 22
240 0.1 8437.0 0.0 13926 226 4409.173913043478 23
250 0.1 5832.0 0.0 13926 226 4577.0 24
260 0.1 3449.0 0.0 13926 226 4627.2 25
270 0.1 1913.0 0.0 13926 226 4581.884615384615 26
280 0.1 1529.0 0.0 13926 226 4483.037037037037 27
290 0.1 406.0 0.0 13926 226 4377.535714285715 28
300 0.1 287.0 0.0 13926 226 4240.5862068965525 29
310 0.1 129.0 0.0 13926 129 4108.800000000001 30
320 0.1 10.0 0.0 13926 10 3980.4193548387107 31
330 0.1 1.0 0.0 13926 1 3856.343750000001 32
340 0.1 77.0 0.0 13926 1 3739.5151515151524 33
346 0.1 153.0 0.0 13926 1 3631.7941176470595 34
