10 0.2 14404.446044921875 2077.4609375 16481.906982421875 12326.985107421875 0 0
20 0 0 0 16481.906982421875 12326.985107421875 14404.446044921875 2
30 0.2 25362.073608398438 3534.2606201171875 28896.334228515625 12326.985107421875 14404.446044921875 2
40 0.5 34834.82373046875 6078.863342668743 42035.630126953125 12326.985107421875 19883.259826660156 4
50 0.7 33667.4629952567 6289.989493006305 45015.73388671875 12326.985107421875 28189.68421766493 9
60 0.9 34552.012993706594 12005.870149743638 53115.364990234375 9959.259033203125 30586.212432861328 16
70 1.4 41450.228463309155 17188.535795499447 70065.4951171875 9959.259033203125 32013.900634765625 25
80 0.8 38818.05709838867 15500.684428837705 70065.4951171875 9959.259033203125 35401.300368088945 39
90 1.9 41839.98045590049 19030.905265518682 85985.61596679688 9959.259033203125 35982.87598175698 47
100 2.8 43192.38439069475 19452.869958816886 85985.61596679688 7339.47998046875 37669.01211825284 66
110 2.3 36517.71990701426 18532.012887246616 85985.61596679688 4626.202880859375 39314.271944086606 94
120 1.8 45793.59042697483 22579.48664348066 90426.44702148438 4626.202880859375 38764.522398337336 117
130 3.2 30862.84838867188 11512.259130262004 90426.44702148438 4626.202880859375 39701.73146882234 135
140 4.6 29282.432749872623 13848.903450419566 90426.44702148438 3793.131103515625 38008.05327382345 167
150 4.3 36299.15075399708 13953.900772731116 90426.44702148438 3793.131103515625 36123.64696348665 213
160 6.9 39046.881747480766 18424.284060941824 119498.5029296875 3793.131103515625 36153.12611579895 256
170 9 38027.11687011719 15889.821611510724 119498.5029296875 3793.131103515625 36767.4926960637 325
180 9.8 33474.949609873234 14893.538493753082 119498.5029296875 3793.131103515625 37040.66420368976 415
190 12.4 36379.884165117815 16118.705091606138 119498.5029296875 3793.131103515625 36359.49455418875 513
200 14.1 35164.79408210052 14776.268566514591 119498.5029296875 3793.131103515625 36363.46364642612 637
210 18.1 37803.0353761114 15089.385637593015 119498.5029296875 3793.131103515625 36146.224046721865 778
220 21.6 40835.16553073457 15792.707279923485 130082.32592773438 3793.131103515625 36458.92774914054 959
230 21.2 44778.5249115566 13854.941042199693 130082.32592773438 3793.131103515625 37263.41060941654 1175
240 20 50312.33979736328 12880.688430344502 130082.32592773438 3793.131103515625 38412.07984665784 1387
250 12.9 57141.96411322069 9727.412347501337 130082.32592773438 3793.131103515625 39911.79754680976 1587
260 10.1 65748.69376063581 10545.764414332562 130082.32592773438 3793.131103515625 41207.07230617281 1716
270 5.2 76262.54324106072 11591.162937867286 130082.32592773438 3793.131103515625 42571.246090928325 1817
280 2.5 85478.56627929688 12002.705465177754 130082.32592773438 3793.131103515625 43508.61765422789 1869
290 0.6 95042.62601725261 8087.690451143055 130082.32592773438 3793.131103515625 44062.60324853978 1894
300 0.7 108902.00756835938 13636.990260439577 130082.32592773438 3793.131103515625 44223.59279412519 1900
310 0.2 110919.26904296875 105.658935546875 130082.32592773438 3793.131103515625 44461.0070067207 1907
320 0.1 115921.1318359375 0.0 130082.32592773438 3793.131103515625 44530.633263437565 1909
330 0 0 0 130082.32592773438 3793.131103515625 44568.01048782108 1910
340 0.1 153619.98315429688 0.0 153619.98315429688 3793.131103515625 44568.01048782108 1910
346 0.2 161285.95947265625 6310.33544921875 167596.294921875 3793.131103515625 44625.07588429751 1911
