10 0.1 38.925048828125 0 38.925048828125 38.925048828125 0 0
20 0 0 0 38.925048828125 38.925048828125 38.925048828125 1
30 0.2 34.3604736328125 0.5604248046875 38.925048828125 33.800048828125 38.925048828125 1
40 0.3 34.545247395833336 2.60618138008236 38.925048828125 32.6298828125 35.881998697916664 3
50 0.1 32.38623046875 0.0 38.925048828125 32.38623046875 35.213623046875 6
60 0.3 33.272705078125 1.6400216703805253 38.925048828125 32.10888671875 34.80970982142857 7
70 0 0 0 38.925048828125 32.10888671875 34.3486083984375 10
80 0.6 34.741984049479164 5.97937025951384 48.093994140625 31.68798828125 34.3486083984375 10
90 0.1 39.135986328125 0.0 48.093994140625 31.68798828125 34.496124267578125 16
100 1.1 38.14117986505682 6.41575587287505 49.677001953125 31.643798828125 34.76905732996323 17
110 0.9 38.6142578125 8.350456091549466 58.576171875 31.643798828125 36.093819754464285 28
120 0.8 38.11212158203125 8.766804398829759 60.14404296875 31.643798828125 36.7068992820946 37
130 1.1 35.35316051136363 1.8534849415960457 60.14404296875 31.643798828125 36.95671657986111 45
140 2 36.04105224609375 4.3896710077369585 60.14404296875 31.3349609375 36.641732352120535 56
150 1.8 36.76702202690972 4.518133272592108 60.14404296875 31.3349609375 36.48365864000822 76
160 2.8 39.7523193359375 6.037165082158017 60.14404296875 31.3349609375 36.53791971409574 94
170 2.2 43.10815429687499 7.807654348449048 60.717041015625 31.3349609375 37.27565077484631 122
180 4.7 47.23204267785904 12.991216936533872 94.620849609375 31.3349609375 38.166727701822914 144
190 5.1 49.973953546262265 7.866876061242177 94.620849609375 31.3349609375 40.397459659276834 191
200 6.7 64.716552734375 29.166416920563293 129.408935546875 0.654052734375 42.415646387525825 242
210 7.7 94.55249023437497 36.339088470317826 172.723876953125 0.654052734375 47.251117990240694 309
220 6.6 54.84207800662879 17.024425411626158 172.723876953125 0.654052734375 56.68688395603951 386
230 6.1 46.983894723360656 10.1407061985995 172.723876953125 0.654052734375 56.41750963599281 452
240 4.4 38.55384410511363 7.797051205098149 172.723876953125 0.654052734375 55.29577374969542 513
250 2.1 37.518543061755956 5.094072427263538 172.723876953125 0.654052734375 53.97325147974641 557
260 1.1 33.96484375 0.9125388843807225 172.723876953125 0.654052734375 53.3754160527952 578
270 0.6 34.753865559895836 2.565386710121364 172.723876953125 0.654052734375 53.01290960910973 589
280 0.3 34.502360026041664 0.5115144174440901 172.723876953125 0.654052734375 52.828784795168076 595
290 0.3 34.964762369791664 1.334983921605068 172.723876953125 0.654052734375 52.73684620936978 598
300 0.1 40.133056640625 0.0 172.723876953125 0.654052734375 52.64813364444676 601
310 0 0 0 172.723876953125 0.654052734375 52.62734447998859 602
320 0 0 0 172.723876953125 0.654052734375 52.62734447998859 602
330 0 0 0 172.723876953125 0.654052734375 52.62734447998859 602
340 0 0 0 172.723876953125 0.654052734375 52.62734447998859 602
346 0 0 0 172.723876953125 0.654052734375 52.62734447998859 602
