0 0.1 29.147216796875 0 29.147216796875 29.147216796875 0 0
10 0 0 0 29.147216796875 29.147216796875 29.147216796875 1
20 0.1 11.3369140625 0.0 29.147216796875 11.3369140625 29.147216796875 1
30 0.4 21.4327392578125 22.688852454101752 60.73095703125 8.289794921875 20.2420654296875 2
40 0.2 9.053955078125 0.990966796875 60.73095703125 8.06298828125 21.035847981770832 6
50 0.1 10.9580078125 0.0 60.73095703125 8.06298828125 18.040374755859375 8
60 0.1 8.086181640625 0.0 60.73095703125 8.06298828125 17.25344509548611 9
70 0.3 8.792805989583334 1.1549305360813038 60.73095703125 7.879150390625 16.33671875 10
80 0.7 8.032156808035714 0.4426658148953558 60.73095703125 7.23193359375 14.595815805288462 13
90 0.7 11.611572265625 7.0829175545241245 60.73095703125 7.23193359375 12.29853515625 20
100 0.7 9.986188616071429 2.653592400192009 60.73095703125 7.23193359375 12.120433666087964 27
110 1.1 8.528009588068182 0.9607033572772886 60.73095703125 7.23193359375 11.6810302734375 34
120 0.6 8.645548502604166 0.5321171997198951 60.73095703125 7.23193359375 10.910291883680555 45
130 1.9 12.833316200657896 14.08017305730382 72.087890625 7.23193359375 10.643851485906863 51
140 2.3 10.472857931385871 6.047220116605419 72.087890625 7.23193359375 11.238134765625 70
150 2.4 10.082804361979166 1.9845774310362811 72.087890625 7.23193359375 11.048872752856182 93
160 2.2 10.748757102272727 2.8703307581484196 72.087890625 7.23193359375 10.850704877804487 117
170 3.5 10.855350167410714 4.0969662903256765 72.087890625 7.23193359375 10.834569258655575 139
180 6.9 14.304864413496379 14.397911851530663 88.64697265625 7.23193359375 10.838749326508621 174
190 6.6 15.809918027935606 8.856709674625705 88.64697265625 7.23193359375 11.822954845036008 243
200 8 31.988812255859376 23.044955045441156 90.6259765625 0.633056640625 12.67453921419903 309
210 7.8 71.41344275841348 192.69783228467273 1731.69189453125 0.633056640625 16.646626215054628 389
220 5.7 17.85348992598684 8.44370330762914 1731.69189453125 0.633056640625 25.793974588463602 467
230 4.7 12.971430352393616 6.235468805864023 1731.69189453125 0.633056640625 24.930219577468993 524
240 1.4 9.887590680803571 1.7766106133124262 1731.69189453125 0.633056640625 23.94587090220009 571
250 1.1 9.744562322443182 2.77019810556214 1731.69189453125 0.633056640625 23.609433426816242 585
260 0.3 11.896728515625 2.8709432964737718 1731.69189453125 0.633056640625 23.353538154755665 596
270 0.2 12.737060546875 4.5849609375 1731.69189453125 0.633056640625 23.29615847375835 599
280 0.1 10.125 0.0 1731.69189453125 0.633056640625 23.261020044717142 601
290 0 0 0 1731.69189453125 0.633056640625 23.239199413413623 602
300 0 0 0 1731.69189453125 0.633056640625 23.239199413413623 602
310 0 0 0 1731.69189453125 0.633056640625 23.239199413413623 602
320 0 0 0 1731.69189453125 0.633056640625 23.239199413413623 602
330 0 0 0 1731.69189453125 0.633056640625 23.239199413413623 602
340 0 0 0 1731.69189453125 0.633056640625 23.239199413413623 602
346 0 0 0 1731.69189453125 0.633056640625 23.239199413413623 602
