10 0.3 14.159016927083334 4.5026357593387765 20.526123046875 10.90087890625 0 0
20 0.6 12.067097981770834 1.70543515969387 20.526123046875 10.43798828125 14.159016927083334 3
30 0.8 10.9466552734375 0.7592482288334912 20.526123046875 10.18115234375 12.764404296875 9
40 0.6 11.1068115234375 1.3691995021261345 20.526123046875 10.10205078125 11.908992991727942 17
50 0.6 11.509521484375 2.3071856391834134 20.526123046875 10.10205078125 11.699728260869565 23
60 0.8 11.205657958984375 1.09940855951943 20.526123046875 10.10205078125 11.660375134698276 29
70 1 17.780908203125 19.403002458991192 75.85205078125 10.10205078125 11.562057907516891 37
80 0.6 11.769490559895834 2.188613423937276 75.85205078125 10.10205078125 12.88521754488032 47
90 0.9 11.302001953125 0.9950317905210067 75.85205078125 10.10205078125 12.758908829599056 53
100 1.3 12.234957181490385 1.7802984255499177 75.85205078125 10.10205078125 12.547422347530242 62
110 1.6 11.520172119140625 1.509902880932527 75.85205078125 10.10205078125 12.49326171875 75
120 3 11.3802734375 1.9553494236041622 75.85205078125 10.072021484375 12.322169041895604 91
130 3 12.0099609375 1.7597332525856832 75.85205078125 10.072021484375 12.08864120609504 121
140 4.3 12.060353833575581 2.739790577165129 75.85205078125 10.06005859375 12.073009364652318 151
150 3.5 12.814076450892857 2.215625926305501 75.85205078125 10.06005859375 12.07020427271263 194
160 5.5 13.873974609375 3.181548371096499 75.85205078125 10.06005859375 12.18389652701965 229
170 7.2 14.951270209418404 5.0719655466246 75.85205078125 10.06005859375 12.51120038099692 284
180 8 18.780679321289064 12.134482403290411 84.886962890625 10.06005859375 13.004697649666433 356
190 9.6 20.41314188639323 8.278565484393237 84.886962890625 10.06005859375 14.064510800422878 436
200 12.3 33.5523711413872 21.566874454894577 94.998046875 10.06005859375 15.210128439996476 532
210 12.9 106.2586395500242 428.6310942415386 3717.597900390625 0.794921875 18.654549588501908 655
220 9 24.002134874131944 10.977809838064243 3717.597900390625 0.794921875 33.06899806431361 784
230 4 16.825183105468753 8.416800037328027 3717.597900390625 0.794921875 32.13533938340245 874
240 1.4 13.169869559151786 3.3878653651249566 3717.597900390625 0.794921875 31.4653106622675 914
250 0.2 11.2625732421875 0.7884521484375 3717.597900390625 0.794921875 31.189301852522217 928
260 0.1 9.975830078125 0.0 3717.597900390625 0.794921875 31.146448672715046 930
270 0 0 0 3717.597900390625 0.794921875 31.12370901794105 931
280 0 0 0 3717.597900390625 0.794921875 31.12370901794105 931
290 0 0 0 3717.597900390625 0.794921875 31.12370901794105 931
300 0 0 0 3717.597900390625 0.794921875 31.12370901794105 931
310 0 0 0 3717.597900390625 0.794921875 31.12370901794105 931
320 0 0 0 3717.597900390625 0.794921875 31.12370901794105 931
330 0 0 0 3717.597900390625 0.794921875 31.12370901794105 931
340 0 0 0 3717.597900390625 0.794921875 31.12370901794105 931
346 0 0 0 3717.597900390625 0.794921875 31.12370901794105 931
