10 0.1 13.926025390625 0 13.926025390625 13.926025390625 0 0
20 0.1 8.56201171875 0.0 13.926025390625 8.56201171875 13.926025390625 1
30 0 0 0 13.926025390625 8.56201171875 11.2440185546875 2
40 0.2 8.259521484375 0.243408203125 13.926025390625 8.01611328125 11.2440185546875 2
50 0.5 10.03525390625 3.0223158955568667 16.033203125 8.01611328125 9.75177001953125 4
60 0.6 8.216552734375 0.26561037659128534 16.033203125 7.72900390625 9.909261067708334 9
70 0.2 8.634521484375 0.190673828125 16.033203125 7.72900390625 9.232177734375 15
80 0.2 9.656494140625 0.714599609375 16.033203125 7.72900390625 9.161865234375 17
90 0.6 8.408528645833334 0.2532972678437295 16.033203125 7.72900390625 9.213931435032896 19
100 0.3 8.359619140625 0.3487504748087104 16.033203125 7.72900390625 9.020634765625001 25
110 0.5 8.160498046875 0.2067298047720534 16.033203125 7.72900390625 8.949811662946429 28
120 0.8 8.86895751953125 0.9614248803688117 16.033203125 7.72900390625 8.830218690814394 33
130 1.5 9.385319010416667 1.5010347809590614 16.033203125 7.72900390625 8.837777486661585 41
140 1.1 9.549249822443182 1.314699881127103 16.033203125 7.72900390625 8.984440394810267 56
150 1.6 10.081283569335938 1.9811724412730487 16.033203125 7.72900390625 9.077170300839553 67
160 2 10.71658935546875 3.946546318789917 24.721923828125 7.72900390625 9.27073430440512 83
170 2.9 10.33000235721983 1.6627053546443624 24.721923828125 7.72900390625 9.55148285800971 103
180 3.6 13.945929633246529 8.613143925663914 55.534912109375 7.72900390625 9.722521232836176 132
190 4 16.357354736328126 6.2180344368773 55.534912109375 7.72900390625 10.627537318638394 168
200 4.8 30.360616048177082 20.012182244549766 83.470947265625 7.72900390625 11.729425283578726 208
210 4.9 150.27590880102042 663.2377121897825 4740.10009765625 7.72900390625 15.222773551940918 256
220 3.7 26.159338048986484 14.896362519631445 4740.10009765625 7.72900390625 36.91983462474385 305
230 2 12.48446044921875 4.638536046193779 4740.10009765625 6.703125 35.755687334384135 342
240 1.1 9.2890625 1.2683813988673815 4740.10009765625 6.703125 34.469984191557316 362
250 0.4 12.35009765625 3.7343814921621927 4740.10009765625 6.703125 33.7273832837634 373
260 0.3 10.866943359375 3.1557059999505306 4740.10009765625 6.703125 33.50056858214522 377
270 0 0 0 4740.10009765625 6.703125 33.321882067228614 380
280 0 0 0 4740.10009765625 6.703125 33.321882067228614 380
290 0 0 0 4740.10009765625 6.703125 33.321882067228614 380
300 0 0 0 4740.10009765625 6.703125 33.321882067228614 380
310 0 0 0 4740.10009765625 6.703125 33.321882067228614 380
320 0 0 0 4740.10009765625 6.703125 33.321882067228614 380
330 0 0 0 4740.10009765625 6.703125 33.321882067228614 380
340 0 0 0 4740.10009765625 6.703125 33.321882067228614 380
346 0 0 0 4740.10009765625 6.703125 33.321882067228614 380
