10 0.1 12.629150390625 0 12.629150390625 12.629150390625 0 0
20 0 0 0 12.629150390625 12.629150390625 12.629150390625 1
30 0 0 0 12.629150390625 12.629150390625 12.629150390625 1
40 0.1 11.69189453125 0.0 12.629150390625 11.69189453125 12.629150390625 1
50 0.2 12.0880126953125 0.0860595703125 12.629150390625 11.69189453125 12.1605224609375 2
60 0.2 12.7188720703125 0.9710693359375 13.68994140625 11.69189453125 12.124267578125 4
70 0.5 11.700537109375 0.3330975668312973 13.68994140625 11.06689453125 12.322469075520834 6
80 0.2 12.556396484375 1.007568359375 13.68994140625 11.06689453125 12.039772727272727 11
90 0.3 11.803059895833334 0.3274425089544156 13.68994140625 11.06689453125 12.119253305288462 13
100 0.8 12.558135986328125 1.5986238382072435 16.765869140625 11.06689453125 12.059967041015625 16
110 0.4 13.70654296875 1.806110448627252 16.765869140625 11.06689453125 12.226023356119791 24
120 0.4 12.3388671875 0.5426506098424763 16.765869140625 11.06689453125 12.437526157924108 28
130 0.7 13.535574776785714 3.6841210725434945 22.544921875 11.06689453125 12.425193786621094 32
140 1.2 15.171244303385416 2.235085348791946 22.544921875 11.06689453125 12.624492938701923 39
150 0.8 14.485076904296875 4.037997491714368 24.68896484375 11.06689453125 13.22372855392157 51
160 1.5 14.488557942708333 2.449317043291804 24.68896484375 11.06689453125 13.39475883871822 59
170 2 15.39486083984375 3.21537056823206 24.68896484375 11.06689453125 13.61647487331081 74
180 2.2 19.933482776988637 17.919353040650257 100.054931640625 10.85009765625 13.99485486619016 94
190 2.6 22.66485126201923 9.223939890330584 100.054931640625 10.85009765625 15.121146366514008 116
200 3.9 36.97859074519231 20.79621782242861 100.054931640625 0.89013671875 16.502388107944544 142
210 3.7 60.302087732263516 29.81955091244388 128.31201171875 0.89013671875 20.914387571218924 181
220 4.1 24.7254013433689 10.309459598940384 128.31201171875 0.89013671875 27.599455947176033 218
230 3.3 18.022838245738637 7.199618847892632 128.31201171875 0.89013671875 27.144489774372587 259
240 2.7 14.937382450810185 2.5860226114404066 128.31201171875 0.89013671875 26.113618197506423 292
250 1.9 13.596872430098685 1.9534359824169822 128.31201171875 0.89013671875 25.167667209541538 319
260 1.4 12.426095145089286 1.3131775126834273 128.31201171875 0.89013671875 24.517237917205993 338
270 1.3 12.938157301682692 1.8273341492488167 128.31201171875 0.89013671875 24.036340193314985 352
280 0.8 12.10003662109375 2.7426409597768764 128.31201171875 0.89013671875 23.641062446489727 365
290 0.2 12.10302734375 0.633056640625 128.31201171875 0.89013671875 23.393533742459784 373
300 0.1 12.924072265625 0.0 128.31201171875 0.89013671875 23.333317708333333 375
310 0.1 12.198974609375 0.0 128.31201171875 0.89013671875 23.305633544921875 376
320 0 0 0 128.31201171875 0.89013671875 23.276172911140584 377
330 0 0 0 128.31201171875 0.89013671875 23.276172911140584 377
340 0.1 15.138916015625 0.0 128.31201171875 0.89013671875 23.276172911140584 377
346 0.2 13.767578125 1.51953125 128.31201171875 0.89013671875 23.254645776496364 378
