10 0.1 57.998046875 0 57.998046875 57.998046875 0 0
20 0 0 0 57.998046875 57.998046875 57.998046875 1
30 0.2 57.4019775390625 2.6170654296875 60.01904296875 54.784912109375 57.998046875 1
40 0.2 58.73193359375 1.31201171875 60.0439453125 54.784912109375 57.600667317708336 3
50 0.1 53.593017578125 0.0 60.0439453125 53.593017578125 58.053173828125 5
60 0.3 58.906412760416664 0.28474021999468635 60.0439453125 53.593017578125 57.309814453125 6
70 0.1 53.787109375 0.0 60.0439453125 53.593017578125 57.842013888888886 9
80 0.1 56.751953125 0.0 60.0439453125 53.593017578125 57.4365234375 10
90 0.5 56.389013671875 2.2411269313385422 60.0439453125 53.093017578125 57.37428977272727 11
100 0.9 59.98887803819444 8.843180584641518 83.943115234375 53.093017578125 57.06639099121094 16
110 1 57.253125 3.349783501817463 83.943115234375 53.093017578125 58.118486328125 25
120 0.6 58.2437744140625 4.529057188657164 83.943115234375 53.093017578125 57.871240234375 35
130 1.1 60.04030539772727 5.445433700697916 83.943115234375 53.093017578125 57.92575743140244 41
140 1.9 81.20533511513158 81.81712543775113 426.615966796875 53.093017578125 58.37306565504808 52
150 1.3 59.68836388221154 3.8572470200119278 426.615966796875 53.093017578125 64.48310959507042 71
160 2.3 67.88805621603261 7.166564147182922 426.615966796875 53.093017578125 63.741065615699405 84
170 2.8 67.83202253069196 9.453338001937063 426.615966796875 53.093017578125 64.63247481016356 107
180 3.5 73.98061523437498 16.06844740651223 426.615966796875 53.093017578125 65.29608470775463 135
190 4.5 86.70826822916666 14.498156345694218 426.615966796875 53.093017578125 67.08407628676471 170
200 5.1 127.64655618106619 223.70850512458276 1692.488037109375 0.736083984375 71.19146529796512 215
210 7.6 112.58026123046875 42.90156646365583 1692.488037109375 0.697998046875 82.01556167028902 266
220 7.7 85.85750748275163 24.15739854329147 1692.488037109375 0.697998046875 88.80771712810673 342
230 6.6 75.02036354758523 14.148484195702018 1692.488037109375 0.697998046875 88.26555449638276 419
240 4.8 65.42813618977864 11.994443110703015 1692.488037109375 0.697998046875 86.46311614046392 485
250 3.6 63.20248074001735 9.255533754912316 1692.488037109375 0.697998046875 84.56878398730652 533
260 1.5 58.794775390625 5.790542748805998 1692.488037109375 0.697998046875 83.21696163774165 569
270 1 59.3087158203125 3.5071321694276025 1692.488037109375 0.697998046875 82.58967945673695 584
280 0.4 58.132080078125 1.5153290666149375 1692.488037109375 0.697998046875 82.19774404198232 594
290 0.2 56.9139404296875 0.7139892578125 1692.488037109375 0.697998046875 82.03676970108695 598
300 0.2 56.677978515625 0.777099609375 1692.488037109375 0.697998046875 81.95302693684896 600
310 0 0 0 1692.488037109375 0.697998046875 81.86905667631333 602
320 0 0 0 1692.488037109375 0.697998046875 81.86905667631333 602
330 0 0 0 1692.488037109375 0.697998046875 81.86905667631333 602
340 0 0 0 1692.488037109375 0.697998046875 81.86905667631333 602
346 0 0 0 1692.488037109375 0.697998046875 81.86905667631333 602
