0 0.1 12.692574290633454 0 12.692574290633454 12.692574290633454 0 0
10 0.1 1.8700787401574805 0.0 12.692574290633454 1.8700787401574805 12.692574290633454 1
20 0.1 1.574803149606299 0.0 12.692574290633454 1.574803149606299 7.281326515395467 2
30 0.1 1.5810276679841897 0.0 12.692574290633454 1.574803149606299 5.379152060132411 3
40 0.1 1.8700787401574805 0.0 12.692574290633454 1.574803149606299 4.429620962095356 4
50 0.1 1.5841584158415842 0.0 12.692574290633454 1.574803149606299 3.9177125177077814 5
60 0.1 2.263779527559055 0.0 12.692574290633454 1.574803149606299 3.5287868340634154 6
70 0.1 2.561576354679803 0.0 12.692574290633454 1.574803149606299 3.3480715045627925 7
80 0.1 3.2448377581120944 0.0 12.692574290633454 1.574803149606299 3.249759610827419 8
90 0.1 3.43811394891945 0.0 12.692574290633454 1.574803149606299 3.249212738303494 9
100 0.1 3.5608308605341246 0.0 12.692574290633454 1.574803149606299 3.268102859365089 10
110 0.1 5.034550839091807 0.0 12.692574290633454 1.574803149606299 3.294714495835002 11
120 0.1 3.948667324777887 0.0 12.692574290633454 1.574803149606299 3.4397008577730688 12
130 0.1 5.801376597836775 0.0 12.692574290633454 1.574803149606299 3.478852124465747 13
140 0.1 6.981317600786626 0.0 12.692574290633454 1.574803149606299 3.6447467297065352 14
150 0.1 6.600985221674876 0.0 12.692574290633454 1.574803149606299 3.867184787778541 15
160 0.1 9.560975609756097 0.0 12.692574290633454 1.574803149606299 4.038047314897062 16
170 0.1 9.674234945705825 0.0 12.692574290633454 1.574803149606299 4.36292544988877 17
180 0.1 11.71875 0.0 12.692574290633454 1.574803149606299 4.657998199656384 18
190 0.1 17.137293086660176 0.0 17.137293086660176 1.574803149606299 5.029616715463942 19
200 0.1 21.414913957934992 0.0 21.414913957934992 1.574803149606299 5.635000534023754 20
210 0.1 22.854387656702023 0.0 22.854387656702023 1.574803149606299 6.386424982781431 21
220 0.1 31.37065637065637 0.0 31.37065637065637 1.574803149606299 7.1349687406869124 22
230 0.1 35.20992366412214 0.0 35.20992366412214 1.574803149606299 8.18869428981602 23
240 0.1 39.41398865784499 0.0 39.41398865784499 1.574803149606299 9.314578847078774 24
250 0.1 28.7776708373436 0.0 39.41398865784499 1.574803149606299 10.518555239509423 25
260 0.1 26.64756446991404 0.0 39.41398865784499 1.574803149606299 11.220828916349198 26
270 0.1 22.402287893231648 0.0 39.41398865784499 1.574803149606299 11.792189492407156 27
280 0.1 17.69825918762089 0.0 39.41398865784499 1.574803149606299 12.171121578150887 28
290 0.1 16.05769230769231 0.0 39.41398865784499 1.574803149606299 12.361712530201576 29
300 0.1 13.000977517106548 0.0 39.41398865784499 1.574803149606299 12.484911856117934 30
310 0.1 10.412573673870334 0.0 39.41398865784499 1.574803149606299 12.501559135504662 31
320 0.1 6.31163708086785 0.0 39.41398865784499 1.574803149606299 12.43627833982859 32
330 0.1 3.812316715542522 0.0 39.41398865784499 1.574803149606299 12.250683150163113 33
340 0.1 2.171767028627838 0.0 39.41398865784499 1.574803149606299 12.002495902086038 34
350 0.1 1.7769002961500493 0.0 39.41398865784499 1.574803149606299 11.721617934272945 35
360 0.1 1.185770750988142 0.0 39.41398865784499 1.185770750988142 11.44537577765842 36
370 0.1 1.4807502467917077 0.0 39.41398865784499 1.185770750988142 11.16808915531598 37
380 0.1 1.4792899408284024 0.0 39.41398865784499 1.185770750988142 10.913159184039026 38
390 0.1 1.183431952662722 0.0 39.41398865784499 1.183431952662722 10.67126510087978 39
