0 0.6 354.5470377604167 355.1055200796333 922.85107421875 9.70703125 0 0
10 3 51.255900065104164 74.96455508471229 922.85107421875 9.041015625 354.5470377604167 6
20 5.1 186.9106684666054 441.8206799227104 2152.805908203125 9.041015625 101.80442301432292 36
30 5 81.7927099609375 130.53197281392724 2152.805908203125 9.041015625 151.6942910380747 87
40 5.8 61.63550646551724 95.14885928965676 2152.805908203125 9.041015625 126.18276509751368 137
50 10.3 56.42128479596481 63.903124041002 2152.805908203125 7.969970703125 106.98409329927884 195
60 12.6 78.87745690724205 166.15223376011085 2152.805908203125 7.969970703125 89.50768633336828 298
70 17.3 72.57594749141978 106.45793937345415 2152.805908203125 7.080078125 86.34870306051002 424
80 18.2 61.256340949089974 83.39848473951776 2152.805908203125 7.080078125 82.35760303797635 597
90 21.6 65.03395589192715 166.03056033291534 2182.774169921875 7.080078125 77.42765477073974 779
100 32.1 213.47092140649346 344.36306876042977 3020.220947265625 7.080078125 74.73716335584174 995
110 31.3 191.4647969498801 414.0995220017244 4637.99609375 7.080078125 108.57723655816636 1316
120 32.6 149.71179124328984 241.06882974653948 4637.99609375 6.8271484375 124.50345288880258 1629
130 44.7 353.60080331550614 378.3754269228679 4637.99609375 6.8271484375 128.70699166300352 1955
140 43.1 818.1662693953022 584.5532598800351 4637.99609375 6.8271484375 170.55858775320695 2402
150 42.4 2019.2691500681751 1015.3473348322672 6117.680908203125 6.8271484375 269.0827355780368 2833
160 65.2 2619.1619041770537 1647.941117766585 7922.551025390625 1.431884765625 496.92401274838335 3257
170 94.5 2195.5087937127964 2592.120278819053 9352.774169921875 1.407958984375 850.9017833320347 3909
180 126.1 1762.3088098173564 2207.5929616830626 9552.497802734375 1.405029296875 1112.6763249080175 4854
190 180.4 1224.5672717041534 1680.0327860551572 9552.497802734375 1.404052734375 1246.639785819003 6115
200 209.1 957.7385632201624 1481.7920807606852 9552.497802734375 1.387939453125 1241.61152272225 7919
210 298.2 730.4068241643861 1396.2663534287067 9552.497802734375 1.322998046875 1182.3129854276578 10010
220 378.2 594.3569212640663 1093.3472754802533 9552.497802734375 1.322998046875 1078.5888341894286 12992
230 436.7 510.9856528947585 950.6189451929464 9552.497802734375 1.31494140625 969.4100399433501 16774
240 418.1 497.99224671037854 1007.184964615829 9552.497802734375 1.31494140625 874.7154040112182 21141
250 354.6 635.9565834523066 1084.272562725303 9552.497802734375 1.31494140625 812.5133851866858 25322
260 292.4 736.5727331158888 1032.3411942211771 9552.497802734375 1.31494140625 790.8260352161263 28868
270 225.9 954.2916385672584 908.7972227596712 9552.497802734375 1.31494140625 785.8362058458101 31792
280 179.4 1158.7214370438362 764.0696283797481 9552.497802734375 1.31103515625 797.0118195581167 34051
290 155.4 1188.8043556949808 520.012390058118 9552.497802734375 1.31103515625 815.1149595712114 35845
300 141.2 798.2764548498919 467.5538324606239 9552.497802734375 1.31103515625 830.642468905053 37399
310 91.4 208.7409147099803 288.7733989224036 9552.497802734375 1.31103515625 829.4649467632404 38811
320 34.6 17.72634305568099 12.556960756611748 9552.497802734375 1.31103515625 815.1832157299697 39725
330 14.2 13.284281126210388 7.171219276322761 9552.497802734375 1.31103515625 808.2974360402864 40071
340 10.8 16.179707845052082 9.440348123847471 9552.497802734375 1.31103515625 805.4900884661736 40213
350 5.6 13.222856794084821 5.89398444361789 9552.497802734375 1.31103515625 803.3759166671834 40321
360 5.3 13.833579009433961 7.505623772725938 9552.497802734375 1.31103515625 802.2800311047866 40377
370 3.9 12.710705879407051 6.929061257040275 9552.497802734375 1.31103515625 801.2464505467591 40430
380 1.8 11.011488172743055 5.191665361954456 9552.497802734375 1.31103515625 800.4865381683453 40469
390 0.2 16.10791015625 5.64794921875 9552.497802734375 1.31103515625 800.1355477047416 40487
393 0 0 0 9552.497802734375 1.31103515625 800.0968197718439 40489
