10 0.2 27.991943359375 20.2490234375 48.240966796875 7.742919921875 0 0
20 0.1 85.4609375 0.0 85.4609375 7.742919921875 27.991943359375 2
30 0.2 8.9423828125 1.3525390625 85.4609375 7.58984375 47.148274739583336 3
40 0.3 15.823974609375 5.870513768926074 85.4609375 7.58984375 31.86591796875 5
50 0.5 11.716357421875 2.1565132942329455 85.4609375 7.56103515625 25.850189208984375 8
60 0.6 24.637451171875 12.031478783880406 85.4609375 7.56103515625 20.414100060096153 13
70 0.9 46.14350043402778 47.0937371279302 136.607177734375 7.56103515625 21.74778988486842 19
80 0.6 12.868489583333334 4.380051801699132 136.607177734375 7.56103515625 29.589268275669642 28
90 0.5 12.248388671875 3.8878813620930033 136.607177734375 7.56103515625 26.638542624080884 34
100 1.5 91.53821614583333 99.06408918876457 375.135009765625 7.1640625 24.793651091746796 39
110 1.5 76.78966471354167 67.10268032059854 375.135009765625 7.1640625 43.33380805121528 54
120 1.3 76.83822866586539 97.68182728224862 375.135009765625 7.159912109375 50.60682036911232 69
130 1.9 194.70718544407896 207.35613468843115 660.756103515625 7.126953125 54.765458269817074 82
140 2.1 597.7381417410714 249.16907391130573 1018.89794921875 7.126953125 81.0911297184406 101
150 2 1698.3777954101563 739.1832127864005 2772.39208984375 7.126953125 170.02217277151638 122
160 3.1 2321.3209346648187 1292.648564262976 4356.23193359375 1.5048828125 385.28352807273325 142
170 5.8 2014.8531452047414 1819.3184691812191 4720.64306640625 1.348876953125 732.2035257857659 173
180 6.4 1189.181625366211 1520.3584414603092 4720.64306640625 1.348876953125 1054.254079579275 231
190 9.9 924.3968690814394 1258.8737784128411 4720.64306640625 1.348876953125 1083.526496292373 295
200 9.8 777.1373988560265 1136.5960997861785 4720.64306640625 1.348876953125 1043.5421483383566 394
210 12.5 701.4267421875002 1190.391541864746 4720.64306640625 1.348876953125 990.477787669112 492
220 16.2 577.2204514491707 949.9851441755974 4720.64306640625 1.348876953125 931.9180134629507 617
230 18.4 595.3526717476219 907.8862350187342 4720.64306640625 1.348876953125 858.155490938904 779
240 20.3 455.8629962188271 903.4179206009863 4720.64306640625 1.3310546875 807.9418681650765 963
250 14.1 743.0075648963874 952.8385095189735 4720.64306640625 1.3310546875 746.6451177318958 1166
260 8.4 716.310325985863 875.4165902339838 4720.64306640625 1.3310546875 746.2526961941708 1307
270 3.8 982.6574514288651 656.6705657056899 4720.64306640625 1.3310546875 744.4445300565017 1391
280 1.9 999.8328793174342 528.7732411237465 4720.64306640625 1.3310546875 750.7790933960047 1429
290 0.8 844.3840026855469 410.6476003449596 4720.64306640625 1.3310546875 754.0470643438687 1448
300 0.4 648.3040161132813 386.843737225524 4720.64306640625 1.3310546875 754.5434211479438 1456
310 0.1 551.27197265625 0.0 4720.64306640625 1.3310546875 754.2523542848352 1460
320 0 0 0 4720.64306640625 1.3310546875 754.1134217854317 1461
330 0 0 0 4720.64306640625 1.3310546875 754.1134217854317 1461
340 0 0 0 4720.64306640625 1.3310546875 754.1134217854317 1461
350 0 0 0 4720.64306640625 1.3310546875 754.1134217854317 1461
360 0 0 0 4720.64306640625 1.3310546875 754.1134217854317 1461
370 0 0 0 4720.64306640625 1.3310546875 754.1134217854317 1461
380 0 0 0 4720.64306640625 1.3310546875 754.1134217854317 1461
390 0 0 0 4720.64306640625 1.3310546875 754.1134217854317 1461
393 0 0 0 4720.64306640625 1.3310546875 754.1134217854317 1461
