10 0.2 21.8759765625 9.303955078125 31.179931640625 12.572021484375 0 0
20 0.1 12.345947265625 0.0 31.179931640625 12.345947265625 21.8759765625 2
30 0.2 28.4024658203125 12.9315185546875 41.333984375 12.345947265625 18.699300130208332 3
40 0.2 15.98193359375 2.670166015625 41.333984375 12.345947265625 22.58056640625 5
50 0.3 27.961995442708332 6.877443094328188 41.333984375 12.345947265625 20.695242745535715 7
60 0.5 13.648486328125 2.6545935117396393 41.333984375 11.0810546875 22.8752685546875 10
70 1.1 26.778564453125 21.649844961524284 87.779052734375 11.0810546875 19.799674479166665 15
80 0.5 22.296923828125 15.94671320682704 87.779052734375 10.377197265625 22.752281775841347 26
90 0.7 31.840924944196427 22.651137963403222 87.779052734375 10.377197265625 22.678836945564516 31
100 0.9 286.1035970052083 361.71313468930236 1205.277099609375 10.377197265625 24.36658999794408 38
110 1.2 40.64066569010417 28.460590329861017 1205.277099609375 10.377197265625 74.48644240359043 47
120 1.4 43.793875558035715 31.418115775427676 1205.277099609375 10.377197265625 67.60255561440678 59
130 2.1 232.7196800595238 211.34286795672287 1205.277099609375 10.377197265625 63.03650738441781 73
140 1.3 613.3142277644231 265.50462610818045 1205.277099609375 10.377197265625 100.94445021609043 94
150 2.2 1735.4648770419035 716.1017093790443 2944.087158203125 10.377197265625 163.1949839369159 107
160 1.7 2305.038014131434 1365.375465200807 4326.092041015625 1.8779296875 431.33403547420056 129
170 4.2 1536.4101562499995 1802.1623370211223 4455.08203125 1.69921875 649.5050466877141 146
180 6.6 1505.8013657078598 1646.4773601787658 4455.08203125 1.537109375 847.6434222282246 188
190 8.1 1005.1590530960651 1323.4151449870624 4455.08203125 1.537109375 1018.6608406126967 254
200 10.3 630.3199498445084 1101.331304282847 4455.08203125 1.491943359375 1015.3962293027053 335
210 10.9 447.6068484805046 1007.6519130846781 4455.08203125 1.491943359375 924.8417617588827 438
220 14.5 370.6490133351295 835.502677149458 4455.08203125 1.491943359375 829.7437625864088 547
230 17.7 410.60523012667727 789.0053539163906 4455.08203125 1.430908203125 733.5461633935829 692
240 18.6 480.26024996849804 904.0796536703375 4455.08203125 1.430908203125 667.7687811286321 869
250 17.1 657.4860639962536 933.3612843296335 4455.08203125 1.430908203125 634.7104050188833 1055
260 11 595.4575594815337 845.8732821472732 4455.08203125 1.430908203125 637.8871078615671 1226
270 7.1 951.8396958901849 728.9521901484572 4455.08203125 1.430908203125 634.3936570218937 1336
280 2.7 891.2707609953703 601.8663679786331 4455.08203125 1.430908203125 650.4126113642168 1407
290 1.8 1113.7682698567705 245.52811436790685 4455.08203125 1.430908203125 654.9475974451381 1434
300 0.4 818.7910766601563 239.31992405118882 4455.08203125 1.430908203125 660.635457020489 1452
310 0.5 28.327685546875 13.54735015722214 4455.08203125 1.430908203125 661.0699504810375 1456
320 0 0 0 4455.08203125 1.430908203125 658.9045080959104 1461
330 0 0 0 4455.08203125 1.430908203125 658.9045080959104 1461
340 0 0 0 4455.08203125 1.430908203125 658.9045080959104 1461
350 0 0 0 4455.08203125 1.430908203125 658.9045080959104 1461
360 0 0 0 4455.08203125 1.430908203125 658.9045080959104 1461
370 0 0 0 4455.08203125 1.430908203125 658.9045080959104 1461
380 0 0 0 4455.08203125 1.430908203125 658.9045080959104 1461
390 0 0 0 4455.08203125 1.430908203125 658.9045080959104 1461
393 0 0 0 4455.08203125 1.430908203125 658.9045080959104 1461
