20 0.8 9.454742431640625 2.932812476062876 14.482177734375 6.31494140625 0 0
30 0 0 0 14.482177734375 6.31494140625 9.454742431640625 8
40 0 0 0 14.482177734375 6.31494140625 9.454742431640625 8
50 1.6 19.113922119140625 10.985145315924543 48.110107421875 6.31494140625 9.454742431640625 8
60 2.4 13.442525227864584 6.4013156472375075 48.110107421875 6.31494140625 15.894195556640625 24
70 1.6 15.873641967773438 8.914161052614066 48.110107421875 6.31494140625 14.668360392252604 48
80 2.1 23.91944521949405 14.351682957280088 55.222900390625 6.31103515625 14.969680786132813 64
90 2.9 26.01947231950431 37.35184863956104 214.819091796875 6.300048828125 17.180799057904412 85
100 3 45.39038899739583 77.9764725901079 405.40185546875 6.04296875 19.429233484100877 114
110 3.7 49.769069362331095 54.99356745373267 405.40185546875 6.04296875 24.83780754937066 144
120 2.6 28.792208158052883 24.07156433972696 405.40185546875 6.04296875 29.934253334340468 181
130 2.5 94.356748046875 101.55081068685176 405.40185546875 6.04296875 29.790808046497585 207
140 1.5 565.9666666666667 242.8602788955982 1136.700927734375 6.04296875 36.74834468446929 232
150 1.8 1315.453884548611 683.3411594221785 2737.89013671875 6.04296875 68.88710917731528 247
160 2.4 1697.6781209309895 1281.9087571730054 3629.970947265625 1.5859375 153.5595693912146 265
170 6.3 1172.6889958457339 1677.637657587749 4621.162109375 1.546875 281.7908677889814 289
180 9.1 1053.9581231756524 1512.5718251089922 4621.162109375 1.546875 441.2413850264116 352
190 13.2 697.4941924124055 1168.490746715862 4621.162109375 1.546875 567.1041912828019 443
200 14.9 623.6470300047188 1088.3358684510679 4621.162109375 1.546875 597.0372002377717 575
210 26.8 517.1904415301423 1037.040738947554 4621.162109375 1.51806640625 602.5135326069361 724
220 39.7 450.78927466250786 859.2173399174587 4621.162109375 1.51806640625 579.4625362273184 992
230 44.8 323.827335902623 706.9964737745211 4621.162109375 1.469970703125 542.6855133034669 1389
240 39.2 256.49138719208383 688.1627407616203 4621.162109375 1.469970703125 489.3112816891076 1837
250 42.6 350.57364564994145 746.9143435317507 4621.162109375 1.469970703125 448.3667331728073 2229
260 37.1 461.6431703798854 755.0507065698388 4621.162109375 1.469970703125 432.6756389036017 2655
270 27.9 732.9002007378472 712.2887757545412 4621.162109375 1.469970703125 436.2271769662921 3026
280 26.4 903.7179852109966 577.9642148655096 4621.162109375 1.469970703125 461.27158653732505 3305
290 24.9 935.3042521649096 288.28686238556907 4621.162109375 1.469970703125 493.9994792943577 3569
300 31.6 608.3773811436909 297.86056301063223 4621.162109375 1.469970703125 522.7802253511328 3818
310 19.4 192.98615445795753 202.91860068310424 4621.162109375 1.469970703125 529.3232106511929 4134
320 4.8 10.601211547851564 6.501713849260523 4621.162109375 1.469970703125 514.2471041582428 4328
330 0.8 8.818939208984375 2.816800913723854 4621.162109375 1.469970703125 508.72265195410694 4376
340 1.6 9.842620849609375 4.544969592788582 4621.162109375 1.469970703125 507.8104189016523 4384
350 0.8 7.22772216796875 0.13817640899204162 4621.162109375 1.469970703125 505.9996269087358 4400
360 1.6 7.1407318115234375 2.155040664390055 4621.162109375 1.469970703125 505.0944147404222 4408
370 1.6 7.0332183837890625 2.126709563246801 4621.162109375 1.469970703125 503.29349726147507 4424
380 0.8 7.66204833984375 3.7178231910600905 4621.162109375 1.469970703125 501.5051719321861 4440
390 0 0 0 4621.162109375 1.469970703125 500.61696487536534 4448
393 0 0 0 4621.162109375 1.469970703125 500.61696487536534 4448
