20 0.2 45.1925048828125 24.8155517578125 70.008056640625 20.376953125 0 0
30 0.2 17.7835693359375 5.1595458984375 70.008056640625 12.6240234375 45.1925048828125 2
40 0.2 15.196044921875 2.52197265625 70.008056640625 12.6240234375 31.488037109375 4
50 0.1 25.35595703125 0.0 70.008056640625 12.6240234375 26.057373046875 6
60 0.1 18.046142578125 0.0 70.008056640625 12.6240234375 25.957170758928573 7
70 0.4 53.718505859375 10.678780075568064 70.008056640625 12.6240234375 24.968292236328125 8
80 0.4 16.664794921875 4.207258106798951 70.008056640625 12.6240234375 34.55169677734375 12
90 0.5 32.766796875 5.0559658112132055 70.008056640625 12.6240234375 30.079971313476563 16
100 0.4 176.51324462890625 119.86754050409826 332.666015625 12.6240234375 30.719691685267858 21
110 0.4 34.87896728515625 27.87416143148983 332.666015625 10.657958984375 54.04666015625 25
120 0.7 94.02716936383929 73.85802650721838 332.666015625 10.657958984375 51.40284044989224 29
130 0.6 230.46773274739584 96.81454750863169 365.5380859375 10.657958984375 59.69090440538194 36
140 1.1 571.3981267755681 224.22418252600812 1050.85107421875 10.657958984375 84.08759416852679 42
150 1.1 1710.5775257457387 649.1355704680497 2858.2919921875 10.657958984375 185.22751603036556 53
160 0.8 2255.7577514648438 1053.5395577104523 3423.4580078125 1.702880859375 447.3970489501953 64
170 1.3 1145.732421875 1747.9759945413482 4477.169921875 1.6669921875 648.3260158962673 72
180 2.8 1892.6242152622767 1480.6526480327248 4477.169921875 1.6669921875 724.3999368106618 85
190 3.5 971.2874581473214 1288.5948806625897 4477.169921875 1.523193359375 1013.8714394358407 113
200 4.2 942.547345842634 1216.964011596124 4477.169921875 1.523193359375 1003.8009033203125 148
210 4.8 690.9199676513672 1143.5639669934299 4477.169921875 1.4189453125 990.2606432462993 190
220 5.8 538.5197964372308 918.148210550667 4477.169921875 1.4189453125 929.8894145548844 238
230 6.7 633.0680350687967 894.1207020460404 4477.169921875 1.4189453125 853.2021245183172 296
240 7.5 299.8235970052082 730.6362268737508 4477.169921875 1.4189453125 812.5713146199208 363
250 6 545.166951497396 894.8155066816935 4477.169921875 1.4189453125 724.7720479050728 438
260 2.6 630.3840707632212 859.3003367182964 4477.169921875 1.4189453125 703.132879663184 498
270 1.4 819.4710344587055 613.5860579555083 4477.169921875 1.4189453125 699.52320593914 524
280 1.2 955.2919718424479 569.349228760817 4477.169921875 1.4189453125 702.6445248968982 538
290 0.5 985.09462890625 215.24521988876597 4477.169921875 1.4189453125 708.1568328302557 550
300 0 0 0 4477.169921875 1.4189453125 710.6517679300395 555
310 0.1 8.3291015625 0.0 4477.169921875 1.4189453125 710.6517679300395 555
320 0 0 0 4477.169921875 1.4189453125 709.3885976667884 556
330 0 0 0 4477.169921875 1.4189453125 709.3885976667884 556
340 0 0 0 4477.169921875 1.4189453125 709.3885976667884 556
350 0 0 0 4477.169921875 1.4189453125 709.3885976667884 556
360 0 0 0 4477.169921875 1.4189453125 709.3885976667884 556
370 0 0 0 4477.169921875 1.4189453125 709.3885976667884 556
380 0 0 0 4477.169921875 1.4189453125 709.3885976667884 556
390 0 0 0 4477.169921875 1.4189453125 709.3885976667884 556
393 0 0 0 4477.169921875 1.4189453125 709.3885976667884 556
