0 1.8 30.43960232204861 30.046338596157 130.638916015625 7.327880859375 0 0
10 4.3 22.762082122093023 31.05692515583198 186.534912109375 7.2890625 30.43960232204861 18
20 6.1 21.31101114241804 35.971171466287245 190.07177734375 5.552001953125 25.027579886014344 61
30 9 25.083504231770828 35.540443722766945 245.962158203125 5.552001953125 23.16929551421619 122
40 9.1 26.936598557692307 49.818897919708995 307.052001953125 5.552001953125 23.981931290536558 212
50 11.4 30.8622254488761 47.82404826249093 330.10498046875 5.552001953125 24.869306608395213 303
60 16.2 46.20124572000386 76.60961961633365 504.839111328125 5.552001953125 26.507658521620204 417
70 22.1 65.61178878853222 133.1541007560865 937.046875 5.30322265625 32.01778136469128 579
80 24.8 73.57713268649191 114.27597178620827 937.046875 5.30322265625 41.29812591552734 800
90 27 135.74512351707176 181.14895684516884 1276.2431640625 5.30322265625 48.93666950254949 1048
100 29 111.88458883351295 154.21770614022853 1276.2431640625 5.30322265625 66.7198884584835 1318
110 35.6 252.27643439475057 298.8965747776997 1815.56103515625 5.30322265625 74.8652635261194 1608
120 35.1 440.846644909633 437.1479293130588 2592.56005859375 5.30322265625 107.02329653489369 1964
130 36.4 1561.7300837590158 834.4785314091712 5093.340087890625 0.60400390625 157.63754935542653 2315
140 49 2116.550938197545 1804.7297598529865 7199.719970703125 0.580078125 348.41383995748197 2679
150 75.1 1495.8223803808448 1669.6063736150027 7199.719970703125 0.580078125 621.8083423675895 3169
160 121.1 869.7701999654853 1308.3854634806146 7199.719970703125 0.580078125 789.2533787318636 3920
170 142.1 792.9830479470883 1169.9188166083477 7199.719970703125 0.574951171875 808.2566666901399 5131
180 164.5 623.9166322841473 974.2864248945505 7199.719970703125 0.56982421875 804.9441190353969 6552
190 197 648.4742092074471 1098.8730832744434 7199.719970703125 0.56982421875 768.6149479111067 8197
200 200.2 1093.432382193004 1852.371101134039 10194.376220703125 0.56982421875 745.3359811317018 10167
210 214.8 1472.9151826144591 2778.6170718107455 19085.072998046875 0.544921875 802.6035458391327 12169
220 221 1869.1613106706025 4223.386827592412 22716.701904296875 0.544921875 903.1713600315893 14317
230 272.7 1554.9316172584056 5052.916002914929 34133.5390625 0.528076171875 1032.344095005403 16527
240 167.4 815.8079529173198 2413.672607735283 34133.5390625 0.528076171875 1106.3596851780394 19254
250 106 987.1786095961083 848.3502353247059 34133.5390625 0.528076171875 1083.11887861246 20928
260 78.5 1257.1979146969545 577.1270121134194 34133.5390625 0.528076171875 1078.49377923292 21988
270 67.4 1398.412588238362 513.8860686314713 34133.5390625 0.528076171875 1084.6538260576363 22773
280 68.6 779.1819950915636 374.81881455520823 34133.5390625 0.528076171875 1093.673035581661 23447
290 40.3 129.1132079472316 130.16948462816234 34133.5390625 0.528076171875 1084.7333739657738 24133
300 16.9 14.9851666512574 12.848931684196504 34133.5390625 0.528076171875 1069.037460740086 24536
310 1.3 13.52753155048077 12.05876404874407 34133.5390625 0.528076171875 1061.8269836018142 24705
320 5.9 12.545981197033898 11.566927015047247 34133.5390625 0.528076171875 1061.2756488305274 24718
330 1.8 11.680528428819445 7.341215031273789 34133.5390625 0.528076171875 1058.778371097534 24777
340 0 0 0 34133.5390625 0.528076171875 1058.018227473092 24795
345 0.1 7.388916015625 0.0 34133.5390625 0.528076171875 1058.018227473092 24795
