10 0.1 218 0 218 218 0 0
20 0.1 253.0 0.0 253 218 218.0 1
30 0.1 309.0 0.0 309 218 235.5 2
40 0.1 461.0 0.0 461 218 260.0 3
50 0.1 433.0 0.0 461 218 310.25 4
60 0.1 673.0 0.0 673 218 334.8 5
70 0.1 921.0 0.0 921 218 391.1666666666667 6
80 0.1 1149.0 0.0 1149 218 466.85714285714283 7
90 0.1 1332.0 0.0 1332 218 552.125 8
100 0.1 1811.0 0.0 1811 218 638.7777777777778 9
110 0.1 1907.0 0.0 1907 218 756.0 10
120 0.1 2210.0 0.0 2210 218 860.6363636363636 11
130 0.1 2354.0 0.0 2354 218 973.0833333333334 12
140 0.1 2346.0 0.0 2354 218 1079.3076923076924 13
150 0.1 2471.0 0.0 2471 218 1169.7857142857142 14
160 0.1 3373.0 0.0 3373 218 1256.5333333333333 15
170 0.1 4684.0 0.0 4684 218 1388.8125 16
180 0.1 4540.0 0.0 4684 218 1582.6470588235295 17
190 0.1 5905.0 0.0 5905 218 1746.9444444444443 18
200 0.1 5758.0 0.0 5905 218 1965.7894736842106 19
210 0.1 5917.0 0.0 5917 218 2155.4 20
220 0.1 6869.0 0.0 6869 218 2334.5238095238096 21
230 0.1 7876.0 0.0 7876 218 2540.6363636363635 22
240 0.1 9258.0 0.0 9258 218 2772.608695652174 23
250 0.1 4597.0 0.0 9258 218 3042.8333333333335 24
260 0.1 4413.0 0.0 9258 218 3105.0 25
270 0.1 3661.0 0.0 9258 218 3155.3076923076924 26
280 0.1 3657.0 0.0 9258 218 3174.037037037037 27
290 0.1 3483.0 0.0 9258 218 3191.285714285714 28
300 0.1 1086.0 0.0 9258 218 3201.344827586207 29
310 0.1 500.0 0.0 9258 218 3130.8333333333335 30
320 0.1 165.0 0.0 9258 165 3045.967741935484 31
330 0.1 227.0 0.0 9258 165 2955.9375 32
340 0.1 9.0 0.0 9258 9 2873.242424242424 33
