10 0.1 259 0 259 259 0 0
20 0.1 265.0 0.0 265 259 259.0 1
30 0.1 400.0 0.0 400 259 262.0 2
40 0.1 445.0 0.0 445 259 308.0 3
50 0.1 465.0 0.0 465 259 342.25 4
60 0.1 687.0 0.0 687 259 366.8 5
70 0.1 843.0 0.0 843 259 420.1666666666667 6
80 0.1 1059.0 0.0 1059 259 480.57142857142856 7
90 0.1 1186.0 0.0 1186 259 552.875 8
100 0.1 1442.0 0.0 1442 259 623.2222222222222 9
110 0.1 1604.0 0.0 1604 259 705.1 10
120 0.1 1912.0 0.0 1912 259 786.8181818181819 11
130 0.1 2055.0 0.0 2055 259 880.5833333333334 12
140 0.1 2117.0 0.0 2117 259 970.9230769230769 13
150 0.1 2274.0 0.0 2274 259 1052.7857142857142 14
160 0.1 3351.0 0.0 3351 259 1134.2 15
170 0.1 4822.0 0.0 4822 259 1272.75 16
180 0.1 4831.0 0.0 4831 259 1481.5294117647059 17
190 0.1 6627.0 0.0 6627 259 1667.611111111111 18
200 0.1 6674.0 0.0 6674 259 1928.6315789473683 19
210 0.1 7282.0 0.0 7282 259 2165.9 20
220 0.1 7759.0 0.0 7759 259 2409.5238095238096 21
230 0.1 8019.0 0.0 8019 259 2652.681818181818 22
240 0.1 8953.0 0.0 8953 259 2886.0 23
250 0.1 4484.0 0.0 8953 259 3138.7916666666665 24
260 0.1 4008.0 0.0 8953 259 3192.6 25
270 0.1 3017.0 0.0 8953 259 3223.9615384615386 26
280 0.1 2849.0 0.0 8953 259 3216.296296296296 27
290 0.1 2413.0 0.0 8953 259 3203.1785714285716 28
300 0.1 1036.0 0.0 8953 259 3175.9310344827586 29
310 0.1 443.0 0.0 8953 259 3104.6 30
320 0.1 132.0 0.0 8953 132 3018.7419354838707 31
330 0.1 182.0 0.0 8953 132 2928.53125 32
340 0.1 7.0 0.0 8953 7 2845.3030303030305 33
