30 0.2 24653.007934570313 5858.2130126953125 30511.220947265625 18794.794921875 0 0
40 0.3 39086.849365234375 5910.901153184316 44361.0380859375 18794.794921875 24653.007934570313 2
50 0.9 38638.019341362844 9197.230242262718 52806.86181640625 18794.794921875 33313.31279296875 5
60 0.6 46905.78568522135 6858.173887839396 52806.86181640625 18794.794921875 36736.338431222095 14
70 1.3 38313.78109975961 20504.533760231494 71419.05615234375 8749.718994140625 39787.172607421875 20
80 1.3 41794.97348257212 14770.55115406366 71419.05615234375 8749.718994140625 39206.745649857956 33
90 1.8 33279.12561035156 13921.159119903032 71419.05615234375 8749.718994140625 39938.20134171196 46
100 1.4 45965.12116350447 14125.171298092955 71419.05615234375 8749.718994140625 38065.336292266846 64
110 2.2 47597.10830965909 15731.477903892677 92131.66796875 8749.718994140625 39483.246397360774 78
120 1.3 40881.939378004805 13536.441181252094 92131.66796875 8749.718994140625 41268.2960180664 100
130 1.3 45725.21131310096 13760.965714247859 92131.66796875 8749.718994140625 41223.847909032775 113
140 1.6 42579.711349487305 11889.24347415106 92131.66796875 8749.718994140625 41688.27429199219 126
150 2.6 58644.57280085637 17779.21118076804 92131.66796875 8749.718994140625 41788.71790410431 142
160 4.4 47667.10566295277 17460.121821085657 113380.54907226563 8749.718994140625 44397.36211431594 168
170 6.1 51762.244776991545 19266.436965526726 123125.28198242188 8749.718994140625 45075.98813384434 212
180 7 51337.961645507814 19589.260254879842 123125.28198242188 8749.718994140625 46569.986870957815 273
190 9.6 46433.16924540203 19615.336545234695 157332.47778320313 8749.718994140625 47543.04294739659 343
200 11.6 46662.69868206156 18052.98096223804 157332.47778320313 8749.718994140625 47300.3370809012 439
210 15.1 49246.72072737737 17977.887439120135 157332.47778320313 8749.718994140625 47167.06491105363 555
220 14.8 49251.23269735801 17190.333394789293 157332.47778320313 8749.718994140625 47611.8638179444 706
230 28.4 54763.611316089904 18629.217305118746 157332.47778320313 8749.718994140625 47895.969900091026 854
240 19.5 53285.222825270415 14872.719520914747 157332.47778320313 8749.718994140625 49609.862836948385 1138
250 13.3 57690.97294628172 12575.688337091864 157332.47778320313 8749.718994140625 50147.518649193546 1333
260 12.3 64658.708218210115 11290.352335094252 157332.47778320313 8749.718994140625 50831.88387532774 1466
270 11.8 76238.84006513175 12899.779790240213 157332.47778320313 8749.718994140625 51902.17927757729 1589
280 10.5 83535.59093889507 10177.121852203598 157332.47778320313 8749.718994140625 53584.502636060846 1707
290 7.4 91208.89792282513 12258.553452511915 157332.47778320313 8749.718994140625 55320.078944999914 1812
300 3.4 101084.5780101103 7797.151074318955 157332.47778320313 8749.718994140625 56728.22984868977 1886
310 0.6 107713.45564778645 6466.249829078625 157332.47778320313 8749.718994140625 57513.70684738159 1920
320 0.6 116316.13879394531 5886.152482173823 157332.47778320313 8749.718994140625 57670.09235766323 1926
330 0.1 127420.52709960938 0.0 157332.47778320313 8749.718994140625 57852.22293665789 1932
340 0 0 0 157332.47778320313 8749.718994140625 57888.2127473992 1933
345 0.1 140214.44506835938 0.0 157332.47778320313 8749.718994140625 57888.2127473992 1933
