0 0.7 40.760009765625 4.468007247965153 49.3779296875 35.401123046875 0 0
10 0.7 49.830008370535715 17.44906245697923 91.1240234375 35.401123046875 40.760009765625 7
20 0.3 47.690022786458336 7.9273331786996115 91.1240234375 35.401123046875 45.295009068080354 14
30 0.7 60.278982979910715 29.832979264084774 118.2490234375 34.115966796875 45.717658547794116 17
40 0.6 56.8106689453125 25.03776997688327 118.2490234375 34.115966796875 49.96471150716146 24
50 0.3 61.000406901041664 24.189508317222117 118.2490234375 34.115966796875 51.333902994791664 30
60 0.7 74.9033203125 35.63573178028954 129.257080078125 34.115966796875 52.21267607717803 33
70 1.4 135.6334228515625 146.0393354698371 541.637939453125 31.68994140625 56.183538818359374 40
80 1.2 185.00836181640625 135.84584120290197 541.637939453125 31.549072265625 76.78165690104167 54
90 1.2 245.0316162109375 148.11767751262 541.637939453125 31.549072265625 96.45923961292614 66
100 1.5 171.00553385416666 125.22234299456434 541.637939453125 31.549072265625 119.3165283203125 78
110 2.1 341.1049339657738 196.10669906509509 792.02294921875 31.549072265625 127.65346469674058 93
120 2.8 599.8040248325894 344.22239027119986 1264.85400390625 31.549072265625 166.97347219366776 114
130 3.8 1623.8185842413652 603.22966861721 2818.822998046875 0.68701171875 252.320341728103 142
140 2.8 2050.97403390067 1533.1415499493069 3551.097900390625 0.68701171875 541.8588595920139 180
150 5.7 1251.6689967105258 1427.215953790593 3551.097900390625 0.68701171875 745.0089792104868 208
160 10.5 833.7564313616072 1192.7744320669226 3551.097900390625 0.68701171875 853.9886810878537 265
170 8.7 812.0711206896553 1090.444911388253 3551.097900390625 0.654052734375 848.247096706081 370
180 9.7 551.6204066325705 903.2895938872771 3551.097900390625 0.638916015625 841.3602041165208 457
190 12.5 748.1719023437498 1105.9200337306502 3551.097900390625 0.635009765625 790.6295897556125 554
200 8.2 955.4627149628429 1691.3757084659867 7052.037841796875 0.635009765625 782.8133733690398 679
210 9.2 1780.95861551036 2955.458363280456 19001.070068359375 0.630126953125 801.4168503870317 761
220 9 1815.5566921657987 4047.844670783289 20258.06005859375 0.630126953125 907.0649657344482 853
230 4.5 1311.1538411458334 1941.4109499786882 20258.06005859375 0.630126953125 993.771493177525 943
240 0.5 1446.335009765625 147.71379116390176 20258.06005859375 0.630126953125 1008.2271669210209 988
250 0 0 0 20258.06005859375 0.630126953125 1010.4331480028164 993
260 0 0 0 20258.06005859375 0.630126953125 1010.4331480028164 993
270 0 0 0 20258.06005859375 0.630126953125 1010.4331480028164 993
280 0 0 0 20258.06005859375 0.630126953125 1010.4331480028164 993
290 0 0 0 20258.06005859375 0.630126953125 1010.4331480028164 993
300 0 0 0 20258.06005859375 0.630126953125 1010.4331480028164 993
310 0 0 0 20258.06005859375 0.630126953125 1010.4331480028164 993
320 0 0 0 20258.06005859375 0.630126953125 1010.4331480028164 993
330 0 0 0 20258.06005859375 0.630126953125 1010.4331480028164 993
340 0 0 0 20258.06005859375 0.630126953125 1010.4331480028164 993
345 0 0 0 20258.06005859375 0.630126953125 1010.4331480028164 993
