40 0.2 27.1915283203125 4.7913818359375 31.98291015625 22.400146484375 0 0
50 0.2 30.0870361328125 16.4010009765625 46.488037109375 13.68603515625 27.1915283203125 2
60 0.2 22.1429443359375 0.5159912109375 46.488037109375 13.68603515625 28.6392822265625 4
70 0.2 18.8284912109375 4.1356201171875 46.488037109375 13.68603515625 26.473836263020832 6
80 0.4 115.0762939453125 105.25629259512903 275.919189453125 13.68603515625 24.5625 8
90 0.3 62.264892578125 52.53863397737855 275.919189453125 13.68603515625 54.7337646484375 12
100 1 141.40849609375 108.11567368118033 358.703125 13.68603515625 56.239990234375 15
110 0.2 218.655029296875 48.169921875 358.703125 13.68603515625 90.307392578125 25
120 0.8 574.0862121582031 374.47747269943414 984.994140625 13.68603515625 99.81462492766204 27
130 0.9 1098.849365234375 675.6980553351156 2057.257080078125 0.699951171875 208.21955915178572 35
140 0.5 1220.757080078125 1489.9256245616093 3136.68896484375 0.699951171875 390.393837668679 44
150 1.2 1183.2148234049478 1395.7830951390886 3136.68896484375 0.699951171875 475.1247807716837 49
160 2.2 670.9389759410514 1083.5195847574005 3136.68896484375 0.699951171875 614.4211826011783 61
170 2.6 693.8745868389425 950.4877459600912 3136.68896484375 0.684814453125 629.4018025225904 83
180 3.4 733.2217945772059 877.7431511401642 3136.68896484375 0.661865234375 644.7806318090596 109
190 3.8 349.0661364103618 784.0936992769148 3136.68896484375 0.661865234375 665.8086005791084 143
200 5.6 722.6296822684153 1265.8224566889196 7432.64794921875 0.661865234375 599.3101826873274 181
210 5 336.62994140625 663.7279618839783 7432.64794921875 0.661865234375 628.4489673984705 237
220 6.3 690.0075141059028 1621.5258566246894 12007.241943359375 0.661865234375 577.6094158318815 287
230 6.1 499.1557937371927 761.5490904362812 12007.241943359375 0.661865234375 597.8410735212053 350
240 5.2 570.171424278846 609.2222735289479 12007.241943359375 0.661865234375 583.1943531639674 411
250 4.3 862.1878804051598 608.1922819700417 12007.241943359375 0.661865234375 581.7317348010597 463
260 2.9 1017.7463294719828 363.8556806391685 12007.241943359375 0.661865234375 605.564964565835 506
270 2.1 1135.558349609375 124.75931713855357 12007.241943359375 0.661865234375 627.9075058411215 535
280 0.3 827.7467447916666 132.3077599315528 12007.241943359375 0.661865234375 647.0813686453181 556
290 1 94.5694580078125 79.11614086680801 12007.241943359375 0.661865234375 648.0509502704327 559
300 0.3 15.952718098958334 12.195843832391379 12007.241943359375 0.661865234375 638.3236832710896 569
310 0.2 31.487548828125 4.2265625 12007.241943359375 0.661865234375 635.0594998873197 572
320 0 0 0 12007.241943359375 0.661865234375 632.956461730319 574
330 0 0 0 12007.241943359375 0.661865234375 632.956461730319 574
340 0 0 0 12007.241943359375 0.661865234375 632.956461730319 574
345 0 0 0 12007.241943359375 0.661865234375 632.956461730319 574
