20 0.1 10.2021484375 0 10.2021484375 10.2021484375 0 0
30 0.1 9.07080078125 0.0 10.2021484375 9.07080078125 10.2021484375 1
40 0.3 15.36572265625 7.688944107195338 26.239013671875 9.07080078125 9.636474609375 2
50 0 0 0 26.239013671875 9.07080078125 13.0740234375 5
60 0.3 32.572591145833336 5.689178227348199 39.197021484375 9.07080078125 13.0740234375 5
70 0.3 30.034749348958332 16.905609478728522 51.2861328125 9.07080078125 20.385986328125 8
80 0.5 52.204248046875 44.96189399360694 108.522216796875 8.406982421875 23.017467151988637 11
90 0.3 52.944010416666664 22.967845380215813 108.522216796875 8.406982421875 32.138336181640625 16
100 0.8 47.173980712890625 50.47088064457787 158.941162109375 8.406982421875 35.42344263980263 19
110 1 162.2007080078125 113.02322542955244 342.791015625 8.406982421875 38.90508355034722 27
120 0.6 472.81103515625 419.85568876501964 1068.7939453125 8.406982421875 72.22822529560811 37
130 0.8 1365.8349914550781 488.21245171030347 2418.68994140625 8.406982421875 128.1235010901163 43
140 1.4 1288.9141496930804 1486.0764808686104 3205.00390625 0.81298828125 322.27432310814953 51
150 2 1292.674658203125 1301.007817787341 3205.00390625 0.81298828125 530.4736703725962 65
160 2.4 963.9952290852865 1131.4174861263602 3205.00390625 0.81298828125 709.815079273897 85
170 3.3 573.6184599905301 932.5933329351625 3205.00390625 0.638916015625 765.7813507920011 109
180 3.9 517.3152231069711 820.6526230052605 3205.00390625 0.638916015625 721.1237775775749 142
190 3.6 477.0432874891493 882.3692452715549 3205.00390625 0.638916015625 677.2092271667817 181
200 6.1 637.9775670786372 906.924503815182 3205.00390625 0.638916015625 644.0019745013681 217
210 6.3 735.0580085875496 2339.1759266039335 18095.5361328125 0.638916015625 642.680072153215 278
220 6.8 567.4326279584097 758.2518258403056 18095.5361328125 0.638916015625 659.7469636352181 341
230 5.9 415.68731792902554 633.2691550434056 18095.5361328125 0.638916015625 644.3988589261155 409
240 5.2 615.5180147611177 631.4627433708839 18095.5361328125 0.638916015625 615.5655663645166 468
250 2.3 753.312595533288 670.5655471585834 18095.5361328125 0.638916015625 615.5608112041767 520
260 1.5 1177.4030273437497 105.36443323946021 18095.5361328125 0.638916015625 621.3956013322975 543
270 0.9 1135.82666015625 135.72528438036707 18095.5361328125 0.638916015625 636.342037515401 558
280 0.5 647.951806640625 202.282861730377 18095.5361328125 0.638916015625 644.2703648589065 567
290 0 0 0 18095.5361328125 0.638916015625 644.3025452940614 572
300 0.2 10.08251953125 0.353515625 18095.5361328125 0.638916015625 644.3025452940614 572
310 0 0 0 18095.5361328125 0.638916015625 642.0927194203234 574
320 0 0 0 18095.5361328125 0.638916015625 642.0927194203234 574
330 0 0 0 18095.5361328125 0.638916015625 642.0927194203234 574
340 0 0 0 18095.5361328125 0.638916015625 642.0927194203234 574
345 0 0 0 18095.5361328125 0.638916015625 642.0927194203234 574
