10 0.5 16.958642578125 17.942734732451118 52.841064453125 7.609130859375 0 0
20 0.6 25.6524658203125 37.86720370655724 110.225830078125 7.41796875 16.958642578125 5
30 0.5 12.6490234375 9.983483709153814 110.225830078125 7.2109375 21.700727982954547 11
40 0.5 9.08740234375 2.1822775652907054 110.225830078125 7.2109375 18.8720703125 16
50 0.7 28.889439174107142 19.216037393297967 110.225830078125 7.2109375 16.54238746279762 21
60 0.6 13.488850911458334 8.181913787206822 110.225830078125 6.531982421875 19.629150390625 28
70 0.6 55.364705403645836 62.4069387075111 190.743896484375 5.35205078125 18.545568129595587 34
80 1.3 45.62623948317308 50.526324967987776 190.743896484375 5.35205078125 24.068438720703124 40
90 0.9 56.159586588541664 45.48103698289871 190.743896484375 5.35205078125 29.356201171875 53
100 0.7 67.60260881696429 64.78992129485617 209.342041015625 5.35205078125 33.247015183971776 62
110 1.8 190.54648166232639 144.39218065726544 526.64111328125 5.35205078125 36.73236526268116 69
120 2.4 349.2325948079427 314.83226346547866 1039.735107421875 5.35205078125 68.55597555226294 87
130 1.6 1562.5465850830078 489.0023302095223 2641.703125 5.35205078125 129.2428121480856 111
140 2.1 2535.0488397507443 1056.9054878968775 3549.666015625 0.7900390625 309.81651582492617 127
150 3.3 1764.3997987689395 1265.3699516486085 3549.666015625 0.739990234375 625.5589401657517 148
160 5.4 743.4325945818865 1087.3437135408926 3549.666015625 0.739990234375 833.1929088613605 181
170 8 834.7636505126953 1000.661573416561 3549.666015625 0.698974609375 812.5671345162899 235
180 8.6 512.8547987827034 800.6176036834046 3549.666015625 0.661865234375 818.2043449280754 315
190 10.2 412.7655771292892 851.0344194712486 3549.666015625 0.635009765625 752.7179085976466 401
200 10.7 484.618002062646 937.8590816050718 6002.8740234375 0.635009765625 683.7812529122142 503
210 9.3 550.2650212113575 808.3039597788494 6002.8740234375 0.635009765625 648.8460597304047 610
220 10.4 571.3255896935095 1911.9714200640708 18772.19091796875 0.635009765625 635.8047559149404 703
230 7.7 614.4934525923294 741.4800111629054 18772.19091796875 0.635009765625 627.4951731553012 807
240 6.1 920.3743196080943 598.309211460342 18772.19091796875 0.635009765625 626.3626703460832 884
250 3.6 1021.9461195203993 558.8674687141448 18772.19091796875 0.635009765625 645.3412000868055 945
260 0.9 737.4546712239584 520.8582076643914 18772.19091796875 0.635009765625 659.1615641027173 981
270 0.2 1234.842041015625 29.81201171875 18772.19091796875 0.635009765625 659.8733196220013 990
280 0.1 456.14208984375 0.0 18772.19091796875 0.635009765625 661.0325307538433 992
290 0 0 0 18772.19091796875 0.635009765625 660.8261959694423 993
300 0 0 0 18772.19091796875 0.635009765625 660.8261959694423 993
310 0 0 0 18772.19091796875 0.635009765625 660.8261959694423 993
320 0 0 0 18772.19091796875 0.635009765625 660.8261959694423 993
330 0 0 0 18772.19091796875 0.635009765625 660.8261959694423 993
340 0 0 0 18772.19091796875 0.635009765625 660.8261959694423 993
345 0 0 0 18772.19091796875 0.635009765625 660.8261959694423 993
