30 0.8 11.28912353515625 5.226464020794879 20.133056640625 5.390869140625 0 0
40 0 0 0 20.133056640625 5.390869140625 11.28912353515625 8
50 0.8 10.23626708984375 4.78325520452432 20.133056640625 4.885986328125 11.28912353515625 8
60 1.6 26.784103393554688 14.724611820403092 55.955078125 4.885986328125 10.7626953125 16
70 3.2 24.222946166992188 24.040433939265853 110.233154296875 4.701904296875 18.773399353027344 32
80 2.4 35.65242513020833 34.41081924553745 140.927978515625 4.5390625 21.498172760009766 64
90 4.3 57.620656567950604 56.45849527609242 200.51708984375 4.5390625 25.35842340642756 88
100 3.3 32.27961499763258 21.80313882084398 200.51708984375 4.5390625 35.948316734255734 131
110 3.6 138.09673394097223 123.71103173464508 427.488037109375 4.5390625 35.21010236042302 164
120 2.6 176.65450345552884 232.75860103878708 955.23193359375 4.5390625 53.72969604492187 200
130 1.6 1145.6256561279297 785.352418943775 2654.350830078125 0.698974609375 67.87148804791205 226
140 2.9 798.394253434806 1289.6193432197667 3264.0458984375 0.6640625 139.12796197055786 242
150 4.4 843.3503029563212 1242.2782350119746 3264.0458984375 0.6640625 209.67675330806043 271
160 11 503.2299272017047 947.9213038136284 3264.0458984375 0.6640625 298.1898840525794 315
170 14.5 400.33201609644385 800.3214798830486 3264.0458984375 0.64501953125 351.2590716911765 425
180 10.2 562.939266429228 852.8426710405774 3264.0458984375 0.64501953125 363.74254000479715 570
190 11.9 512.9242302389706 899.617460179928 3264.0458984375 0.64501953125 393.9777574085054 672
200 12.1 520.6438109342715 1008.108343076477 6607.80419921875 0.64501953125 411.87235951574354 791
210 17.8 596.5806679029142 1161.6982751737526 6607.80419921875 0.64501953125 426.3036595394737 912
220 19.1 570.4544581867635 980.9869780875583 6607.80419921875 0.64501953125 454.1103636575401 1090
230 61.7 259.2696088052068 551.5208769793518 6607.80419921875 0.64501953125 471.457531538166 1281
240 24.3 390.45603157953985 590.8890870991102 6607.80419921875 0.64501953125 402.4796873199174 1898
250 10.8 708.4557766384547 648.0790884578141 6607.80419921875 0.64501953125 401.1150220490572 2141
260 9.5 1123.4962273848685 164.01962914731067 6607.80419921875 0.64501953125 415.8739377874542 2249
270 11 1111.264180131392 137.84528540739748 6607.80419921875 0.64501953125 444.55316880782726 2344
280 20.6 546.1683965886681 174.20594330346952 6607.80419921875 0.64501953125 474.43834046454776 2454
290 12.1 107.33014874418902 83.11906191083193 6607.80419921875 0.64501953125 479.99337488619017 2660
300 4.8 8.51103210449219 5.406494423971128 6607.80419921875 0.64501953125 463.77897346109773 2781
310 0 0 0 6607.80419921875 0.64501953125 456.05438484847235 2829
320 2.4 8.70367431640625 4.3023559179053725 6607.80419921875 0.64501953125 456.05438484847235 2829
330 0.8 4.215728759765625 0.1397732230509923 6607.80419921875 0.64501953125 452.29118223621526 2853
340 0 0 0 6607.80419921875 0.64501953125 451.03826240824895 2861
345 0 0 0 6607.80419921875 0.64501953125 451.03826240824895 2861
