0 1 12.455322265625 30.61740508492557 103.81396484375 0.77783203125 0 0
10 1.3 0.6973031850961539 0.050661371806017035 103.81396484375 0.635986328125 12.455322265625 10
20 0.7 0.7353166852678571 0.06152322001120652 103.81396484375 0.635986328125 5.809485394021739 23
30 1.6 0.7107086181640625 0.09408855774138744 103.81396484375 0.5458984375 4.6255126953125 30
40 1.6 1.6024627685546875 2.1857906367862867 103.81396484375 0.5458984375 3.263841711956522 46
50 1.3 1.0902944711538463 1.4064603007493635 103.81396484375 0.5419921875 2.8350987588205645 62
60 2.6 1.441453200120193 2.321733294165805 103.81396484375 0.527099609375 2.532666015625 75
70 1.7 0.6903147977941176 0.084794304423572 103.81396484375 0.527099609375 2.251759746287129 101
80 1.7 1.6513528262867647 1.9610419118775586 103.81396484375 0.527099609375 2.026805813029661 118
90 4 2.2808044433593753 3.2842472750673486 103.81396484375 0.527099609375 1.9795265480324074 135
100 4.7 1.8309923537234036 2.2191730323861893 103.81396484375 0.527099609375 2.0483900669642856 175
110 3.4 3.698342715992647 3.759652321301821 103.81396484375 0.527099609375 2.0023644249718466 222
120 7 3.3836216517857145 3.5848132367287358 103.81396484375 0.527099609375 2.227611541748047 256
130 7.8 3.3612811748798075 3.427510757404815 103.81396484375 0.527099609375 2.4758345715107364 326
140 6.6 3.1539861505681817 3.535538693184509 103.81396484375 0.527099609375 2.646787133547339 404
150 19.1 2.853217799001963 3.1295662166409044 103.81396484375 0.513916015625 2.7180108252992023 470
160 20.9 2.5290246990879175 3.082727843168082 103.81396484375 0.5009765625 2.757079708774584 661
170 19.4 2.3745519893685576 2.9003543270178658 103.81396484375 0.488037109375 2.702294080010776 870
180 43.8 2.6731603613727177 3.016238542324361 103.81396484375 0.488037109375 2.642536593559093 1064
190 41.5 3.0160332737198794 3.6705382998222995 103.81396484375 0.488037109375 2.6514668267830395 1502
200 36.5 2.8366424978595903 3.368861257661683 103.81396484375 0.47216796875 2.7303896621919015 1917
210 34.7 253.61685330173816 742.772543777884 3013.0087890625 0.47216796875 2.74738452854541 2282
220 29.2 1857.5736894999466 2620.134095301823 7020.76611328125 0.47216796875 35.85948253702691 2629
230 31.2 3392.9482703575723 4665.957436143549 15044.546875 0.47216796875 217.9685371187361 2921
240 34.1 8375.101665597505 8795.191820247856 31084.198974609375 0.47216796875 524.3693032092145 3233
250 34.8 14913.323936725485 13177.317416796515 31090.612060546875 0.47216796875 1273.4179141701568 3574
260 42.6 16926.959454317086 15010.769582094197 31101.7568359375 0.47216796875 2483.6900446773607 3922
270 41.4 15240.185290940148 25158.9816072287 63167.31103515625 0.47216796875 3898.7849776365424 4348
280 41.3 41572.351232053006 29852.41870011996 63173.762939453125 0.47216796875 4884.7866008426945 4762
290 23.4 29405.19831730769 31487.858150763645 63173.762939453125 0.47216796875 7812.702386869721 5175
300 8.5 8171.011810661761 21189.41687264522 63173.762939453125 0.47216796875 8746.820347254725 5409
310 3.7 1.4643422719594594 2.432113234146991 63173.762939453125 0.47216796875 8737.911769604487 5494
320 2.2 1.3865189985795454 2.2614161541714517 63173.762939453125 0.47216796875 8679.468711421283 5531
330 0.4 2.0751953125 2.2888523760493036 63173.762939453125 0.47216796875 8645.087690669743 5553
340 0.1 0.636962890625 0.0 63173.762939453125 0.47216796875 8638.866339224462 5557
350 0.3 2.5779622395833335 2.7042796021729245 63173.762939453125 0.47216796875 8637.312141783596 5558
360 0.2 0.6650390625 0.01416015625 63173.762939453125 0.47216796875 8632.653950354243 5561
370 0 0 0 63173.762939453125 0.47216796875 8629.55059284524 5563
380 0.1 0.7060546875 0.0 63173.762939453125 0.47216796875 8629.55059284524 5563
390 0.4 0.8282470703125 0.09400626760751081 63173.762939453125 0.47216796875 8627.999758097189 5564
400 0.1 0.778076171875 0.0 63173.762939453125 0.47216796875 8621.802077413979 5568
410 0 0 0 63173.762939453125 0.47216796875 8620.25403934588 5569
416 0.1 0.72998046875 0.0 63173.762939453125 0.47216796875 8620.25403934588 5569
