0 0.1 1
10 0.2 3
20 0.4 7
30 0.5 12
40 0.6 18
50 1.5 33
60 1.8 51
70 1.7 68
80 0.8 76
90 1.4 90
100 2.2 112
110 2.4 136
120 3 166
130 3 196
140 3.7 233
150 5.3 286
160 8.1 367
170 9.6 463
180 14.9 612
190 15.8 770
200 19.6 966
210 17.7 1143
220 19.6 1339
230 21.4 1553
240 21.8 1771
250 22.1 1992
260 24.2 2234
270 32.7 2561
280 23.7 2798
290 19.4 2992
300 16.4 3156
310 15.5 3311
320 12.4 3435
330 10.2 3537
340 11.5 3652
350 6.7 3719
360 1.8 3737
370 1.1 3748
380 0.5 3753
390 0.5 3758
400 0.2 3760
410 0 3760
416 0.1 3761
