0 0.1 0.0 0 0.0 0.0 0 0
10 0.1 0.0 0.0 0.0 0.0 0.0 1
20 0.1 0.0 0.0 0.0 0.0 0.0 2
30 0.1 0.0 0.0 0.0 0.0 0.0 3
40 0.1 0.0 0.0 0.0 0.0 0.0 4
50 0.1 0.0 0.0 0.0 0.0 0.0 5
60 0.1 0.0 0.0 0.0 0.0 0.0 6
70 0.1 0.0 0.0 0.0 0.0 0.0 7
80 0.1 0.0 0.0 0.0 0.0 0.0 8
90 0.1 0.0 0.0 0.0 0.0 0.0 9
100 0.1 0.0 0.0 0.0 0.0 0.0 10
110 0.1 0.0 0.0 0.0 0.0 0.0 11
120 0.1 0.078125 0.0 0.078125 0.0 0.0 12
130 0.1 0.0703125 0.0 0.078125 0.0 0.006009615384615385 13
140 0.1 0.05859375 0.0 0.078125 0.0 0.010602678571428572 14
150 0.1 0.05078125 0.0 0.078125 0.0 0.013802083333333333 15
160 0.1 0.12109375 0.0 0.12109375 0.0 0.01611328125 16
170 0.1 0.171875 0.0 0.171875 0.0 0.02228860294117647 17
180 0.1 0.140625 0.0 0.171875 0.0 0.030598958333333332 18
190 0.1 0.12109375 0.0 0.171875 0.0 0.03638980263157895 19
200 0.1 0.1015625 0.0 0.171875 0.0 0.040625 20
210 0.1 0.08984375 0.0 0.171875 0.0 0.04352678571428571 21
220 0.1 0.1484375 0.0 0.171875 0.0 0.04563210227272727 22
230 0.1 0.12890625 0.0 0.171875 0.0 0.05010190217391304 23
240 0.1 0.109375 0.0 0.171875 0.0 0.053385416666666664 24
250 0.1 0.23046875 0.0 0.23046875 0.0 0.055625 25
260 0.1 0.26953125 0.0 0.26953125 0.0 0.062349759615384616 26
270 0.1 0.30078125 0.0 0.30078125 0.0 0.07002314814814815 27
280 0.1 0.26171875 0.0 0.30078125 0.0 0.07826450892857142 28
290 0.1 0.21875 0.0 0.30078125 0.0 0.08459051724137931 29
300 0.1 0.1796875 0.0 0.30078125 0.0 0.0890625 30
310 0.1 0.1484375 0.0 0.30078125 0.0 0.09198588709677419 31
320 0.1 0.12890625 0.0 0.30078125 0.0 0.09375 32
330 0.1 0.109375 0.0 0.30078125 0.0 0.09481534090909091 33
340 0.1 0.08984375 0.0 0.30078125 0.0 0.09524356617647059 34
350 0.1 0.1484375 0.0 0.30078125 0.0 0.09508928571428571 35
360 0.1 0.12890625 0.0 0.30078125 0.0 0.09657118055555555 36
370 0.1 0.109375 0.0 0.30078125 0.0 0.09744510135135136 37
380 0.1 0.08984375 0.0 0.30078125 0.0 0.09775904605263158 38
390 0.1 0.078125 0.0 0.30078125 0.0 0.09755608974358974 39
400 0.1 0.0703125 0.0 0.30078125 0.0 0.0970703125 40
410 0.1 0.05859375 0.0 0.30078125 0.0 0.09641768292682927 41
416 0.1 0.05078125 0.0 0.30078125 0.0 0.0955171130952381 42
