10 0.1 106 0 106 106 0 0
20 0.1 262.0 0.0 262 106 106.0 1
30 0.1 302.0 0.0 302 106 184.0 2
40 0.1 354.0 0.0 354 106 223.33333333333334 3
50 0.1 556.0 0.0 556 106 256.0 4
60 0.1 709.0 0.0 709 106 316.0 5
70 0.1 752.0 0.0 752 106 381.5 6
80 0.1 804.0 0.0 804 106 434.42857142857144 7
90 0.1 728.0 0.0 804 106 480.625 8
100 0.1 1195.0 0.0 1195 106 508.1111111111111 9
110 0.1 1599.0 0.0 1599 106 576.8 10
120 0.1 1844.0 0.0 1844 106 669.7272727272727 11
130 0.1 2143.0 0.0 2143 106 767.5833333333334 12
140 0.1 2175.0 0.0 2175 106 873.3846153846154 13
150 0.1 2236.0 0.0 2236 106 966.3571428571429 14
160 0.1 3154.0 0.0 3154 106 1051.0 15
170 0.1 4078.0 0.0 4078 106 1182.4375 16
180 0.1 4692.0 0.0 4692 106 1352.764705882353 17
190 0.1 7025.0 0.0 7025 106 1538.2777777777778 18
200 0.1 6956.0 0.0 7025 106 1827.0526315789473 19
210 0.1 7137.0 0.0 7137 106 2083.5 20
220 0.1 8198.0 0.0 8198 106 2324.1428571428573 21
230 0.1 9462.0 0.0 9462 106 2591.136363636364 22
240 0.1 9896.0 0.0 9896 106 2889.8695652173915 23
250 0.1 7803.0 0.0 9896 106 3181.7916666666665 24
260 0.1 8096.0 0.0 9896 106 3366.64 25
270 0.1 8944.0 0.0 9896 106 3548.5384615384614 26
280 0.1 7908.0 0.0 9896 106 3748.3703703703704 27
290 0.1 7291.0 0.0 9896 106 3896.9285714285716 28
300 0.1 5572.0 0.0 9896 106 4013.9655172413795 29
310 0.1 4620.0 0.0 9896 106 4065.9 30
320 0.1 3665.0 0.0 9896 106 4083.7741935483873 31
330 0.1 3144.0 0.0 9896 106 4070.6875 32
340 0.1 2988.0 0.0 9896 106 4042.6060606060605 33
350 0.1 2302.0 0.0 9896 106 4011.5882352941176 34
360 0.1 853.0 0.0 9896 106 3962.7428571428572 35
370 0.1 203.0 0.0 9896 106 3876.3611111111113 36
380 0.1 505.0 0.0 9896 106 3777.0810810810813 37
390 0.1 211.0 0.0 9896 106 3690.9736842105262 38
400 0.1 139.0 0.0 9896 106 3601.74358974359 39
410 0.1 103.0 0.0 9896 103 3515.175 40
416 0.1 57.0 0.0 9896 57 3431.951219512195 41
