0 0.1 5976.22900390625 0 5976.22900390625 5976.22900390625 0 0
10 0.2 7198.0880126953125 5991.7520751953125 13189.840087890625 1206.3359375 5976.22900390625 1
20 0.4 9480.503234863281 10761.43112338498 27818.388916015625 1206.3359375 6790.801676432292 3
30 0.5 6464.626416015625 6805.339039004562 27818.388916015625 418.076904296875 8327.773995535714 7
40 0.6 17737.514526367188 17870.183679768234 46310.590087890625 418.076904296875 7551.462504069011 12
50 1.5 25142.736393229166 17188.77366817261 50652.47998046875 418.076904296875 10946.813178168402 18
60 1.8 24799.55106608073 19262.802091358928 56203.72607421875 418.076904296875 17399.50554865057 33
70 1.7 30798.1398638557 24246.09112549644 72641.51782226563 160.177001953125 20011.286319508272 51
80 0.8 23859.053161621094 19437.199296199466 72641.51782226563 160.177001953125 22707.999705595128 68
90 1.4 38594.51651436942 24210.69417526363 89608.47314453125 160.177001953125 22829.16322728207 76
100 2.2 20184.441594904118 20621.172968371666 89608.47314453125 160.177001953125 25281.55151638455 90
110 2.4 25025.119588216145 15624.77659843922 89608.47314453125 160.177001953125 24280.33349609375 112
120 3 25346.91395670573 20218.622230818426 89608.47314453125 160.177001953125 24411.766335880056 136
130 3 28628.94190266927 24657.97951303659 89608.47314453125 160.177001953125 24580.768917956982 166
140 3.7 25444.306858372045 24281.478741941148 108057.00415039063 160.177001953125 25200.387231943558 196
150 5.3 26818.153546027417 23796.42885738709 108057.00415039063 160.177001953125 25239.12124987426 233
160 8.1 23830.93726490162 25769.504883043537 108057.00415039063 160.177001953125 25531.739122937608 286
170 9.6 27016.81438954671 24287.276423711934 108057.00415039063 160.177001953125 25156.357786422854 367
180 14.9 30004.290640402152 24565.246551931355 119361.71313476563 160.177001953125 25542.111207372942 463
190 15.8 26536.695196610464 23896.26205078538 119361.71313476563 102.632080078125 26628.49149417254 612
200 19.6 26529.68454041772 20900.203908708507 119361.71313476563 89.02001953125 26609.655370776683 770
210 17.7 29372.424171577066 19990.379279562876 119361.71313476563 89.02001953125 26593.429405196606 966
220 19.6 32912.635027204255 19055.614566185995 119361.71313476563 89.02001953125 27023.772426762083 1143
230 21.4 39190.361637293725 19734.349198176893 119361.71313476563 89.02001953125 27885.771731979905 1339
240 21.8 41245.36832868941 20655.44607964424 119361.71313476563 89.02001953125 29443.519471669 1553
250 22.1 46881.45165021389 18938.894007255887 119361.71313476563 89.02001953125 30896.25976011081 1771
260 24.2 51796.376322596545 19342.359425420553 142057.6181640625 89.02001953125 32669.71729410317 1992
270 32.7 55910.647402702125 18575.794599326637 142057.6181640625 89.02001953125 34741.62932852367 2234
280 23.7 63619.87229797106 14543.545678427581 142057.6181640625 89.02001953125 37444.58477961947 2561
290 19.4 69548.64770885347 11268.877801150933 142057.6181640625 89.02001953125 39661.719569415516 2798
300 16.4 78249.55964921159 11127.803728895253 142057.6181640625 89.02001953125 41599.57520412506 2992
310 15.5 88535.86832944807 10788.620962272564 142057.6181640625 89.02001953125 43504.073762108004 3156
320 12.4 98337.68256993448 10124.885843970062 145034.65185546875 89.02001953125 45612.17649781858 3311
330 10.2 109623.26035443474 7886.8340441823975 145034.65185546875 89.02001953125 47515.513543798894 3435
340 11.5 120312.73722826087 7973.224854524884 145034.65185546875 89.02001953125 49306.57664096735 3537
350 6.7 126839.90081331623 8781.011049817327 145034.65185546875 89.02001953125 51542.53186208969 3652
360 1.8 136556.3474934896 9910.716806355118 153995.8701171875 89.02001953125 52899.058810122 3719
370 1.1 146729.07770330255 9745.242674679012 159552.02392578125 89.02001953125 53302.01069567207 3737
380 0.5 156560.65024414062 8877.621540404713 168727.01684570313 89.02001953125 53576.20966501143 3748
390 0.5 167238.39438476562 8119.364640867296 178504.22509765625 89.02001953125 53713.41249019013 3753
400 0.2 174317.609375 613.6015625 178504.22509765625 89.02001953125 53864.45690463209 3758
410 0 0 0 178504.22509765625 89.02001953125 53928.5277304142 3760
416 0.1 191950.68994140625 0.0 191950.68994140625 89.02001953125 53928.5277304142 3760
