0 3.73671875 3.73671875
10 17.8328125 21.56953125
20 34.55859375 56.128125
30 43.53203125 99.66015625
40 71.0390625 170.69921875
50 100.11796875 270.8171875
60 81.83125 352.6484375
70 111.38671875 464.03515625
80 82.2296875 546.26484375
90 133.496875 679.76171875
100 191.32734375 871.0890625
110 252.73515625 1123.82421875
120 241.253125 1365.07734375
130 277.7953125 1642.87265625
140 257.68046875 1900.553125
150 343.1046875 2243.6578125
160 498.9453125 2742.603125
170 568.128125 3310.73125
180 887.99453125 4198.72578125
190 841.378125 5040.10390625
200 903.33828125 5943.4421875
210 837.946875 6781.3890625
220 861.478125 7642.8671875
230 848.14140625 8491.00859375
240 854.90078125 9345.909375
250 896.109375 10242.01875
260 1146.4609375 11388.4796875
270 1366.5171875 12754.996875
280 991.39140625 13746.38828125
290 963.3484375 14709.73671875
300 790.359375 15500.09609375
310 583.58671875 16083.6828125
320 504.4265625 16588.109375
330 507.3828125 17095.4921875
340 601.75390625 17697.24609375
350 267.5765625 17964.82265625
360 90.18203125 18055.0046875
370 61.05234375 18116.05703125
380 39.02578125 18155.0828125
390 69.93359375 18225.01640625
400 18.36015625 18243.3765625
410 0 18243.3765625
416 17.63203125 18261.00859375
