10 0.1 38.98193359375 0 38.98193359375 38.98193359375 0 0
20 0.7 8.996442522321429 4.899296811616645 38.98193359375 6.1220703125 38.98193359375 1
30 0.3 6.338053385416667 0.5494419464956257 38.98193359375 5.72998046875 12.74462890625 8
40 0.5 27.35986328125 32.58022031380845 91.212158203125 5.72998046875 10.997381036931818 11
50 0.5 13.1833984375 6.081497604880865 91.212158203125 5.72998046875 16.11065673828125 16
60 0.6 9.080322265625 3.0662272147944076 91.212158203125 5.72998046875 15.413690476190476 21
70 0.6 25.430704752604168 17.983929105422067 91.212158203125 5.72998046875 14.006275318287036 27
80 0.8 10.751922607421875 8.739799937474464 91.212158203125 5.513916015625 16.083444306344695 33
90 1.2 22.655069986979168 26.633506616998034 95.804931640625 5.513916015625 15.043147389481707 41
100 1 48.218115234375 46.98275971881473 171.302978515625 5.513916015625 16.7666015625 53
110 2 107.37979736328126 85.8729795396375 296.7900390625 5.513916015625 21.758905319940474 63
120 1.5 153.05491536458334 120.5519522918395 373.443115234375 5.513916015625 42.39044557134789 83
130 1.7 565.3958381204044 293.1612925277139 1058.64599609375 5.513916015625 59.32888482541454 98
140 2.3 1214.086521314538 96.56360875312743 1335.455078125 5.513916015625 134.13878226902173 115
150 2.2 1027.7910822088068 1061.784558236182 2699.1240234375 0.72607421875 314.1300721099411 138
160 5.1 900.2921214384191 1089.6114709726235 3078.136962890625 0.64892578125 412.25846099853516 160
170 6.2 783.823490265877 983.5061567135688 3078.136962890625 0.640869140625 530.2192035693128 211
180 8.5 583.6886144301469 791.0543598070972 3078.136962890625 0.640869140625 587.8143162989354 273
190 10 462.46415283203123 756.0027513523983 3078.136962890625 0.640869140625 586.8347502127706 358
200 11.6 442.954991833917 744.3747379895857 3078.136962890625 0.640869140625 559.6795979462336 458
210 11.3 581.4663863730643 811.1470368381313 4159.482177734375 0.640869140625 536.090653156985 574
220 8.3 565.3230039297817 740.9392515327908 4159.482177734375 0.640869140625 543.5542017063547 687
230 9.8 520.1002820073342 725.9322405245154 4159.482177734375 0.640869140625 545.9007089590098 770
240 9.4 525.4217243600402 806.2828537855162 4643.89697265625 0.640869140625 542.9877575289819 868
250 9.7 926.8725309076998 3501.2530481437666 33807.532958984375 0.640869140625 541.2713260135135 962
260 8.6 447.43470089934596 696.4755197758825 33807.532958984375 0.640869140625 576.5907942616118 1059
270 9.5 483.8991802014804 667.0554687197563 33807.532958984375 0.640869140625 566.8899872492494 1145
280 8.8 835.8494262695311 3319.586938803101 33807.532958984375 0.640869140625 560.5318205802671 1240
290 7.7 562.9269860998377 729.8057220247308 33807.532958984375 0.640869140625 578.7757583066641 1328
300 6.2 610.3224388860889 673.218388551447 33807.532958984375 0.640869140625 577.9071779081405 1405
310 2.2 891.4030095880681 610.4634755003724 33807.532958984375 0.640869140625 579.2771480380878 1467
320 1.1 1199.7853338068182 82.72895200340464 33807.532958984375 0.640869140625 583.8888128830171 1489
330 0.3 849.3490397135416 61.802395866924435 33807.532958984375 0.640869140625 588.4053873697916 1500
340 0 0 0 33807.532958984375 0.640869140625 588.9262329832521 1503
350 0 0 0 33807.532958984375 0.640869140625 588.9262329832521 1503
360 0 0 0 33807.532958984375 0.640869140625 588.9262329832521 1503
370 0 0 0 33807.532958984375 0.640869140625 588.9262329832521 1503
380 0 0 0 33807.532958984375 0.640869140625 588.9262329832521 1503
390 0 0 0 33807.532958984375 0.640869140625 588.9262329832521 1503
400 0 0 0 33807.532958984375 0.640869140625 588.9262329832521 1503
410 0 0 0 33807.532958984375 0.640869140625 588.9262329832521 1503
416 0 0 0 33807.532958984375 0.640869140625 588.9262329832521 1503
