10 0.2 8.98681640625 1.0419921875 10.02880859375 7.94482421875 0 0
20 0.1 7.467041015625 0.0 10.02880859375 7.467041015625 8.98681640625 2
30 0.3 7.534016927083333 0.37148450835170194 10.02880859375 7.14208984375 8.480224609375 3
40 0.2 8.8441162109375 0.2010498046875 10.02880859375 7.14208984375 8.007120768229166 6
50 0.1 7.751220703125 0.0 10.02880859375 7.14208984375 8.21636962890625 8
60 0.1 7.93310546875 0.0 10.02880859375 7.14208984375 8.164686414930555 9
70 0.3 39.0537109375 35.18069359373309 87.97705078125 6.756103515625 8.1415283203125 10
80 0.5 11.11044921875 7.352517937447343 87.97705078125 6.402099609375 15.275108924278847 13
90 0.5 14.4140625 8.001912156703842 87.97705078125 6.402099609375 14.11825900607639 18
100 0.7 54.674595424107146 51.96739548634816 167.39306640625 6.402099609375 14.182564113451088 23
110 0.8 145.54592895507813 109.62909236965135 328.27392578125 6.402099609375 23.630704752604167 30
120 0.8 136.58352661132813 124.5166764970339 332.775146484375 6.402099609375 49.297067742598685 38
130 0.5 709.21103515625 267.00469537432724 1065.592041015625 6.402099609375 64.47732145889945 46
140 0.9 1185.4664984809028 134.59468266839184 1294.760009765625 6.402099609375 127.68650907628677 51
150 0.8 837.8583679199219 888.0101164162259 2255.3330078125 3.926025390625 286.35350748697914 60
160 1.8 1177.527615017361 1194.6945812983226 3049.760986328125 0.700927734375 351.23643224379595 68
170 2 902.8085083007812 1002.8533273064664 3049.760986328125 0.666015625 524.1810984057049 86
180 1.5 512.6667154947917 707.1006302953878 3049.760986328125 0.666015625 595.6202323481722 106
190 3.2 459.45518493652344 725.5923240241262 3049.760986328125 0.666015625 585.3367385233729 121
200 3.9 491.4642928685897 717.3745433685386 3049.760986328125 0.666015625 559.0085704529207 153
210 2.9 436.31808997844826 757.7406901908311 3049.760986328125 0.666015625 545.2886390686035 192
220 3.7 438.3258419552365 672.0960882380898 3049.760986328125 0.666015625 530.9893362468184 221
230 2.8 429.8187517438616 670.7603264337878 3049.760986328125 0.666015625 517.7003855150799 258
240 3.5 491.5032156808036 674.8666227911299 3049.760986328125 0.666015625 509.0965892018138 286
250 2.6 727.7139798677885 847.3352111123467 3049.760986328125 0.666015625 507.1783085998345 321
260 2.9 474.14307482489227 690.8609682508715 3049.760986328125 0.666015625 523.702595207808 347
270 3 413.27073567708334 622.6126791560247 3049.760986328125 0.666015625 519.8801853910405 376
280 2.6 413.6107835036058 661.2840844018351 3049.760986328125 0.666015625 512.0026398456743 406
290 3.8 369.5875758120888 660.858580425187 3049.760986328125 0.666015625 506.0809077510127 432
300 2 713.656787109375 643.6806048637998 3049.760986328125 0.666015625 495.0452766580785 470
310 1.2 500.31524658203125 592.0174227924465 3049.760986328125 0.666015625 503.96819545200896 490
320 0.8 1225.3482055664063 90.676271537168 3049.760986328125 0.666015625 503.88087396507717 502
330 0.6 827.5072021484375 97.30801318411984 3049.760986328125 0.666015625 515.1980085784314 510
340 0.2 540.2655029296875 66.8145751953125 3049.760986328125 0.666015625 518.8295108292454 516
350 0.1 3.77001953125 0.0 3049.760986328125 0.666015625 518.9122752775097 518
360 0 0 0 3049.760986328125 0.666015625 517.9197083107539 519
370 0 0 0 3049.760986328125 0.666015625 517.9197083107539 519
380 0 0 0 3049.760986328125 0.666015625 517.9197083107539 519
390 0 0 0 3049.760986328125 0.666015625 517.9197083107539 519
400 0 0 0 3049.760986328125 0.666015625 517.9197083107539 519
410 0 0 0 3049.760986328125 0.666015625 517.9197083107539 519
416 0 0 0 3049.760986328125 0.666015625 517.9197083107539 519
