0 0.1 0.0 0 0.0 0.0 0 0
10 0.1 0.0 0.0 0.0 0.0 0.0 1
20 0.1 0.0 0.0 0.0 0.0 0.0 2
30 0.1 0.0 0.0 0.0 0.0 0.0 3
40 0.1 0.0 0.0 0.0 0.0 0.0 4
50 0.1 0.0 0.0 0.0 0.0 0.0 5
60 0.1 0.0 0.0 0.0 0.0 0.0 6
70 0.1 0.0 0.0 0.0 0.0 0.0 7
80 0.1 0.0 0.0 0.0 0.0 0.0 8
90 0.1 0.0 0.0 0.0 0.0 0.0 9
100 0.1 0.0 0.0 0.0 0.0 0.0 10
110 0.1 0.0 0.0 0.0 0.0 0.0 11
120 0.1 0.0 0.0 0.0 0.0 0.0 12
130 0.1 0.0 0.0 0.0 0.0 0.0 13
140 0.1 0.078125 0.0 0.078125 0.0 0.0 14
150 0.1 0.140625 0.0 0.140625 0.0 0.005208333333333333 15
160 0.1 0.12109375 0.0 0.140625 0.0 0.013671875 16
170 0.1 0.1015625 0.0 0.140625 0.0 0.01999080882352941 17
180 0.1 0.078125 0.0 0.140625 0.0 0.024522569444444444 18
190 0.1 0.140625 0.0 0.140625 0.0 0.02734375 19
200 0.1 0.19921875 0.0 0.19921875 0.0 0.0330078125 20
210 0.1 0.171875 0.0 0.19921875 0.0 0.04092261904761905 21
220 0.1 0.140625 0.0 0.19921875 0.0 0.046875 22
230 0.1 0.19921875 0.0 0.19921875 0.0 0.050951086956521736 23
240 0.1 0.171875 0.0 0.19921875 0.0 0.05712890625 24
250 0.1 0.30078125 0.0 0.30078125 0.0 0.06171875 25
260 0.1 0.25 0.0 0.30078125 0.0 0.07091346153846154 26
270 0.1 0.2109375 0.0 0.30078125 0.0 0.0775462962962963 27
280 0.1 0.1796875 0.0 0.30078125 0.0 0.08231026785714286 28
290 0.1 0.1484375 0.0 0.30078125 0.0 0.08566810344827586 29
300 0.1 0.12890625 0.0 0.30078125 0.0 0.08776041666666666 30
310 0.1 0.19140625 0.0 0.30078125 0.0 0.08908770161290322 31
320 0.1 0.16015625 0.0 0.30078125 0.0 0.09228515625 32
330 0.1 0.140625 0.0 0.30078125 0.0 0.09434185606060606 33
340 0.1 0.109375 0.0 0.30078125 0.0 0.095703125 34
350 0.1 0.1015625 0.0 0.30078125 0.0 0.09609375 35
360 0.1 0.078125 0.0 0.30078125 0.0 0.09624565972222222 36
370 0.1 0.0703125 0.0 0.30078125 0.0 0.09575591216216216 37
