10 0.5 303.204638671875 354.10111429319386 745.927001953125 10.419189453125 0 0
20 0.1 10.97900390625 0.0 745.927001953125 10.419189453125 303.204638671875 5
30 0.6 133.79024251302084 271.7985490699484 745.927001953125 10.419189453125 254.5003662109375 6
40 0.5 11.969677734375 1.0675691561665888 745.927001953125 10.419189453125 194.14530436197916 12
50 0.4 27.59393310546875 25.40237883449973 745.927001953125 10.419189453125 140.56423770680146 17
60 0.5 11.8052734375 0.5316527377170495 745.927001953125 10.419189453125 119.04608444940476 21
70 0.7 41.31089564732143 67.6059985617437 745.927001953125 10.419189453125 98.4228515625 26
80 1 123.6084228515625 330.65335838502534 1115.515869140625 9.137939453125 86.3081942471591 33
90 0.9 16.90532769097222 14.772221277099902 1115.515869140625 9.137939453125 94.982666015625 43
100 1.9 16.402176706414473 12.462351987269374 1115.515869140625 9.137939453125 81.46928053635817 52
110 1.5 17.046223958333332 10.6469153472113 1115.515869140625 9.137939453125 64.0569569762324 71
120 1.4 12.472446986607142 1.4753874137689171 1115.515869140625 9.137939453125 55.85741051962209 86
130 2.5 199.9564453125 709.3934985962817 3629.3779296875 9.137939453125 49.783515625 100
140 3.2 17.11505126953125 8.932440589292634 3629.3779296875 9.137939453125 79.8181015625 125
150 3 29.599446614583332 22.858004775677767 3629.3779296875 9.137939453125 67.03786201234077 157
160 5.5 27.022474254261365 32.016697887416996 3629.3779296875 9.137939453125 61.031699114304814 187
170 6.2 44.04735540574597 72.76332494993592 3629.3779296875 8.47998046875 53.3023298279313 242
180 8.1 159.9177607783565 456.8975009531798 3629.3779296875 8.47998046875 51.41480214972245 304
190 11.1 142.55196236275333 149.65353805930135 3629.3779296875 8.47998046875 74.24269734172078 385
200 13.1 530.9045857436785 400.6765235898282 3629.3779296875 8.47998046875 89.52964979602444 496
210 11.9 1324.9032731256566 493.5787818614396 3629.3779296875 8.47998046875 181.74674167663477 627
220 16.2 2343.114574291086 1129.350137581489 4340.223876953125 1.44091796875 364.1001294010766 746
230 24.1 2439.334461512904 1627.2967265072023 4682.6708984375 1.3349609375 717.1842043704395 908
240 21.4 1921.5817722784025 1703.3976762157708 4682.6708984375 1.31005859375 1078.4010990365264 1149
250 12.7 2785.9262810654536 1543.2209985171746 4682.6708984375 1.31005859375 1210.7860323261532 1363
260 1.5 3052.5072265625 935.2410405078364 4682.6708984375 1.31005859375 1345.0429528562815 1490
270 0.1 2843.3837890625 0.0 4682.6708984375 1.31005859375 1362.060869205513 1505
280 0 0 0 4682.6708984375 1.31005859375 1363.0444833621245 1506
290 0 0 0 4682.6708984375 1.31005859375 1363.0444833621245 1506
300 0 0 0 4682.6708984375 1.31005859375 1363.0444833621245 1506
310 0 0 0 4682.6708984375 1.31005859375 1363.0444833621245 1506
320 0 0 0 4682.6708984375 1.31005859375 1363.0444833621245 1506
330 0 0 0 4682.6708984375 1.31005859375 1363.0444833621245 1506
340 0 0 0 4682.6708984375 1.31005859375 1363.0444833621245 1506
350 0 0 0 4682.6708984375 1.31005859375 1363.0444833621245 1506
360 0 0 0 4682.6708984375 1.31005859375 1363.0444833621245 1506
370 0 0 0 4682.6708984375 1.31005859375 1363.0444833621245 1506
374 0 0 0 4682.6708984375 1.31005859375 1363.0444833621245 1506
