40 0.2 216.927490234375 76.8974609375 293.824951171875 140.030029296875 0 0
50 0.2 104.66552734375 14.695556640625 293.824951171875 89.969970703125 216.927490234375 2
60 0 0 0 293.824951171875 89.969970703125 160.7965087890625 4
70 0.2 106.1600341796875 15.4610595703125 293.824951171875 89.969970703125 160.7965087890625 4
80 0.4 92.3145751953125 13.48550531693467 293.824951171875 78.47119140625 142.5843505859375 6
90 0.5 284.597021484375 355.6899843464534 993.99609375 78.47119140625 122.4764404296875 10
100 0.6 222.1199951171875 267.68934789179616 993.99609375 75.3798828125 176.51663411458333 15
110 0.4 158.01080322265625 104.38969840391985 993.99609375 75.3798828125 189.5461658296131 21
120 1 99.164306640625 32.25011413095668 993.99609375 75.3798828125 184.5005078125 25
130 0.6 778.6201578776041 1263.2905699601506 3588.05908203125 75.3798828125 160.11873604910716 35
140 0.6 128.56624348958334 80.69710215480876 3588.05908203125 75.3798828125 250.63113924352135 41
150 0.6 145.53682454427084 72.52692855946734 3588.05908203125 75.3798828125 235.04838659408244 47
160 1.1 191.7024813565341 118.23623346675758 3588.05908203125 75.3798828125 224.9150022110849 53
170 1.2 430.9365234375 461.9725521999016 3588.05908203125 75.3798828125 219.20660018920898 64
180 1.5 735.5180338541667 827.6965457242112 3588.05908203125 75.3798828125 252.63764070209703 76
190 1.8 549.4009331597222 218.43854260297476 3588.05908203125 75.3798828125 332.2333099029876 91
200 2.7 955.6711877893518 373.66637982944513 3588.05908203125 75.3798828125 368.0958531930906 109
210 2.7 1772.4036639178241 504.1171665175225 3588.05908203125 75.3798828125 484.74683873793657 136
220 3.7 2978.7069652660475 1019.6936991836418 4926.11083984375 2.138916015625 698.0396870806173 163
230 3.8 1855.1388967413652 1989.5490051420663 5146.35107421875 1.534912109375 1119.963133544922 200
240 5.1 1952.9275572533697 1863.4482921449826 5146.35107421875 1.45703125 1237.3441377527574 238
250 6.7 2304.5486058477145 1765.9428109038604 5146.35107421875 1.237060546875 1363.6235647234537 289
260 5.5 2888.014253373579 1297.3415248685321 5146.35107421875 1.237060546875 1540.7077719013344 356
270 5.8 2285.1612506734914 492.2133177611047 5146.35107421875 1.237060546875 1721.004259689591 411
280 3.9 1673.721667167468 555.8727758904103 5146.35107421875 1.237060546875 1790.7720752057237 469
290 1.8 1067.727294921875 602.4375639370267 5146.35107421875 1.237060546875 1781.785921832708 508
300 0.7 283.35267857142856 201.51696654075334 5146.35107421875 1.237060546875 1757.3504555125653 526
310 0.1 147.4990234375 0.0 5146.35107421875 1.237060546875 1737.9921357403553 533
320 0.2 91.734619140625 13.4775390625 5146.35107421875 1.237060546875 1735.013684219189 534
330 0.3 56.992431640625 35.92009212211628 5146.35107421875 1.237060546875 1728.882045916657 536
340 0 0 0 5146.35107421875 1.237060546875 1719.576537859462 539
350 0 0 0 5146.35107421875 1.237060546875 1719.576537859462 539
360 0 0 0 5146.35107421875 1.237060546875 1719.576537859462 539
370 0 0 0 5146.35107421875 1.237060546875 1719.576537859462 539
374 0 0 0 5146.35107421875 1.237060546875 1719.576537859462 539
