0 1.6 130.91729736328125 178.4433988379351 614.593994140625 7.29296875 0 0
10 2.4 19.073374430338543 28.60119270172991 614.593994140625 7.29296875 130.91729736328125 16
20 4.9 127.38850745376271 267.43633177434907 1471.73486328125 7.2900390625 63.810943603515625 40
30 7.3 62.13334425834759 95.25956804200034 1471.73486328125 6.632080078125 98.81432145365166 89
40 11.8 83.37631380760064 145.08517182850622 1471.73486328125 6.632080078125 82.2852391372492 162
50 15.4 94.74965756899348 173.71245495885 1834.503173828125 6.632080078125 82.74504917689731 280
60 14.1 64.2625515985151 194.1322308481917 2195.199951171875 6.632080078125 87.00474892893143 434
70 13.5 128.1796513310185 193.1591031301781 2195.199951171875 6.632080078125 81.42796662703805 575
80 19.5 107.00952398838142 181.44396142779112 2195.199951171875 5.910888671875 90.31737146511884 710
90 23.7 278.0025732627902 297.0097903166738 2195.199951171875 5.910888671875 93.91402311377763 905
100 24.1 601.205240210062 433.85856424606726 2597.541015625 5.910888671875 132.11803921300353 1142
110 23 1517.825077488112 679.7852802923783 4236.364013671875 5.910888671875 213.86063895291034 1383
120 27.7 1868.1422158802457 745.1387178007268 5080.85595703125 0.9970703125 399.794811837657 1613
130 45 2100.009992947048 2203.754633140496 8967.285888671875 0.6240234375 614.9970504195602 1890
140 60.3 1852.4101805425992 2564.985227015187 9911.541015625 0.597900390625 900.5764624440772 2340
150 85.4 1346.717231696886 1905.3413389217492 9911.541015625 0.580078125 1095.6004964275664 2943
160 122.4 861.6827875274455 1621.55475904773 9911.541015625 0.56884765625 1152.0802678049695 3797
170 156.6 689.6937625344237 1315.7717491526848 9911.541015625 0.5458984375 1081.2882909358818 5021
180 196 570.1323269591032 1012.6430709651405 9911.541015625 0.531005859375 988.190214197354 6587
190 199 563.4251116421954 1190.7283746938583 9911.541015625 0.529052734375 892.3210836267477 8547
200 192.3 1117.4516418742712 1910.7826580443011 9911.541015625 0.529052734375 830.2063465811693 10537
210 190.7 1409.6475298140886 2662.7606116883103 14961.43701171875 0.529052734375 874.5380241773679 12460
220 226.9 1656.1543635859696 3505.0453360998335 22749.192138671875 0.529052734375 945.5656449227723 14367
230 209.7 1745.275882398963 3704.1129889855342 22749.192138671875 0.529052734375 1042.4835219753568 16636
240 214.4 2014.0223644882885 4651.158852680098 35588.861083984375 0.529052734375 1121.155148506521 18733
250 212.2 3006.2710642046104 7560.864843399942 38284.817138671875 0.529052734375 1212.8497076416895 20877
260 232.6 4203.971029975344 11152.806583250816 68279.19091796875 0.52099609375 1378.319515834503 22999
270 235.7 4516.566060807065 13803.492503777126 68695.59497070313 0.52099609375 1637.8443103810616 25325
280 248.2 5954.092322534748 17385.89475782761 68695.59497070313 0.52099609375 1882.954749141053 27682
290 230.6 5910.488327304288 17437.4131200033 69537.84301757813 0.477783203125 2217.9422659545776 30164
300 242.6 6005.831132981565 17815.994669594595 71448.998046875 0.477783203125 2480.1846810291827 32470
310 213.4 1126.8142965043262 5939.970346599043 118930.16577148438 0.477783203125 2725.2906614405906 34896
320 172.3 766.886607235971 3125.284407736448 118930.16577148438 0.477783203125 2633.1721477280876 37030
330 141.4 896.9111333304791 4773.363576203304 129078.41381835938 0.477783203125 2550.195088241908 38753
340 132.8 1096.1860248611636 6103.878851813721 129078.41381835938 0.477783203125 2491.994487942041 40167
350 117.9 894.9156770584842 1157.881243896887 129078.41381835938 0.477783203125 2447.3232350447906 41495
360 116.4 1017.012062518457 3889.020092320892 129078.41381835938 0.477783203125 2404.433219792744 42674
370 71 1454.0390573420996 1068.9466788337627 129078.41381835938 0.477783203125 2367.5939883709802 43838
380 63 1628.1857414124502 993.589303662414 129078.41381835938 0.477783203125 2353.03387341564 44548
390 52.7 1871.2389659555859 829.4522340198048 129078.41381835938 0.477783203125 2342.925981894058 45178
400 48.9 1695.541516887142 676.3610492827811 129078.41381835938 0.477783203125 2337.487210262955 45705
410 55.2 1090.4405986398892 628.0620301647682 129078.41381835938 0.477783203125 2330.691707728843 46194
420 43.2 208.37015900788478 211.01664055996602 129078.41381835938 0.477783203125 2316.0462062481365 46746
430 12 19.11147664388021 37.579655931225595 129078.41381835938 0.477783203125 2296.7466163458985 47178
440 3.2 18.86725616455078 28.704986246585445 129078.41381835938 0.477783203125 2290.9680164735096 47298
450 1.1 88.76735617897727 93.48464076284226 129078.41381835938 0.477783203125 2289.4318401724345 47330
460 3.8 10.518888774671053 6.730740623442503 129078.41381835938 0.477783203125 2288.920500967012 47341
470 1.9 21.79052734375 7.228699981040211 129078.41381835938 0.477783203125 2287.0931246766027 47379
480 0.2 8.64990234375 4.947998046875 129078.41381835938 0.477783203125 2286.185053674676 47398
490 1.7 11.401596966911764 6.003987150685937 129078.41381835938 0.477783203125 2286.088955145084 47400
493 0.1 7.8310546875 0.0 129078.41381835938 0.477783203125 2285.273431491352 47417
