10 0.1 183 0 183 183 0 0
20 0.1 159.0 0.0 183 159 183.0 1
30 0.1 368.0 0.0 368 159 171.0 2
40 0.1 552.0 0.0 552 159 236.66666666666666 3
50 0.1 854.0 0.0 854 159 315.5 4
60 0.1 1148.0 0.0 1148 159 423.2 5
70 0.1 958.0 0.0 1148 159 544.0 6
80 0.1 1053.0 0.0 1148 159 603.1428571428571 7
90 0.1 1468.0 0.0 1468 159 659.375 8
100 0.1 1920.0 0.0 1920 159 749.2222222222222 9
110 0.1 1896.0 0.0 1920 159 866.3 10
120 0.1 1866.0 0.0 1920 159 959.9090909090909 11
130 0.1 2072.0 0.0 2072 159 1035.4166666666667 12
140 0.1 2277.0 0.0 2277 159 1115.1538461538462 13
150 0.1 2587.0 0.0 2587 159 1198.142857142857 14
160 0.1 3663.0 0.0 3663 159 1290.7333333333333 15
170 0.1 4484.0 0.0 4484 159 1439.0 16
180 0.1 5028.0 0.0 5028 159 1618.1176470588234 17
190 0.1 6701.0 0.0 6701 159 1807.5555555555557 18
200 0.1 5680.0 0.0 6701 159 2065.1052631578946 19
210 0.1 5704.0 0.0 6701 159 2245.85 20
220 0.1 6529.0 0.0 6701 159 2410.5238095238096 21
230 0.1 7113.0 0.0 7113 159 2597.7272727272725 22
240 0.1 6586.0 0.0 7113 159 2794.043478260869 23
250 0.1 6874.0 0.0 7113 159 2952.041666666666 24
260 0.1 7089.0 0.0 7113 159 3108.9199999999996 25
270 0.1 7882.0 0.0 7882 159 3261.9999999999995 26
280 0.1 8006.0 0.0 8006 159 3433.1111111111104 27
290 0.1 8167.0 0.0 8167 159 3596.428571428571 28
300 0.1 7785.0 0.0 8167 159 3754.03448275862 29
310 0.1 8021.0 0.0 8167 159 3888.3999999999996 30
320 0.1 6670.0 0.0 8167 159 4021.709677419354 31
330 0.1 6299.0 0.0 8167 159 4104.46875 32
340 0.1 4825.0 0.0 8167 159 4170.969696969697 33
350 0.1 4820.0 0.0 8167 159 4190.205882352941 34
360 0.1 4819.0 0.0 8167 159 4208.2 35
370 0.1 3612.0 0.0 8167 159 4225.166666666667 36
380 0.1 3377.0 0.0 8167 159 4208.594594594595 37
390 0.1 3264.0 0.0 8167 159 4186.71052631579 38
400 0.1 3249.0 0.0 8167 159 4163.051282051283 39
410 0.1 3278.0 0.0 8167 159 4140.200000000001 40
420 0.1 3335.0 0.0 8167 159 4119.170731707318 41
430 0.1 1014.0 0.0 8167 159 4100.500000000001 42
440 0.1 344.0 0.0 8167 159 4028.7209302325587 43
450 0.1 140.0 0.0 8167 140 3944.9772727272734 44
460 0.1 142.0 0.0 8167 140 3860.422222222223 45
470 0.1 155.0 0.0 8167 140 3779.58695652174 46
480 0.1 0.0 0.0 8167 0 3702.4680851063836 47
490 0.1 87.0 0.0 8167 0 3625.333333333334 48
