20 0.1 27369.27099609375 0 27369.27099609375 27369.27099609375 0 0
30 0.4 28845.49969482422 2692.6482408162296 33221.321044921875 26143.017822265625 27369.27099609375 1
40 0.6 34370.15047200521 5239.352095664253 40610.033203125 24878.842041015625 28550.253955078126 5
50 0.7 31372.98273577009 9836.926535855546 46217.35595703125 18077.916015625 31724.74296431108 11
60 0.5 36625.41684570313 8120.387504696488 49291.696044921875 18077.916015625 31587.947319878473 18
70 0.7 40745.80601283482 12545.793429654226 55775.037109375 13317.2109375 32683.04939070992 23
80 0.9 37367.855984157984 14749.992211852843 63906.806884765625 13317.2109375 34564.35926920573 30
90 1.8 38022.219563802086 17168.429562741505 72354.755859375 12298.31103515625 35211.32004957933 39
100 1.3 42291.400522085336 12401.975849704764 72354.755859375 12298.31103515625 36098.97252775494 57
110 1 49298.3591796875 17719.871566329446 72354.755859375 12298.31103515625 37248.99486955915 70
120 1 41470.19392089844 13216.37780484696 72847.02880859375 12298.31103515625 38755.16540832519 80
130 1.1 50961.21644176136 20791.212745461227 82828.90600585938 12298.31103515625 39056.83524305555 90
140 1.7 55963.875876034006 14394.4586562771 82828.90600585938 12298.31103515625 40353.35200727104 101
150 4.1 49426.96612995427 18948.757406199806 85259.35302734375 12298.31103515625 42602.32578497418 118
160 5.5 54404.13525390625 16497.972026789208 96579.89697265625 12298.31103515625 44362.138704119985 159
170 6.5 47662.947795222346 19476.735140866236 107057.67114257813 6969.93408203125 46943.0256678501 214
180 10.7 47975.426999671436 17952.48070189688 107389.35888671875 6969.93408203125 47110.749460965504 279
190 10.5 45783.97906668527 17932.7969947141 107389.35888671875 6969.93408203125 47350.43986677259 386
200 10.6 43800.83100401679 17146.447280316268 107389.35888671875 6969.93408203125 47015.453341295666 491
210 12.1 46414.028895354466 18388.00993420212 107389.35888671875 6969.93408203125 46444.682876050174 597
220 15.5 51015.7785361013 17935.142198856658 108500.31005859375 6969.93408203125 46439.51695451232 718
230 16.5 52197.530436197914 15995.444216615142 112659.72216796875 6969.93408203125 47252.02617002926 873
240 15 57248.33422688802 19220.500875598762 122082.05004882813 6969.93408203125 48038.16124124105 1038
250 17.6 58399.46946993741 15141.353071835954 122082.05004882813 6969.93408203125 49201.06187074193 1188
260 16.2 60315.70871009356 17098.82092917548 122082.05004882813 6969.93408203125 50387.95317386392 1364
270 20.3 66903.3184700199 21176.545810696894 178708.4619140625 6969.93408203125 51441.88266067205 1526
280 21.5 69613.1434434047 21716.681411533853 203155.01123046875 6969.93408203125 53257.19293788292 1729
290 18.3 75990.78211850024 20159.86731941628 203155.01123046875 6969.93408203125 55066.107217043 1944
300 21.4 84659.71292256867 19009.32955076209 203155.01123046875 6969.93408203125 56866.39659502451 2127
310 21.7 93929.69991179435 17509.747629440393 203155.01123046875 6969.93408203125 59407.09274799095 2341
320 16.5 101749.26635298293 13919.558506265372 203155.01123046875 6969.93408203125 62335.711103950816 2558
330 17.6 109113.63379044966 14242.069225978352 203155.01123046875 6969.93408203125 64723.97280651795 2723
340 15 121818.25064127604 18968.691865660152 219416.56787109375 6969.93408203125 67418.89530847449 2899
350 11 130352.59419389204 17765.29125754649 223299.6181640625 6969.93408203125 70095.1509004457 3049
360 8.9 143411.25159102876 18085.736957961835 223299.6181640625 6969.93408203125 72193.3841268715 3159
370 6.4 150221.4676437378 15624.17677650072 223299.6181640625 6969.93408203125 74144.85894346941 3248
380 6.4 166345.5001487732 17660.42833648865 262372.9938964844 6969.93408203125 75614.93833864368 3312
390 5.5 174278.93534268462 11663.28017340719 262372.9938964844 6969.93408203125 77334.94898907267 3376
400 6.1 183560.52795210044 9468.270253482106 262372.9938964844 6969.93408203125 78888.9913235083 3431
410 9.8 192599.1654825016 10844.975395372916 262372.9938964844 6969.93408203125 80717.44600115552 3492
420 6 202413.56898193358 10777.268043607906 262372.9938964844 6969.93408203125 83771.5987892257 3590
430 2.6 208406.2081674429 9394.721354090612 262372.9938964844 6969.93408203125 85721.87775129761 3650
440 0.8 217578.9327697754 7394.398024819415 262372.9938964844 6969.93408203125 86589.6124060364 3676
450 0.3 223186.70971679688 4659.6967720895655 262372.9938964844 6969.93408203125 86874.06261312378 3684
460 0.3 236984.04427083334 8298.402913374404 262372.9938964844 6969.93408203125 86984.97607699982 3687
470 0.2 248680.73754882813 9892.486328125 262372.9938964844 6969.93408203125 87106.92653894603 3690
480 0.1 261577.86791992188 0.0 262372.9938964844 6969.93408203125 87194.45298044651 3692
490 0 0 0 262372.9938964844 6969.93408203125 87241.67296824491 3693
493 0.1 267417.9191894531 0.0 267417.9191894531 6969.93408203125 87241.67296824491 3693
