0 42.09453125 42.09453125
10 31.51484375 73.609375
20 132.196875 205.80625
30 206.72265625 412.52890625
40 305.0625 717.59140625
50 397.590625 1115.18203125
60 326.4625 1441.64453125
70 309.05078125 1750.6953125
80 453.034375 2203.7296875
90 583.15546875 2786.88515625
100 550.29140625 3337.1765625
110 548.7703125 3885.946875
120 585.1640625 4471.1109375
130 605.4703125 5076.58125
140 728.89609375 5805.47734375
150 894.19921875 6699.6765625
160 1028.5953125 7728.271875
170 1163.8109375 8892.0828125
180 1369.21484375 10261.29765625
190 1279.06171875 11540.359375
200 1256.81875 12797.178125
210 1273.51328125 14070.69140625
220 1438.33671875 15509.028125
230 1416.32265625 16925.35078125
240 1392.51875 18317.86953125
250 1372.6828125 19690.55234375
260 1477.78046875 21168.3328125
270 1511.6984375 22680.03125
280 1576.775 24256.80625
290 1500.98515625 25757.79140625
300 1546.984375 27304.77578125
310 1404.75 28709.52578125
320 1223.21171875 29932.7375
330 1111.98671875 31044.72421875
340 1055.2953125 32100.01953125
350 959.1203125 33059.13984375
360 925.640625 33984.78046875
370 741.91640625 34726.696875
380 724.5921875 35451.2890625
390 727.78515625 36179.07421875
400 726.6296875 36905.70390625
410 818.10703125 37723.8109375
420 708.67890625 38432.48984375
430 130.52734375 38563.0171875
440 52.43984375 38615.45703125
450 45.05234375 38660.509375
460 31.51328125 38692.02265625
470 57.39140625 38749.4140625
480 1.48828125 38750.90234375
490 14.14296875 38765.0453125
493 1.2640625 38766.309375
