0 0.3 268.9446614583333 94.28849834103701 393.16796875 164.85791015625 0 0
10 0 0 0 393.16796875 164.85791015625 268.9446614583333 3
20 0.5 375.6435546875 426.7363493335353 1214.26318359375 106.76806640625 268.9446614583333 3
30 0.6 164.593994140625 70.92934434602347 1214.26318359375 98.696044921875 335.6314697265625 8
40 0.7 130.25861467633928 34.46113647688988 1214.26318359375 98.696044921875 262.32969447544644 14
50 1 277.6618896484375 134.51649308202926 1214.26318359375 98.696044921875 218.30600120907738 21
60 0.9 387.66948784722223 643.7716369446615 2195.2890625 98.696044921875 237.45306199596774 31
70 0.8 304.4997863769531 208.70135262582878 2195.2890625 98.696044921875 271.2517578125 40
80 1.2 277.55963134765625 120.0436452802501 2195.2890625 98.696044921875 276.7930959065755 48
90 1.1 606.5652299360795 332.5499751016819 2195.2890625 98.696044921875 276.94640299479164 60
100 1.5 926.1942708333333 310.95516142124853 2195.2890625 98.696044921875 328.0141085772447 71
110 2.3 1769.2882876188858 359.301034413889 2561.049072265625 98.696044921875 432.34785780795784 86
120 2 2079.1896240234373 780.3070680620036 3237.489013671875 2.4111328125 714.454554006594 109
130 3.8 2739.7314067639804 2113.705014531824 4987.947998046875 0.725830078125 926.041386567345 129
140 5.3 2365.1551444575475 2416.725494551525 5535.43505859375 0.682861328125 1338.7373193066992 167
150 3.4 1820.6054328469672 1948.7408295650027 5535.43505859375 0.682861328125 1586.0107044566764 220
160 9.4 1164.6107229679192 1794.2852661413547 5535.43505859375 0.64501953125 1617.4131484144318 254
170 9.2 1157.778195588485 1610.7043251951031 5535.43505859375 0.64501953125 1495.104447288075 348
180 8.5 624.6187040441173 1131.3553085476055 5535.43505859375 0.64208984375 1424.572594659979 440
190 12.9 923.7637456849565 1510.7941483686975 5535.43505859375 0.623046875 1295.05625046503 525
200 7.6 1437.8177618729437 2109.389196610973 7186.72998046875 0.623046875 1221.8196554854742 654
210 6.3 1411.6026320684523 2364.560963398244 12493.013916015625 0.623046875 1244.3071295751286 730
220 8.2 1922.366731969322 3831.262115760484 19635.291015625 0.623046875 1257.597945031723 793
230 9.4 960.2135191572472 1722.5502141154345 19635.291015625 0.613037109375 1319.8962770647322 875
240 9.4 1274.0371119722406 2917.6777007410374 19635.291015625 0.612060546875 1285.0044512202496 969
250 8 2006.8397857666016 5165.872615605594 36560.43115234375 0.612060546875 1284.0346206564557 1063
260 9.3 3423.1612666960687 7261.44135249927 36560.43115234375 0.612060546875 1334.6246584594405 1143
270 9.3 2927.0732211861546 7709.457565123584 36560.43115234375 0.612060546875 1491.7718304384102 1236
280 9.1 4087.6362680288466 12637.680737593588 66346.7529296875 0.612060546875 1592.2105282108257 1329
290 8.4 5290.546729678199 15911.363590329196 67134.00610351563 0.612060546875 1752.1286566076144 1420
300 9.3 3322.980179981518 11668.01243257485 67134.00610351563 0.612060546875 1949.7530702631525 1504
310 1.4 2035.496895926339 1359.5336822539534 67134.00610351563 0.612060546875 2029.7218374540153 1597
320 0.2 802.2579345703125 801.3709716796875 67134.00610351563 0.612060546875 2029.772024181894 1611
330 4.1 10159.466195455412 33336.49725744616 129825.43798828125 0.612060546875 2028.2499980323446 1613
340 5.1 5945.80744006587 24538.819847183404 129825.43798828125 0.612060546875 2229.8097707616953 1654
350 4.6 6702.066507090692 25725.07739518376 129825.43798828125 0.612060546875 2340.962780224753 1705
360 3.8 7652.548596833882 28221.440966139737 129825.43798828125 0.612060546875 2455.5320386118647 1751
370 0.1 2542.262939453125 0.0 129825.43798828125 0.612060546875 2565.9214344824272 1789
380 0 0 0 129825.43798828125 0.612060546875 2565.908217446098 1790
390 0.1 2137.193115234375 0.0 129825.43798828125 0.612060546875 2565.908217446098 1790
400 0 0 0 129825.43798828125 0.612060546875 2565.668845529732 1791
410 0.1 1987.0009765625 0.0 129825.43798828125 0.612060546875 2565.668845529732 1791
420 0 0 0 129825.43798828125 0.612060546875 2565.3459281921387 1792
430 0 0 0 129825.43798828125 0.612060546875 2565.3459281921387 1792
440 0 0 0 129825.43798828125 0.612060546875 2565.3459281921387 1792
450 0 0 0 129825.43798828125 0.612060546875 2565.3459281921387 1792
460 0 0 0 129825.43798828125 0.612060546875 2565.3459281921387 1792
470 0 0 0 129825.43798828125 0.612060546875 2565.3459281921387 1792
480 0 0 0 129825.43798828125 0.612060546875 2565.3459281921387 1792
490 0 0 0 129825.43798828125 0.612060546875 2565.3459281921387 1792
493 0 0 0 129825.43798828125 0.612060546875 2565.3459281921387 1792
