10 0.1 11.824951171875 0 11.824951171875 11.824951171875 0 0
20 0.2 8.8150634765625 0.6600341796875 11.824951171875 8.155029296875 11.824951171875 1
30 0.2 9.8785400390625 0.0384521484375 11.824951171875 8.155029296875 9.818359375 3
40 0.3 77.771240234375 88.25264831181359 202.31884765625 8.155029296875 9.842431640625 5
50 0.1 39.118896484375 0.0 202.31884765625 8.155029296875 35.31573486328125 8
60 0.1 52.545166015625 0.0 202.31884765625 8.155029296875 35.738308376736114 9
70 0.4 42.71142578125 21.739065581478947 202.31884765625 8.155029296875 37.418994140625 10
80 0.8 64.2459716796875 90.6425139239075 298.147216796875 7.906982421875 38.931117466517854 14
90 0.4 275.0582275390625 282.97121863984 729.27978515625 7.906982421875 48.13651899857955 22
100 0.5 567.58486328125 355.72072483331925 1112.256103515625 7.906982421875 83.04755108173077 26
110 0.7 1208.196986607143 319.15383238776394 1739.2021484375 7.906982421875 161.19873046875 31
120 0.6 1729.3583577473958 240.6337661886681 2063.6201171875 7.906982421875 354.0668302837171 38
130 1 1484.33017578125 1838.865439178074 4426.60791015625 0.878173828125 541.6065840287642 44
140 2.2 1143.1172984730113 1865.7808632731917 4573.796142578125 0.693115234375 716.1850269458912 54
150 2.1 1174.461902436756 1505.024576799135 4573.796142578125 0.693115234375 839.7706844932154 76
160 2.9 441.14033876616384 1082.2562446125773 4573.796142578125 0.648193359375 912.2296079655283 97
170 3.8 774.5388247841283 1205.2384287692043 4573.796142578125 0.64599609375 803.8042999751984 126
180 4.4 570.708368474787 825.9075807759981 4573.796142578125 0.64599609375 797.0232752358041 164
190 4.5 543.2107421875 1083.0091917287862 4573.796142578125 0.64599609375 749.1489680363582 208
200 7.4 684.2956213048986 1088.9965774018576 4573.796142578125 0.64599609375 712.5196393280632 253
210 5.8 531.6091771619074 1223.4714619842619 8057.02392578125 0.64599609375 706.1325526806193 327
220 5.2 466.82127967247595 794.5294677405597 8057.02392578125 0.64501953125 679.8407194855926 385
230 5.3 575.9169691553653 822.8009002687271 8057.02392578125 0.64501953125 654.4928685238486 437
240 5.5 456.31160777698864 819.9099954555594 8057.02392578125 0.64501953125 645.9938426737883 490
250 6.9 452.6011237545291 769.4923934429096 8057.02392578125 0.64501953125 626.8515987851204 545
260 5.8 433.13474036907326 790.8453657353854 8057.02392578125 0.635009765625 607.2697050113242 614
270 5.8 496.4077148437499 791.2891256423676 8057.02392578125 0.635009765625 592.2401991344632 672
280 5.5 503.4892622514206 758.826043180151 8057.02392578125 0.635009765625 584.6261113415025 730
290 5.7 609.556884765625 887.7073060240436 8057.02392578125 0.635009765625 578.9413639530254 785
300 5.1 422.7135560278799 794.0030577548605 8057.02392578125 0.635009765625 581.01391108642 842
310 5.3 538.005044037441 850.2498793903159 8057.02392578125 0.635009765625 571.97324131264 893
320 4.1 628.336300733613 560.8813560612022 8057.02392578125 0.635009765625 570.0701604927821 946
330 1.9 640.2768040707236 696.7339556041131 8057.02392578125 0.635009765625 572.4905371390578 987
340 1.8 668.9591471354166 835.357550666916 8057.02392578125 0.635009765625 573.7707946656002 1006
350 2.6 643.1877817007212 881.7481960262745 8057.02392578125 0.635009765625 575.4440274238586 1024
360 2.3 519.8286238960598 855.099308970184 8057.02392578125 0.635009765625 577.1214918154762 1050
370 2.5 1114.4534375 799.9921947098617 8057.02392578125 0.635009765625 575.8934061098411 1073
380 1.8 1427.2271185980903 523.9571525126488 8057.02392578125 0.635009765625 588.1557019065204 1098
390 1.2 1464.749003092448 245.84880950485385 8057.02392578125 0.635009765625 601.6891118531587 1116
400 0.7 1349.209437779018 196.59649733047917 8057.02392578125 0.635009765625 610.870600057832 1128
410 0.1 957.224853515625 0.0 8057.02392578125 0.635009765625 615.4242316561124 1135
420 0 0 0 8057.02392578125 0.635009765625 615.7251124852141 1136
430 0 0 0 8057.02392578125 0.635009765625 615.7251124852141 1136
440 0.2 10.791015625 1.593994140625 8057.02392578125 0.635009765625 615.7251124852141 1136
450 0 0 0 8057.02392578125 0.635009765625 614.661959415161 1138
460 0 0 0 8057.02392578125 0.635009765625 614.661959415161 1138
470 0 0 0 8057.02392578125 0.635009765625 614.661959415161 1138
480 0 0 0 8057.02392578125 0.635009765625 614.661959415161 1138
490 0 0 0 8057.02392578125 0.635009765625 614.661959415161 1138
493 0 0 0 8057.02392578125 0.635009765625 614.661959415161 1138
