30 0.8 16.488616943359375 4.45787878434724 21.261962890625 8.98681640625 0 0
40 1.6 25.797149658203125 13.87761541255271 61.234130859375 8.98681640625 16.488616943359375 8
50 2.4 48.541056315104164 32.66570468807189 160.703857421875 8.98681640625 22.694305419921875 24
60 1.6 30.9964599609375 20.52281344717067 160.703857421875 8.6162109375 35.61768086751302 48
70 0.8 97.28549194335938 54.12496638777923 169.718017578125 8.6162109375 34.46237564086914 64
80 1.1 63.32535067471591 41.424663429343425 169.718017578125 8.6162109375 41.442721896701386 72
90 2.1 136.29407319568452 120.06517683925343 460.01708984375 8.6162109375 44.34282932511295 83
100 0.6 301.5466715494792 92.972103566655 460.01708984375 8.6162109375 62.90990741436298 104
110 0.7 1197.02587890625 348.8474757717003 1651.93798828125 8.6162109375 75.92645818536931 110
120 0.6 1720.6830647786458 228.82345960587776 2098.493896484375 8.6162109375 143.0007825020032 117
130 2.2 709.6492587002841 1511.9234207216764 4272.4599609375 0.123046875 219.96089383257114 123
140 1.9 885.2252004523026 1722.6680991425765 4656.295166015625 0.123046875 294.25843884698276 145
150 8.7 505.04029162176727 1153.0602811007261 4656.295166015625 0.116943359375 362.7241002524771 164
160 12.3 378.67652955094 1064.193746484666 4656.295166015625 0.116943359375 412.0528199701195 251
170 14.7 245.08185188137756 767.6027023427301 4656.295166015625 0.116943359375 401.0761255274482 374
180 22 206.82566250887788 584.2318887274201 4656.295166015625 0.116943359375 357.0623861301883 521
190 15.7 280.610197613953 819.4062144533984 4656.295166015625 0.11181640625 312.4576908580044 741
200 12.4 388.4254051946826 883.4663434709507 4656.295166015625 0.11181640625 306.8896992774742 898
210 12.7 721.4133781373032 1572.0086129253693 7114.7060546875 0.11181640625 316.7824855140044 1022
220 22.5 687.4894042968748 1431.9970125651244 7543.614013671875 0.11181640625 361.5067007996084 1149
230 17.5 1174.1572739955357 2197.8063976612 11637.18603515625 0.11181640625 414.8881478788551 1374
240 16.8 1182.6384204682843 3172.69517534816 21560.40087890625 0.11181640625 500.66742294045554 1549
250 19.5 1217.199754607371 3283.6635687505245 36540.363037109375 0.080078125 567.3949288138832 1717
260 29.7 2580.9873737373755 6832.77700001489 66331.7001953125 0.055908203125 633.6668644988885 1912
270 33.9 1757.824511142607 5511.393365364416 66331.7001953125 0.055908203125 895.4840628890336 2209
280 35.6 1841.5842497750607 6055.516791347042 66331.7001953125 0.055908203125 1010.2146013340733 2548
290 31.9 2117.2505219558216 5488.706308462684 66719.8740234375 0.055908203125 1112.1318171897867 2904
300 33.8 2425.256044286243 9412.123651139205 66778.0498046875 0.055908203125 1211.6145558867663 3223
310 39.6 687.5897025676687 4494.9393505006565 66778.0498046875 0.05322265625 1326.8099569199096 3561
320 33.4 271.85641461218194 481.90428819113754 66778.0498046875 0.05322265625 1262.8394689938323 3957
330 24.3 988.7699150430811 8263.988842124338 129067.31884765625 0.05322265625 1185.703990046391 4291
340 21.9 2211.878174942922 14759.023505896408 129067.31884765625 0.05322265625 1175.1492965691516 4534
350 15.9 620.1124705188678 869.8801752190665 129067.31884765625 0.05322265625 1222.9177847584754 4753
360 18.1 1188.3874970325442 9436.357839299537 129067.31884765625 0.05322265625 1203.4051534547095 4912
370 7.6 1041.7340409128292 782.0053367336424 129067.31884765625 0.05322265625 1202.8714413376053 5093
380 7.8 1307.9838522886623 661.738255151958 129067.31884765625 0.05322265625 1200.5022321226154 5169
390 9.1 1510.5574535327958 284.8862909361767 129067.31884765625 0.05322265625 1202.1000149266847 5247
400 11.4 1263.9382666872264 204.23041943343844 129067.31884765625 0.05322265625 1207.3584688257397 5338
410 18.1 731.2293883265711 342.1309166369121 129067.31884765625 0.05322265625 1208.5415387003195 5452
420 15.8 141.1691044674643 125.08361174267594 129067.31884765625 0.05322265625 1193.2045070621784 5633
430 3.2 7.387886047363281 6.828647807305571 129067.31884765625 0.05322265625 1164.5010717988448 5791
440 0.8 4.889434814453125 4.043964126048466 129067.31884765625 0.05322265625 1158.142215205328 5823
450 0 0 0 129067.31884765625 0.05322265625 1156.5599784975375 5831
460 1.6 8.915069580078125 3.9369451408855225 129067.31884765625 0.05322265625 1156.5599784975375 5831
470 0.8 16.876251220703125 3.5430177759597448 129067.31884765625 0.05322265625 1153.4195101303953 5847
480 0 0 0 129067.31884765625 0.05322265625 1151.866590220698 5855
490 0.8 7.25579833984375 5.157404033162255 129067.31884765625 0.05322265625 1151.866590220698 5855
493 0 0 0 129067.31884765625 0.05322265625 1150.3047811920358 5863
