30 0.8 10.94451904296875 6.117660710908941 24.094970703125 4.828125 0 0
40 1.6 12.076675415039063 4.806583600648622 24.094970703125 4.828125 10.94451904296875 8
50 2.4 22.056467692057293 21.801975367968666 81.736083984375 4.743896484375 11.699289957682291 24
60 1.6 19.905410766601563 21.569856683931167 82.843994140625 4.536865234375 16.877878824869793 48
70 0.8 95.645751953125 86.51676587227014 266.988037109375 4.536865234375 17.634761810302734 64
80 1.1 53.68408203125 39.778422992303284 266.988037109375 4.536865234375 26.302649603949654 72
90 2.1 110.22795758928571 149.07384307211203 663.32177734375 4.536865234375 29.93151414250753 83
100 0.8 436.67071533203125 227.01068834101153 882.196044921875 4.536865234375 46.14521906926082 104
110 0.6 1113.8188069661458 253.43794543224473 1564.43310546875 4.536865234375 74.03989737374442 112
120 0.6 1702.0152994791667 450.9188348868792 2625.115966796875 4.536865234375 126.91001142081568 118
130 2.2 626.6792990944602 1342.6372312420522 4135.984130859375 0.65283203125 203.12478342363912 124
140 2 1286.185009765625 1967.4755122485792 4582.06103515625 0.65283203125 266.9480666069135 146
150 8.9 703.8476151027038 1313.6282642096492 4582.06103515625 0.65283203125 389.7476983127824 166
160 12.3 463.79269880589436 1125.3378205961694 4582.06103515625 0.65283203125 499.37472809436287 255
170 14.6 301.56954328981175 832.475747335712 4582.06103515625 0.634765625 487.7964487227183 378
180 22.2 268.04247606981977 669.5955182984078 4582.06103515625 0.634765625 435.9087994990459 524
190 15.8 477.57420484325564 1052.3591321296856 4582.06103515625 0.628173828125 385.95394185656846 746
200 12.6 416.8066929408482 1168.0982070407604 7224.635009765625 0.628173828125 401.9672179095514 904
210 13.6 494.1137497845818 1024.8835355739313 7224.635009765625 0.628173828125 403.78253233085564 1030
220 23.9 366.5782189788179 906.7333879683857 7224.635009765625 0.628173828125 414.31859199955784 1166
230 18.8 392.16979720744683 931.258258728714 7224.635009765625 0.628173828125 406.1976317490547 1405
240 18.3 274.2069405310791 681.660862106449 7224.635009765625 0.628173828125 404.54211831916 1593
250 19.7 438.12853941941626 1034.690390762766 7224.635009765625 0.628173828125 391.1123111484287 1776
260 31.2 268.6144596980168 713.0295694484927 7224.635009765625 0.628173828125 395.80678503052934 1973
270 32.5 375.015407902644 841.4494100309702 7224.635009765625 0.628173828125 378.4396053790003 2285
280 35.3 328.2227371691306 763.5630557263348 7224.635009765625 0.628173828125 378.01322063577584 2610
290 30.7 329.6523286403196 760.7265092704104 7224.635009765625 0.628173828125 372.08138105976303 2963
300 33.3 170.61396381733297 527.8181487655816 7224.635009765625 0.628173828125 368.0979807255829 3270
310 36.9 489.12724093305394 3328.8014473545754 63152.208984375 0.628173828125 349.8459192128304 3603
320 33.6 317.31825183686755 522.2593082493455 63152.208984375 0.628173828125 362.78519607958833 3972
330 24.2 485.62274018595036 738.1605184821027 63152.208984375 0.628173828125 359.2390277263956 4308
340 21.6 548.2412651909725 819.2967519186117 63152.208984375 0.628173828125 365.9609746308379 4550
350 15.2 603.5658681769123 866.0897982712976 63152.208984375 0.628173828125 374.22210403935424 4766
360 18.2 539.1837842333445 866.1605588764128 63152.208984375 0.628173828125 381.31040256495584 4918
370 7.8 1071.7101299579335 740.3625701588511 63152.208984375 0.628173828125 386.944315400965 5100
380 7.9 1308.9213249109969 626.2405506478644 63152.208984375 0.628173828125 397.25944354608737 5178
390 9.2 1450.551975416101 271.3091429345371 63152.208984375 0.628173828125 410.95951747186785 5257
400 12.2 1280.7372066310195 198.5556797014466 63152.208984375 0.628173828125 428.839963561019 5349
410 17 711.7845545151656 333.7566030968532 63152.208984375 0.628173828125 447.83675823375523 5471
420 15 127.17318359375005 116.40673528717846 63152.208984375 0.628173828125 455.79122116015833 5641
430 3.2 11.397651672363283 9.354546075117614 63152.208984375 0.628173828125 447.2792706101736 5791
440 0.8 8.86376953125 3.264125799256477 63152.208984375 0.628173828125 444.883905367857 5823
450 0 0 0 63152.208984375 0.628173828125 444.28569561195013 5831
460 1.6 6.3304443359375 3.5003610631211464 63152.208984375 0.628173828125 444.28569561195013 5831
470 0.8 8.152740478515625 3.2286761612334907 63152.208984375 0.628173828125 443.0872546985901 5847
480 0 0 0 63152.208984375 0.628173828125 442.4929803836865 5855
490 0.8 7.63616943359375 3.1629237674881465 63152.208984375 0.628173828125 442.4929803836865 5855
493 0 0 0 63152.208984375 0.628173828125 441.8996229749195 5863
