30 0.1 13.22900390625 0 13.22900390625 13.22900390625 0 0
40 0.2 92.470458984375 67.98046875 160.450927734375 13.22900390625 13.22900390625 1
50 0.3 23.57568359375 7.056770484701509 160.450927734375 13.22900390625 66.056640625 3
60 0.2 18.323974609375 5.85302734375 160.450927734375 12.470947265625 44.816162109375 6
70 0.1 21.385009765625 0.0 160.450927734375 12.470947265625 38.193115234375 8
80 0.2 75.8095703125 56.1826171875 160.450927734375 12.470947265625 36.32554796006944 9
90 0.2 164.3480224609375 20.5150146484375 184.863037109375 12.470947265625 43.50446111505682 11
100 0.3 589.8841145833334 489.05529644668337 1275.06396484375 12.470947265625 62.09577824519231 13
110 0.1 1413.35009765625 0.0 1413.35009765625 12.470947265625 161.05609130859375 16
120 0.1 1384.653076171875 0.0 1413.35009765625 12.470947265625 234.72044462316177 17
130 0.7 2904.3157087053573 1847.1954668804 4465.48388671875 1.1162109375 298.6055908203125 18
140 0.7 2401.9951171875 2087.7215953021973 4493.971923828125 0.941162109375 1028.204423828125 25
150 1.1 1104.2978959517045 1466.711158129461 4493.971923828125 0.941162109375 1328.7211380004883 32
160 1.6 1030.9047546386719 1553.2161040655596 4493.971923828125 0.89892578125 1271.310541197311 43
170 1.6 1143.4236450195313 1289.0534706111555 4493.971923828125 0.89892578125 1206.115751622087 59
180 3.2 492.65573883056635 843.1791863177261 4493.971923828125 0.89892578125 1192.741435546875 75
190 2.1 136.27329799107142 575.623257696982 4493.971923828125 0.89013671875 983.3700122298482 107
200 3.6 671.0545450846354 950.3413398412368 4493.971923828125 0.89013671875 844.3932075500488 128
210 3.8 737.9344867907072 1392.158503707978 7541.242919921875 0.89013671875 806.343257252763 164
220 4.2 280.6744094122024 679.4543726097053 7541.242919921875 0.851806640625 793.4742806311881 202
230 3.1 698.4227806829637 1064.2270096635166 7541.242919921875 0.851806640625 705.2054503393955 244
240 4 943.4568176269531 3092.630281117911 19617.193115234375 0.851806640625 704.4408584872159 275
250 4 670.7082702636719 858.6482869537201 19617.193115234375 0.851806640625 734.7920913938492 315
260 2.9 1561.510531721444 6365.226817607742 35050.2509765625 0.851806640625 727.5713791538292 355
270 4.6 1577.8357729704487 5703.536308045175 35050.2509765625 0.849853515625 790.5511589050293 384
280 3.1 668.7853216355846 1215.5216116887789 35050.2509765625 0.849853515625 874.772303665516 430
290 3 2598.132747395833 8502.236702361977 35050.2509765625 0.849853515625 860.9206844834599 461
300 3.9 1262.3184908353367 2982.2049875386397 35050.2509765625 0.849853515625 967.0639877163951 491
310 3 572.6725830078125 827.0385274160885 35050.2509765625 0.826171875 988.790262474204 530
320 4.3 593.9923635083576 586.9346805561981 35050.2509765625 0.826171875 966.4982439313616 560
330 2.3 699.5208050271739 757.5605424140382 35050.2509765625 0.826171875 939.9348063555918 603
340 2.3 6471.030846637228 25764.25448600045 127246.98706054688 0.826171875 931.1017040703624 626
350 1.6 939.1434173583984 928.1960498229321 127246.98706054688 0.826171875 1127.4320126667228 649
360 1.5 710.6304524739584 857.191668792828 127246.98706054688 0.826171875 1122.90176074953 665
370 1.8 1331.6629909939236 523.5359230861912 127246.98706054688 0.826171875 1113.8075407140395 680
380 1.9 1467.2519916735198 393.0968110296735 127246.98706054688 0.826171875 1119.4255895751253 698
390 1 1393.1412109375 525.4605785730124 127246.98706054688 0.826171875 1128.642746673967 717
400 0.5 1316.13798828125 244.28276288313987 127246.98706054688 0.826171875 1132.2809648894213 727
410 1.2 852.1833089192709 277.64508954600115 127246.98706054688 0.826171875 1133.5368188743382 732
420 1.1 120.77345969460227 124.52165131344262 127246.98706054688 0.826171875 1128.9988590363532 744
430 0.4 10.70977783203125 7.024491695376522 127246.98706054688 0.826171875 1114.309482357202 755
440 0.1 5.053955078125 0.0 127246.98706054688 0.826171875 1108.4934101330903 759
450 0 0 0 127246.98706054688 0.826171875 1107.0415161132812 760
460 0.2 7.3179931640625 1.1090087890625 127246.98706054688 0.826171875 1107.0415161132812 760
470 0.1 17.594970703125 0.0 127246.98706054688 0.826171875 1104.1551026672203 762
480 0.1 10.1201171875 0.0 127246.98706054688 0.826171875 1102.7310395846985 763
490 0 0 0 127246.98706054688 0.826171875 1101.300920576325 764
493 0 0 0 127246.98706054688 0.826171875 1101.300920576325 764
