10 0.2 2
20 1.3 15
30 1 25
40 1.1 36
50 1 46
60 1.1 57
70 1.7 74
80 2.1 95
90 1.5 110
100 3.1 141
110 3 171
120 3.9 210
130 5.6 266
140 7.7 343
150 9.1 434
160 9.5 529
170 13.7 666
180 17.2 838
190 20.5 1043
200 24.6 1289
210 26.7 1556
220 24.3 1799
230 21.4 2013
240 23.7 2250
250 21.2 2462
260 23.3 2695
270 24 2935
280 28.1 3216
290 24.7 3463
300 23.6 3699
310 11.8 3817
320 9.7 3914
330 3.1 3945
340 0.9 3954
350 0.4 3958
360 0.1 3959
370 0 3959
380 0 3959
390 0 3959
400 0 3959
410 0 3959
420 0 3959
429 0 3959
