0 0.6 19.413330078125 41.63640100217293 112.51513671875 0.762939453125 0 0
10 1 0.7971923828125 0.056305841702185444 112.51513671875 0.64990234375 19.413330078125 6
20 1.1 0.7406560724431818 0.0824031633331075 112.51513671875 0.613037109375 7.7782440185546875 16
30 1.5 0.746142578125 0.04705396608452739 112.51513671875 0.613037109375 4.911078559027778 27
40 1.6 0.7119293212890625 0.08300253767195538 112.51513671875 0.572998046875 3.4236014229910716 42
50 1.1 0.663330078125 0.06287134996302889 112.51513671875 0.572998046875 2.6755539466594827 58
60 2.3 0.7098017153532609 0.10615716885493869 112.51513671875 0.551025390625 2.3547646342844204 69
70 1.3 0.6797814002403846 0.043929924612657004 112.51513671875 0.551025390625 1.9435239045516304 92
80 2.4 0.6956583658854166 0.07990410098005385 112.51513671875 0.508056640625 1.787060546875 105
90 2.6 0.6818284254807693 0.08223197629772414 112.51513671875 0.508056640625 1.5840089783187985 129
100 3.6 0.7022162543402778 0.1762271604618728 112.51513671875 0.508056640625 1.4326754662298387 155
110 3.4 0.6598762063419118 0.08738080193014705 112.51513671875 0.508056640625 1.294997290166885 191
120 7.6 0.6989264237253288 0.3487304141902766 112.51513671875 0.504150390625 1.1990234375 225
130 9.3 0.6550923009072581 0.09700093509484398 112.51513671875 0.504150390625 1.072753095151578 301
140 7.3 0.6543336633133562 0.21571992966460385 112.51513671875 0.4970703125 0.9741681868654822 394
150 12.4 0.7455542779737905 0.7227806139108763 112.51513671875 0.4970703125 0.924172640357334 467
160 16.4 0.6558004239710366 0.30993258152251246 112.51513671875 0.4970703125 0.8866960296372673 591
170 17.3 0.6328322570447976 0.2872159530595653 112.51513671875 0.4970703125 0.8365412225786424 755
180 24.5 0.6362832828443875 0.13408654799021993 112.51513671875 0.4970703125 0.7985653055125269 928
190 33.4 0.6269882110778445 0.43761349273486433 112.51513671875 0.4912109375 0.7646700833866155 1173
200 28.1 0.6206923515346973 0.12237655890674262 112.51513671875 0.48388671875 0.7341553220388188 1507
210 36.4 102.31548938122424 396.29628383047697 3002.654052734375 0.47998046875 0.7163236135871085 1788
220 27.5 615.3235546874998 1385.8386610070143 7012.5849609375 0.47998046875 17.901312618893762 2152
230 22.8 733.4867725037692 2115.126390347704 15033.576904296875 0.47998046875 85.59439731970409 2427
240 24.6 7986.107951838796 8999.118436690722 31079.7119140625 0.47998046875 141.2326125897481 2655
250 24.5 21300.088205516586 11736.599222247189 31079.7119140625 0.47998046875 806.4650612127284 2901
260 30 25885.81245442708 11344.125752662874 31093.18603515625 0.47998046875 2402.440163041859 3146
270 20.3 32497.147284146016 24292.872102070934 63163.715087890625 0.47998046875 4446.842858171159 3446
280 35.9 54461.47387355283 21610.56858329067 63164.59716796875 0.47998046875 6007.328415439697 3649
290 18.6 43443.9187983031 29243.444530093304 63193.5751953125 0.47998046875 10347.407811513203 4008
300 8.2 50039.78106242854 25588.815190192014 63193.5751953125 0.47998046875 11815.207297336503 4194
310 0.3 0.7246907552083334 0.03330250745210314 63193.5751953125 0.47998046875 12548.232332120775 4276
320 0.2 0.640625 0.00341796875 63193.5751953125 0.47998046875 12539.4352947466 4279
330 0.7 0.6761300223214286 0.06654904915215126 63193.5751953125 0.47998046875 12533.577413564752 4281
340 0.1 0.617919921875 0.0 63193.5751953125 0.47998046875 12513.117919864939 4288
350 0.6 0.7839762369791666 0.15486371934326051 63193.5751953125 0.47998046875 12510.20057316409 4289
360 0.1 0.701171875 0.0 63193.5751953125 0.47998046875 12492.725253121816 4295
370 0.1 0.732177734375 0.0 63193.5751953125 0.47998046875 12489.817426287262 4296
380 0.3 0.7452799479166666 0.06058405346553927 63193.5751953125 0.47998046875 12486.910960090252 4297
390 0 0 0 63193.5751953125 0.47998046875 12478.199681708757 4300
400 0 0 0 63193.5751953125 0.47998046875 12478.199681708757 4300
410 0.1 0.77587890625 0.0 63193.5751953125 0.47998046875 12478.199681708757 4300
420 0 0 0 63193.5751953125 0.47998046875 12475.2986299062 4301
429 0 0 0 63193.5751953125 0.47998046875 12475.2986299062 4301
