0 0 0
10 0.1 1
20 0.3 4
30 0.6 10
40 0.4 14
50 0.8 22
60 1 32
70 1.3 45
80 1.3 58
90 1.4 72
100 1.8 90
110 2.1 111
120 2.9 140
130 2.7 167
140 3.7 204
150 6.3 267
160 6 327
170 7.5 402
180 11.8 520
190 10.2 622
200 17.2 794
210 19.2 986
220 20.1 1187
230 19.9 1386
240 22 1606
250 23.5 1841
260 22.3 2064
270 23.3 2297
280 25.5 2552
290 22.2 2774
300 24.4 3018
310 19.3 3211
320 16.6 3377
330 15.5 3532
340 11 3642
350 7.6 3718
360 5.2 3770
370 3.1 3801
380 1.6 3817
390 0.8 3825
400 0.3 3828
410 0.4 3832
420 0 3832
429 0.1 3833
