0 14.29765625 14.29765625
10 42.74609375 57.04375
20 101.87421875 158.91796875
30 151.690625 310.60859375
40 219.090625 529.69921875
50 249.628125 779.32734375
60 258.43984375 1037.7671875
70 307.04140625 1344.80859375
80 342.66640625 1687.475
90 388.8828125 2076.3578125
100 554.0328125 2630.390625
110 742.1640625 3372.5546875
120 858.5953125 4231.15
130 895.10234375 5126.25234375
140 1290.93984375 6417.1921875
150 1531.20546875 7948.39765625
160 1946.13203125 9894.5296875
170 2685.46796875 12579.99765625
180 3495.0515625 16075.04921875
190 3557.75 19632.79921875
200 4949.8375 24582.63671875
210 5406.88203125 29989.51875
220 5475.24609375 35464.76484375
230 5214.93125 40679.69609375
240 5478.35703125 46158.053125
250 5824.10390625 51982.15703125
260 5506.00078125 57488.1578125
270 5716.7046875 63204.8625
280 5834.35234375 69039.21484375
290 5523.421875 74562.63671875
300 6053.8515625 80616.48828125
310 4544.6203125 85161.10859375
320 3302.30078125 88463.409375
330 2393.384375 90856.79375
340 1480.646875 92337.440625
350 1001.89296875 93339.33359375
360 428.8234375 93768.15703125
370 207.04375 93975.20078125
380 280.07578125 94255.2765625
390 135.9265625 94391.203125
400 17.403125 94408.60625
410 62.64765625 94471.25390625
420 1.871875 94473.12578125
429 1.83515625 94474.9609375
