40 0.8 6.111053466796875 3.1101950815682966 14.263916015625 4.6259765625 0 0
50 0.8 4.9967041015625 0.4063965643080935 14.263916015625 4.541015625 6.111053466796875 8
60 0.8 4.82098388671875 0.2956741225559312 14.263916015625 4.541015625 5.5538787841796875 16
70 1.6 5.6629486083984375 2.1644981251698487 14.263916015625 4.530029296875 5.309580485026042 24
80 0.8 4.788482666015625 0.1805452497393466 14.263916015625 4.516845703125 5.450927734375 40
90 1.6 5.143280029296875 1.0205460057572115 14.263916015625 4.442138671875 5.3405202229817705 48
100 3.2 5.1148529052734375 0.531018985059902 14.263916015625 4.442138671875 5.291210174560547 64
110 4.8 5.254954020182293 0.8349773947573036 14.263916015625 4.442138671875 5.232424418131511 96
120 3.2 5.6815338134765625 1.4616934762620766 14.263916015625 4.442138671875 5.2399342854817705 144
130 2.4 6.261647542317708 5.812566669860748 33.98583984375 4.442138671875 5.320225108753551 176
140 4.8 5.740987141927083 1.2405953138225803 33.98583984375 4.442138671875 5.43319580078125 200
150 3.2 5.661170959472656 1.5346624768254757 33.98583984375 4.442138671875 5.492768318422379 248
160 5.6 5.980181012834821 1.3198401202681604 33.98583984375 4.442138671875 5.51201433454241 280
170 12.8 6.509088516235352 2.7415530510108965 33.98583984375 4.442138671875 5.5900421142578125 336
180 15.1 7.324095871274834 3.1440550943986065 33.98583984375 4.442138671875 5.843572156182651 464
190 8.1 8.071367428626546 4.397343302537129 33.98583984375 4.442138671875 6.2070828569613825 615
200 19.9 17.97879043655779 18.098282560842904 105.050048828125 4.442138671875 6.424047009698278 696
210 23.8 52.60750496487656 29.01234322478278 128.072021484375 4.442138671875 8.993202252094974 895
220 24.6 64.41255001905483 319.95601941890385 5050.194091796875 0.64599609375 18.154900438892874 1133
230 26 24.753166316105766 20.345774864132963 5050.194091796875 0.64599609375 26.40680892092321 1379
240 24.7 24.510934930098685 18.236902920294337 5050.194091796875 0.64599609375 26.144486116010135 1639
250 31.2 60.31438191731771 44.428102572225676 5050.194091796875 0.64599609375 25.93054807628578 1886
260 27.9 23.757178959453405 18.949538985937508 5050.194091796875 0.64599609375 30.811237866277576 2198
270 30.7 62.58883219666122 283.4242663861932 5050.194091796875 0.64599609375 30.016695098815344 2477
280 32.5 64.20557166466342 119.45419396205939 5050.194091796875 0.64599609375 33.608521998613725 2784
290 29.7 20.389572811447803 17.404943545987646 5050.194091796875 0.64599609375 36.80699132684343 3109
300 38.7 40.093146903262294 27.228895636754917 5050.194091796875 0.64599609375 35.37540785676929 3406
310 31.1 10.81787266378617 11.22430433457256 5050.194091796875 0.64599609375 35.856759032881286 3793
320 20.6 6.581684001441141 2.6278517429048724 5050.194091796875 0.64599609375 33.95931905705561 4104
330 13.8 5.9587880010190215 1.3363664097974788 5050.194091796875 0.64599609375 32.65078243954828 4310
340 8.8 5.7931879216974425 1.3421330880882723 5050.194091796875 0.64599609375 31.822658511374488 4448
350 6.4 5.5563316345214835 0.8002816994197558 5050.194091796875 0.64599609375 31.317677600463647 4536
360 1.6 5.7755584716796875 0.6819174661727316 5050.194091796875 0.64599609375 30.95925887398097 4600
370 0.8 5.078369140625 0.7520966430042881 5050.194091796875 0.64599609375 30.8719670181671 4616
380 3.2 5.25048828125 1.2756902100409653 5050.194091796875 0.64599609375 30.827341416302843 4624
390 1.6 5.166534423828125 0.49293705370579194 5050.194091796875 0.64599609375 30.651555484103167 4656
400 0 0 0 5050.194091796875 0.64599609375 30.564278014718663 4672
410 0.8 4.86468505859375 0.33096901451786775 5050.194091796875 0.64599609375 30.564278014718663 4672
420 0 0 0 5050.194091796875 0.64599609375 30.520347086588536 4680
429 0 0 0 5050.194091796875 0.64599609375 30.520347086588536 4680
