10 0.1 35.066162109375 0 35.066162109375 35.066162109375 0 0
20 0 0 0 35.066162109375 35.066162109375 35.066162109375 1
30 0.1 15.883056640625 0.0 35.066162109375 15.883056640625 35.066162109375 1
40 0.3 12.457356770833334 3.312430449021524 35.066162109375 9.260009765625 25.474609375 2
50 0 0 0 35.066162109375 9.260009765625 17.6642578125 5
60 0.1 10.43896484375 0.0 35.066162109375 9.260009765625 17.6642578125 5
70 0.4 10.71282958984375 0.7057161561651131 35.066162109375 9.260009765625 16.460042317708332 6
80 0.1 11.504150390625 0.0 35.066162109375 9.260009765625 14.1611572265625 10
90 0.4 10.41143798828125 1.184858035613059 35.066162109375 8.615966796875 13.919611150568182 11
100 0.6 11.162760416666666 2.3296534053571327 35.066162109375 8.31396484375 12.984098307291667 15
110 0.5 10.113037109375 2.231255820344231 35.066162109375 8.31396484375 12.463716052827381 21
120 0.5 9.76982421875 1.008617043318539 35.066162109375 8.31396484375 12.01166240985577 26
130 0.4 12.873779296875 4.277491607897456 35.066162109375 8.31396484375 11.65007560483871 31
140 1.1 11.044788707386363 2.198230617790266 35.066162109375 8.31396484375 11.789927455357143 35
150 1.4 11.018240792410714 1.857438626880287 35.066162109375 8.31396484375 11.611742102581522 46
160 1.2 11.540262858072916 5.111985108099549 35.066162109375 8.31396484375 11.473258463541667 60
170 2.6 11.381112905649038 2.4317226481925007 35.066162109375 8.26806640625 11.484425862630209 72
180 2 12.37646484375 4.311632118799393 35.066162109375 8.177978515625 11.457016302614797 98
190 2.1 12.80146716889881 6.435531163298924 40.43994140625 8.177978515625 11.612855038400424 118
200 3.4 35.08249798943016 21.92542321077686 103.81982421875 8.177978515625 11.79242953293615 139
210 3.9 60.09848883213141 32.04876080842732 121.802001953125 8.177978515625 16.369668420339597 173
220 4.3 52.86562613553778 35.64680515027223 151.119873046875 8.177978515625 24.414121231942808 212
230 3.3 37.33433209043561 24.9297680644177 151.119873046875 8.177978515625 29.211825980392156 255
240 4.1 33.5770293445122 18.043283801583378 151.119873046875 8.177978515625 30.1425298055013 288
250 3.1 56.15917181199597 52.11685393052204 170.924072265625 8.177978515625 30.570537346837007 329
260 4.2 120.63199869791667 612.7464850375609 4042.94091796875 0.68212890625 32.77400309244792 360
270 3.9 52.4976524939904 38.436332448428715 4042.94091796875 0.68212890625 41.953196663168534 402
280 3.5 78.23405412946428 52.54822483424313 4042.94091796875 0.68212890625 42.88569955977182 441
290 3.3 1974.7629246567233 10873.913253463388 63484.115966796875 0.68212890625 45.484843278131564 476
300 3.7 53.07964263091216 31.76637559029674 63484.115966796875 0.68212890625 170.56574049914047 509
310 2.5 19.1416015625 14.34525794802183 63484.115966796875 0.68212890625 162.60422837253893 546
320 0.7 10.720458984375 1.6681842377603704 63484.115966796875 0.68212890625 156.32302754898205 571
330 0.2 10.7144775390625 1.6676025390625 63484.115966796875 0.68212890625 154.55967464249028 578
340 0.4 9.19805908203125 0.6510865523441918 63484.115966796875 0.68212890625 154.06365672144398 580
350 0.1 10.72802734375 0.0 63484.115966796875 0.68212890625 153.07142660062607 584
360 0 0 0 63484.115966796875 0.68212890625 152.8281045506143 585
370 0 0 0 63484.115966796875 0.68212890625 152.8281045506143 585
380 0 0 0 63484.115966796875 0.68212890625 152.8281045506143 585
390 0 0 0 63484.115966796875 0.68212890625 152.8281045506143 585
400 0 0 0 63484.115966796875 0.68212890625 152.8281045506143 585
410 0 0 0 63484.115966796875 0.68212890625 152.8281045506143 585
420 0 0 0 63484.115966796875 0.68212890625 152.8281045506143 585
429 0 0 0 63484.115966796875 0.68212890625 152.8281045506143 585
