40 0.8 9.315704345703125 1.9057971050408742 13.2939453125 7.85205078125 0 0
50 0.8 8.2401123046875 0.42842140935486245 13.2939453125 7.685791015625 9.315704345703125 8
60 0.8 8.020721435546875 0.21473755162464012 13.2939453125 7.685791015625 8.777908325195313 16
70 1.6 8.757644653320313 1.0525136292214994 13.2939453125 7.685791015625 8.5255126953125 24
80 0.8 8.238128662109375 0.31292969100232154 13.2939453125 7.685791015625 8.618365478515624 40
90 1.6 8.269851684570314 0.4431590473699105 13.2939453125 7.685791015625 8.55499267578125 48
100 3.2 8.816276550292969 1.3647738376921148 13.762939453125 7.685791015625 8.483707427978516 64
110 4.8 8.579706827799475 0.7772487856968262 13.762939453125 7.685791015625 8.594563802083334 96
120 3.2 9.161270141601563 1.4480032616841212 14.156982421875 7.685791015625 8.589611477322046 144
130 2.4 8.985768636067707 1.3714608092890885 14.156982421875 7.685791015625 8.693549416281959 176
140 4.8 9.456141153971354 1.8212317971572363 16.302978515625 7.685791015625 8.728615722656249 200
150 3.2 9.309722900390625 1.8223905477093283 16.302978515625 7.51708984375 8.869427096459173 248
160 5.6 9.818084716796875 1.8486680400702629 17.317138671875 7.51708984375 8.919746616908482 280
170 12.8 10.210575103759764 2.5728182557436274 27.427978515625 7.51708984375 9.069469633556547 336
180 15.1 11.605075861444531 3.3272594484761546 28.58203125 7.51708984375 9.384257349474677 464
190 8.1 11.7713939525463 3.8470416926495394 28.58203125 7.51708984375 9.929531488185974 615
200 19.9 21.41800187460742 15.60709142418584 81.27001953125 7.51708984375 10.143886171538252 696
210 23.6 55.40095132084219 28.357406248449774 134.570068359375 0.820068359375 12.650644858589386 895
220 24.8 62.78734957787303 252.83377289123362 4011.02001953125 0.614013671875 21.57113320968723 1131
230 25.9 30.58729676942563 21.96258913448199 4011.02001953125 0.614013671875 28.983476689970097 1379
240 24.6 28.68779277026169 18.91015157401571 4011.02001953125 0.614013671875 29.237072172619047 1638
250 30.9 64.17815391762744 45.14561763457143 4011.02001953125 0.614013671875 29.165350976769837 1884
260 28.4 28.476863377530808 20.37755411925559 4011.02001953125 0.614013671875 34.098755495112286 2193
270 30.7 54.64091287917348 170.47020014301825 4011.02001953125 0.614013671875 33.4541784416633 2477
280 32.5 68.3185749699519 119.43000569913518 4011.02001953125 0.614013671875 35.790502964765174 2784
290 29.6 24.022695180532093 14.943404816122365 4011.02001953125 0.614013671875 39.19083213867501 3109
300 38.7 44.05812565608854 26.763489753776557 4011.02001953125 0.614013671875 37.872251069773306 3405
310 31.2 15.130688789563306 11.486925292822546 4011.02001953125 0.614013671875 38.50356263752225 3792
320 20.5 10.278822884908537 3.2896147081827865 4011.02001953125 0.614013671875 36.72667749118619 4104
330 13.9 10.02872428619605 2.189118999351367 4011.02001953125 0.614013671875 35.468424951319186 4309
340 8.8 9.815812544389201 2.378116417552357 4011.02001953125 0.614013671875 34.67343430553409 4448
350 6.4 9.190101623535156 1.3270459259859742 4011.02001953125 0.614013671875 34.19118767524733 4536
360 1.6 9.278289794921875 0.6223422037180129 4011.02001953125 0.614013671875 33.84334647800611 4600
370 0.8 8.914520263671875 1.4024269081340128 4011.02001953125 0.614013671875 33.75819896783945 4616
380 3.2 8.516456604003906 0.8897256511160168 4011.02001953125 0.614013671875 33.71521682475266 4624
390 1.6 8.670379638671875 1.2743694220869144 4011.02001953125 0.614013671875 33.5420294692836 4656
400 0 0 0 4011.02001953125 0.614013671875 33.45685258630205 4672
410 0.8 8.6865234375 1.7844270848891557 4011.02001953125 0.614013671875 33.45685258630205 4672
420 0 0 0 4011.02001953125 0.614013671875 33.41451014331265 4680
429 0 0 0 4011.02001953125 0.614013671875 33.41451014331265 4680
