20 0.1 16.001953125 0 16.001953125 16.001953125 0 0
30 0.2 15.3895263671875 0.7655029296875 16.155029296875 14.6240234375 16.001953125 1
40 0 0 0 16.155029296875 14.6240234375 15.593668619791666 3
50 0.2 16.6785888671875 0.2254638671875 16.904052734375 14.6240234375 15.593668619791666 3
60 0.2 16.8675537109375 0.1866455078125 17.05419921875 14.6240234375 16.02763671875 5
70 0.1 17.10498046875 0.0 17.10498046875 14.6240234375 16.267613002232142 7
80 0.4 17.9925537109375 0.6147479480718467 18.72705078125 14.6240234375 16.372283935546875 8
90 0.3 17.54931640625 1.0074210774483987 18.934814453125 14.6240234375 16.912373860677082 12
100 0.1 16.865966796875 0.0 18.934814453125 14.6240234375 17.039762369791667 15
110 0.2 17.0654296875 0.4384765625 18.934814453125 14.6240234375 17.028900146484375 16
120 0.9 18.351481119791668 3.111156070664414 25.798828125 14.6240234375 17.032958984375 18
130 0.7 16.667410714285715 2.189998662152094 25.798828125 14.6240234375 17.47246636284722 27
140 0.8 17.55584716796875 2.4053068007688734 25.798828125 14.6240234375 17.306719611672793 34
150 1.7 19.734576056985293 3.7579139183882195 27.35205078125 14.6240234375 17.35417247953869 42
160 1 19.3993896484375 2.5961437518998154 27.35205078125 14.6240234375 18.040051476430083 59
170 1.6 20.551361083984375 4.523503282357742 32.195068359375 14.6240234375 18.237057008605074 69
180 2.2 23.019997336647727 7.226845983586102 42.7490234375 14.6240234375 18.672690716911763 85
190 1.9 24.24087685032895 5.172642978327679 42.7490234375 14.6240234375 19.56652946115654 107
200 3 59.585986328125 26.983281627254613 133.295166015625 14.6240234375 20.27139136904762 126
210 3.9 69.11740034054489 28.016144394647014 133.295166015625 14.6240234375 27.831890399639423 156
220 4.4 163.23712158203125 678.4176410628763 4607.72900390625 14.6240234375 36.08899238782052 195
230 2.8 51.38425990513393 25.867965955133293 4607.72900390625 14.6240234375 59.49701617252877 239
240 2.9 53.349137931034484 16.234421177246826 4607.72900390625 14.6240234375 58.646240234375 267
250 3 238.83265787760416 817.4659265221976 4632.739990234375 14.6240234375 58.127267373574746 296
260 2.8 47.18548583984375 19.709666923444036 4632.739990234375 14.6240234375 74.75659778805598 326
270 2.9 71.37141365840519 44.403719524673086 4632.739990234375 5.158935546875 72.57583187124824 354
280 2.5 179.467568359375 492.87724552850733 4632.739990234375 5.158935546875 72.48463571414003 383
290 3.3 42.84706439393939 20.6187545854703 4632.739990234375 5.158935546875 79.03996246936275 408
300 4.5 67.7429904513889 25.38102754875809 4632.739990234375 5.158935546875 76.33165036848072 441
310 2.1 23.30093238467262 4.18068900066239 4632.739990234375 5.158935546875 75.53640407986111 486
320 2.1 20.785214378720237 3.925580847499057 4632.739990234375 5.158935546875 73.37280466053377 507
330 1.4 19.975673130580358 3.315703696942396 4632.739990234375 5.158935546875 71.28125277432528 528
340 0.4 21.06573486328125 3.5504834325090875 4632.739990234375 5.158935546875 69.95601639976361 542
350 0.2 16.1099853515625 0.0850830078125 4632.739990234375 5.158935546875 69.59784583905677 546
360 0 0 0 4632.739990234375 5.158935546875 69.40263466939439 548
370 0.1 15.60791015625 0.0 4632.739990234375 5.158935546875 69.40263466939439 548
380 0.1 22.43115234375 0.0 4632.739990234375 5.158935546875 69.30464792164732 549
390 0 0 0 4632.739990234375 5.158935546875 69.21942338423295 550
400 0 0 0 4632.739990234375 5.158935546875 69.21942338423295 550
410 0 0 0 4632.739990234375 5.158935546875 69.21942338423295 550
420 0 0 0 4632.739990234375 5.158935546875 69.21942338423295 550
429 0 0 0 4632.739990234375 5.158935546875 69.21942338423295 550
