0 0.1 3163.88671875 0 3163.88671875 3163.88671875 0 0
10 0.1 3163.79296875 0.0 3163.88671875 3163.79296875 3163.88671875 1
20 0.1 3159.64453125 0.0 3163.88671875 3159.64453125 3163.83984375 2
30 0.1 3156.0625 0.0 3163.88671875 3156.0625 3162.44140625 3
40 0.1 3155.109375 0.0 3163.88671875 3155.109375 3160.8466796875 4
50 0.1 3152.6875 0.0 3163.88671875 3152.6875 3159.69921875 5
60 0.1 3151.21484375 0.0 3163.88671875 3151.21484375 3158.5305989583335 6
70 0.1 3150.296875 0.0 3163.88671875 3150.296875 3157.4854910714284 7
80 0.1 3144.0234375 0.0 3163.88671875 3144.0234375 3156.5869140625 8
90 0.1 3142.21875 0.0 3163.88671875 3142.21875 3155.190972222222 9
100 0.1 3139.87109375 0.0 3163.88671875 3139.87109375 3153.89375 10
110 0.1 3136.85546875 0.0 3163.88671875 3136.85546875 3152.618963068182 11
120 0.1 3129.76171875 0.0 3163.88671875 3129.76171875 3151.3053385416665 12
130 0.1 3121.74609375 0.0 3163.88671875 3121.74609375 3149.648137019231 13
140 0.1 3106.52734375 0.0 3163.88671875 3106.52734375 3147.6551339285716 14
150 0.1 3099.62109375 0.0 3163.88671875 3099.62109375 3144.91328125 15
160 0.1 3079.2109375 0.0 3163.88671875 3079.2109375 3142.08251953125 16
170 0.1 3044.80078125 0.0 3163.88671875 3044.80078125 3138.3841911764707 17
180 0.1 3021.47265625 0.0 3163.88671875 3021.47265625 3133.185112847222 18
190 0.1 2985.9296875 0.0 3163.88671875 2985.9296875 3127.3055098684213 19
200 0.1 2927.71875 0.0 3163.88671875 2927.71875 3120.2367187500004 20
210 0.1 2866.27734375 0.0 3163.88671875 2866.27734375 3111.0691964285716 21
220 0.1 2829.7890625 0.0 3163.88671875 2829.7890625 3099.942294034091 22
230 0.1 2807.9609375 0.0 3163.88671875 2807.9609375 3088.1965013586955 23
240 0.1 2813.27734375 0.0 3163.88671875 2807.9609375 3076.52001953125 24
250 0.1 2852.19140625 0.0 3163.88671875 2807.9609375 3065.9903125 25
260 0.1 2905.59375 0.0 3163.88671875 2807.9609375 3057.767277644231 26
270 0.1 2964.05078125 0.0 3163.88671875 2807.9609375 3052.131221064815 27
280 0.1 2985.33203125 0.0 3163.88671875 2807.9609375 3048.9854910714284 28
290 0.1 3026.93359375 0.0 3163.88671875 2807.9609375 3046.7905441810344 29
300 0.1 3029.484375 0.0 3163.88671875 2807.9609375 3046.1286458333334 30
310 0.1 3050.2265625 0.0 3163.88671875 2807.9609375 3045.591733870968 31
320 0.1 3050.23828125 0.0 3163.88671875 2807.9609375 3045.736572265625 32
330 0.1 3050.65625 0.0 3163.88671875 2807.9609375 3045.872987689394 33
340 0.1 3051.0625 0.0 3163.88671875 2807.9609375 3046.013671875 34
349 0.1 3051.0546875 0.0 3163.88671875 2807.9609375 3046.1579241071427 35
