0 1 265.2869384765625 361.8961087120182 852.98583984375 10.677978515625 0 0
10 3.9 123.78250826322116 226.31060137407255 857.234130859375 9.748046875 265.2869384765625 10
20 5.8 57.290859880118525 61.8440644776508 857.234130859375 9.748046875 152.66096340880102 49
30 6.8 38.4194766773897 43.97863577142022 857.234130859375 9.264892578125 100.96501943998247 107
40 10.3 42.915183650637154 54.91307224246102 857.234130859375 9.264892578125 76.66160853794644 175
50 14.5 54.76190564385776 103.24904787294724 1088.5458984375 8.682861328125 64.15843672718077 278
60 12.1 107.4972761169938 171.49397145119656 1101.304931640625 8.682861328125 60.937403613512124 423
70 22 39.17307794744318 75.49572381457659 1101.304931640625 8.682861328125 71.29355172549977 544
80 22.3 54.9659538782231 109.31935010673011 1437.120849609375 8.682861328125 62.04420063757772 764
90 25.1 51.69858456797808 92.79801877651066 1437.120849609375 8.682861328125 60.444961501472264 987
100 28.5 41.41069935581142 71.42138835479335 1437.120849609375 8.356201171875 58.67166537036803 1238
110 32.8 52.90590239734185 108.007159777624 1437.120849609375 8.356201171875 55.44160935319887 1523
120 46.2 83.97396625997702 241.1889794519005 3240.275146484375 8.356201171875 54.99227824486764 1851
130 55.8 47.42790676103273 80.49077273986913 3240.275146484375 8.22314453125 60.781097900285076 2313
140 68.7 60.31462228211431 128.37539161508013 3240.275146484375 8.0869140625 58.185806832467996 2871
150 85.5 90.7683005528143 192.18795694721246 3240.275146484375 8.0869140625 58.596851299558224 3558
160 118.1 100.51656166483654 276.3893941114954 5191.072998046875 8.0869140625 64.82993290199057 4413
170 147.5 160.0371626721399 344.38884047922414 5428.56298828125 8.0400390625 72.36406028292033 5594
180 161.4 140.73818534841652 244.66457281201406 5428.56298828125 8.0400390625 90.65771228802699 7069
190 197.2 413.39934943704003 387.5477663672873 5428.56298828125 8.0400390625 99.96669346037164 8683
200 207.3 914.5753465312948 594.1653291385343 5428.56298828125 8.0400390625 157.9760034168231 10655
210 188.3 1747.6857165935753 802.8947227300703 6536.9150390625 8.0400390625 281.2027820368969 12728
220 214.1 1638.591380547385 1062.9299627233625 7070.609130859375 8.0400390625 470.19651044496106 14611
230 249.6 990.6361264937973 590.3359713473861 7070.609130859375 8.0400390625 619.5239589221154 16752
240 241.8 575.4275502093681 462.4857313995623 7070.609130859375 8.0400390625 667.6482300286676 19248
250 164.9 164.3933780593827 219.3713836352107 7070.609130859375 8.0400390625 657.3560854794631 21666
260 81.4 36.24098989125848 43.777663943261075 7070.609130859375 8.0400390625 622.490312177481 23315
270 40.1 28.20168998889495 28.446083160119127 7070.609130859375 7.81396484375 602.7129924236169 24129
280 20.4 23.46053299249387 12.151928835893836 7070.609130859375 7.81396484375 593.3212666887484 24530
290 7.8 29.6851806640625 28.297919463343288 7070.609130859375 7.81396484375 588.6211943319103 24734
300 4.1 22.928026152820124 8.635561869638897 7070.609130859375 7.81396484375 586.8641006245875 24812
310 3.7 23.83247334248311 6.7427543579936255 7070.609130859375 7.81396484375 585.9337751486554 24853
320 0 0 0 7070.609130859375 7.81396484375 585.0981886413501 24890
330 1.8 31.40115017361111 17.394824880103222 7070.609130859375 7.81396484375 585.0981886413501 24890
340 0 0 0 7070.609130859375 7.81396484375 584.6980542792006 24908
349 0.2 87.9515380859375 1.1214599609375 7070.609130859375 7.81396484375 584.6980542792006 24908
