10 0.1 84 0 84 84 0 0
20 0.1 223.0 0.0 223 84 84.0 1
30 0.1 349.0 0.0 349 84 153.5 2
40 0.1 401.0 0.0 401 84 218.66666666666666 3
50 0.1 580.0 0.0 580 84 264.25 4
60 0.1 737.0 0.0 737 84 327.4 5
70 0.1 870.0 0.0 870 84 395.6666666666667 6
80 0.1 994.0 0.0 994 84 463.42857142857144 7
90 0.1 1175.0 0.0 1175 84 529.75 8
100 0.1 1464.0 0.0 1464 84 601.4444444444445 9
110 0.1 1578.0 0.0 1578 84 687.7 10
120 0.1 1814.0 0.0 1814 84 768.6363636363636 11
130 0.1 2669.0 0.0 2669 84 855.75 12
140 0.1 3029.0 0.0 3029 84 995.2307692307693 13
150 0.1 3376.0 0.0 3376 84 1140.5 14
160 0.1 5286.0 0.0 5286 84 1289.5333333333333 15
170 0.1 6466.0 0.0 6466 84 1539.3125 16
180 0.1 7691.0 0.0 7691 84 1829.1176470588234 17
190 0.1 9259.0 0.0 9259 84 2154.777777777778 18
200 0.1 11487.0 0.0 11487 84 2528.684210526316 19
210 0.1 12070.0 0.0 12070 84 2976.6 20
220 0.1 10477.0 0.0 12070 84 3409.6190476190477 21
230 0.1 10964.0 0.0 12070 84 3730.8636363636365 22
240 0.1 12338.0 0.0 12338 84 4045.3478260869565 23
250 0.1 9931.0 0.0 12338 84 4390.875 24
260 0.1 5828.0 0.0 12338 84 4612.48 25
270 0.1 3173.0 0.0 12338 84 4659.230769230769 26
280 0.1 1472.0 0.0 12338 84 4604.185185185184 27
290 0.1 875.0 0.0 12338 84 4492.3214285714275 28
300 0.1 231.0 0.0 12338 84 4367.586206896551 29
310 0.1 51.0 0.0 12338 51 4229.699999999999 30
320 0.1 155.0 0.0 12338 51 4094.903225806451 31
330 0.1 0.0 0.0 12338 0 3971.781249999999 32
340 0.1 84.0 0.0 12338 0 3851.4242424242416 33
349 0.1 0.0 0.0 12338 0 3740.6176470588225 34
