0 3.15703125 3.15703125
10 27.78671875 30.94375
20 85.61640625 116.56015625
30 117.67265625 234.2328125
40 132.16171875 366.39453125
50 218.11796875 584.5125
60 180.13359375 764.64609375
70 314.2046875 1078.85078125
80 357.76796875 1436.61875
90 362.36328125 1798.98203125
100 403.00078125 2201.9828125
110 501.3171875 2703.3
120 705.671875 3408.971875
130 781.4109375 4190.3828125
140 1006.09296875 5196.47578125
150 1265.54375 6462.01953125
160 1713.165625 8175.18515625
170 2199.30546875 10374.490625
180 2418.85 12793.340625
190 2955.8296875 15749.1703125
200 3361.6703125 19110.840625
210 3174.9140625 22285.7546875
220 3900.86640625 26186.62109375
230 4578.38984375 30765.0109375
240 4220.81171875 34985.82265625
250 2975.121875 37960.94453125
260 1668.36328125 39629.3078125
270 773.7796875 40403.0875
280 371.02578125 40774.11328125
290 131.5765625 40905.68984375
300 62.85 40968.53984375
310 52.040625 41020.58046875
320 0 41020.58046875
330 23.4140625 41043.99453125
340 0 41043.99453125
349 1.51015625 41045.5046875
