0 0.2 849.4390869140625 3.6600341796875 853.09912109375 845.779052734375 0 0
10 0.6 242.79069010416666 275.6399709275845 857.330078125 98.466064453125 849.4390869140625 2
20 0.3 115.00870768229167 17.89310605180691 857.330078125 98.466064453125 394.4527893066406 8
30 0.3 112.58870442708333 14.143203261914845 857.330078125 98.466064453125 318.24076704545456 11
40 1.1 115.81183416193181 38.99978419934032 857.330078125 94.651123046875 274.17246791294644 14
50 0.5 347.438037109375 383.5386809687104 1088.60498046875 90.7021484375 204.4937890625 25
60 1.1 147.46360085227272 72.23791886348008 1088.60498046875 90.7021484375 228.31783040364584 30
70 0.7 119.33848353794643 37.305755981769195 1088.60498046875 90.7021484375 206.6252322313262 41
80 1 253.33896484375 396.8911601663314 1437.190185546875 90.7021484375 193.89591471354166 48
90 1.3 198.5907264122596 224.99094516078344 1437.190185546875 90.43896484375 204.1447164601293 58
100 2.2 107.4030428799716 16.383243345479485 1437.190185546875 89.89599609375 203.12778870488557 71
110 2.1 197.91979399181548 264.26070048956655 1437.190185546875 89.89599609375 180.48322517641128 93
120 1.9 249.52578895970396 261.39617411952884 1437.190185546875 89.89599609375 183.69522469503838 114
130 4.2 145.80504208519352 79.48400429904856 1437.190185546875 89.89599609375 193.09959101856202 133
140 4 261.73869628906243 313.49891645120874 1771.2001953125 89.4150390625 181.7488992745536 175
150 4.9 286.18342932876277 287.8022838173427 1771.2001953125 89.4150390625 196.63072197492733 215
160 9.2 291.02790368121606 534.2683635768603 5191.1337890625 89.4150390625 213.25224720348012 264
170 9.7 429.97711118717785 351.6208056833047 5191.1337890625 87.6650390625 233.35157415840064 356
180 8.9 453.267180367802 490.66176354821187 5191.1337890625 87.6650390625 275.45461409612994 453
190 15.3 768.6771296083534 295.72585739778583 5191.1337890625 87.6650390625 304.6526185208141 542
200 16.6 1323.3465899731746 437.97458090335834 5191.1337890625 87.6650390625 406.8047770767759 695
210 14.6 2040.1778614619006 516.4083118026639 5191.1337890625 87.6650390625 583.5131869964068 861
220 2.3 2371.5181407099185 769.8614708106597 5191.1337890625 87.6650390625 794.7078667103711 1007
230 0 0 0 5191.1337890625 87.6650390625 829.9181932171572 1030
240 0 0 0 5191.1337890625 87.6650390625 829.9181932171572 1030
250 0 0 0 5191.1337890625 87.6650390625 829.9181932171572 1030
260 0 0 0 5191.1337890625 87.6650390625 829.9181932171572 1030
270 0 0 0 5191.1337890625 87.6650390625 829.9181932171572 1030
280 0 0 0 5191.1337890625 87.6650390625 829.9181932171572 1030
290 0 0 0 5191.1337890625 87.6650390625 829.9181932171572 1030
300 0 0 0 5191.1337890625 87.6650390625 829.9181932171572 1030
310 0 0 0 5191.1337890625 87.6650390625 829.9181932171572 1030
320 0 0 0 5191.1337890625 87.6650390625 829.9181932171572 1030
330 0 0 0 5191.1337890625 87.6650390625 829.9181932171572 1030
340 0 0 0 5191.1337890625 87.6650390625 829.9181932171572 1030
349 0 0 0 5191.1337890625 87.6650390625 829.9181932171572 1030
