40 0.5 15.70654296875 1.5909336637481792 17.2939453125 13.283935546875 0 0
50 0.3 17.695963541666668 2.5380660255208474 20.48193359375 13.283935546875 15.70654296875 5
60 0.3 152.05965169270834 151.30012464571934 363.68896484375 13.283935546875 16.45257568359375 8
70 0.4 18.63006591796875 7.587119483548218 363.68896484375 12.691162109375 53.43632368607955 11
80 0.5 14.6986328125 2.7320685838172536 363.68896484375 11.39794921875 44.15465494791667 15
90 0.8 32.315185546875 50.01482896117703 363.68896484375 11.39794921875 36.7906494140625 20
100 0.9 13.764214409722221 0.9297833559983975 363.68896484375 11.39794921875 35.51194545200893 28
110 1.3 29.342566856971153 21.0713271491042 363.68896484375 11.02685546875 30.22195682010135 37
120 0.7 53.206089564732146 48.96423053037772 363.68896484375 11.02685546875 29.9933154296875 50
130 1 52.7263671875 70.13230522100633 363.68896484375 11.02685546875 32.84400699013158 57
140 2.5 52.127265625 112.46905393331024 558.132080078125 11.02685546875 35.8115234375 67
150 1.7 28.30129825367647 24.990814435556445 558.132080078125 11.02685546875 40.24514903192935 92
160 2.6 32.94921875 41.291737045070526 558.132080078125 11.02685546875 38.38234661697248 109
170 4.7 77.33700236868351 77.80889410644622 558.132080078125 11.02685546875 37.335966435185185 135
180 3.4 70.24440630744485 66.94466163029824 558.132080078125 11.02685546875 47.665904286143544 182
190 4.1 295.6988197884909 208.87419729563769 820.510009765625 11.02685546875 51.21992775245949 216
200 7 809.9743617466518 443.1587194166076 1820.4931640625 11.02685546875 90.22239690995866 257
210 4.9 1552.8547811702804 479.9058677370565 3356.015869140625 11.02685546875 244.29774106460243 327
220 7.5 1218.779111328125 603.0737089933314 3510.322021484375 11.02685546875 414.82778086560836 376
230 11.8 736.4370799953655 345.62298360702096 3510.322021484375 11.02685546875 548.5225697451843 451
240 14.6 400.2129040025685 318.5566481478096 3510.322021484375 11.02685546875 587.4925384789653 569
250 13.5 80.84729094328704 116.88804259836266 3510.322021484375 10.503173828125 549.2508229075613 715
260 10.6 20.298086490271228 12.722557034642257 3510.322021484375 10.503173828125 474.857320772059 850
270 4.7 16.761038272938833 4.986364628391547 3510.322021484375 10.503173828125 424.45640148976867 956
280 1.9 18.51815635279605 8.872585488223109 3510.322021484375 10.503173828125 405.3520325254706 1003
290 0.6 14.8192138671875 0.6465164092118667 3510.322021484375 10.503173828125 398.16040469055787 1022
300 0.1 15.339111328125 0.0 3510.322021484375 10.503173828125 395.9230047441179 1028
310 0.1 12.56298828125 0.0 3510.322021484375 10.503173828125 395.55314673302365 1029
320 0 0 0 3510.322021484375 10.503173828125 395.1813116277307 1030
330 0 0 0 3510.322021484375 10.503173828125 395.1813116277307 1030
340 0 0 0 3510.322021484375 10.503173828125 395.1813116277307 1030
349 0 0 0 3510.322021484375 10.503173828125 395.1813116277307 1030
