10 0.4 55.98553466796875 25.4502005125696 74.919189453125 12.64794921875 0 0
20 0.6 71.84037272135417 88.23198667653362 262.68701171875 12.498046875 55.98553466796875 4
30 0.3 31.524739583333332 23.418065011536562 262.68701171875 12.498046875 65.4984375 10
40 0 0 0 262.68701171875 12.498046875 57.65835336538461 13
50 1.3 29.49297626201923 29.359470923879023 262.68701171875 11.64208984375 57.65835336538461 13
60 0.5 97.2607421875 134.82884734717638 362.331787109375 11.64208984375 43.57566481370192 26
70 1.1 16.233354048295453 3.3108514063205274 362.331787109375 11.64208984375 52.23454826108871 31
80 0.7 14.418980189732142 0.9593372682681679 362.331787109375 11.64208984375 42.8056640625 42
90 1.1 14.141823508522727 1.378292792957017 362.331787109375 11.64208984375 38.75042350924745 49
100 1.6 18.965545654296875 10.667836178275731 362.331787109375 11.64208984375 34.23884684244792 60
110 2.4 37.66330973307293 80.16968946935424 415.577880859375 11.64208984375 31.023415013363486 76
120 2.1 65.48213123139881 184.65573576791738 884.118896484375 11.64208984375 32.61698974609375 100
130 2.7 18.94003182870371 12.616034558089623 884.118896484375 11.64208984375 38.32085727660124 121
140 2.9 22.10167194234914 15.679967334196894 884.118896484375 11.64208984375 34.7851661475929 148
150 4.6 54.84513523267662 117.09866235230662 884.118896484375 11.169189453125 32.70707952639477 177
160 7.2 46.513224283854164 63.76721881478046 884.118896484375 11.169189453125 37.273673977017935 223
170 8.5 90.34068244485294 151.19560307936652 1041.60986328125 10.76904296875 39.52875066207627 295
180 9.1 75.95244623540522 79.32445420703334 1041.60986328125 10.76904296875 50.89457750822368 380
190 11.4 303.81031986705045 179.8643546250402 1041.60986328125 10.76904296875 55.73590671029061 471
200 13.2 812.2250662138968 376.72666955611015 1649.3291015625 10.76904296875 104.0786128639156 585
210 13.1 1498.774745795563 536.8147528082968 3471.448974609375 10.76904296875 234.44867122123432 717
220 14.2 1370.9548597738776 609.2239784487513 3471.448974609375 10.76904296875 429.76319453401385 848
230 3.9 999.886962890625 348.68773611066877 3471.448974609375 10.76904296875 564.7624030835701 990
240 0.1 15.116943359375 0.0 3471.448974609375 10.76904296875 581.2540044756742 1029
250 0 0 0 3471.448974609375 10.76904296875 580.7043568435224 1030
260 0 0 0 3471.448974609375 10.76904296875 580.7043568435224 1030
270 0 0 0 3471.448974609375 10.76904296875 580.7043568435224 1030
280 0 0 0 3471.448974609375 10.76904296875 580.7043568435224 1030
290 0 0 0 3471.448974609375 10.76904296875 580.7043568435224 1030
300 0 0 0 3471.448974609375 10.76904296875 580.7043568435224 1030
310 0 0 0 3471.448974609375 10.76904296875 580.7043568435224 1030
320 0 0 0 3471.448974609375 10.76904296875 580.7043568435224 1030
330 0 0 0 3471.448974609375 10.76904296875 580.7043568435224 1030
340 0 0 0 3471.448974609375 10.76904296875 580.7043568435224 1030
349 0 0 0 3471.448974609375 10.76904296875 580.7043568435224 1030
