40 0.8 9.710052490234375 3.0460488665065566 15.05615234375 6.652099609375 0 0
50 2.4 32.48004150390625 67.74062303596153 353.985107421875 6.652099609375 9.710052490234375 8
60 0 0 0 353.985107421875 6.652099609375 26.78754425048828 32
70 4 11.052752685546874 4.89910617486351 353.985107421875 6.29296875 26.78754425048828 32
80 3.2 21.432571411132813 37.39997962085749 353.985107421875 6.29296875 18.04599338107639 72
90 2.4 11.439676920572916 5.861559727977129 353.985107421875 6.29296875 19.08801739032452 104
100 1.6 9.737869262695313 3.1945285298448893 353.985107421875 6.29296875 17.653953552246094 128
110 1.6 18.662582397460938 15.508255958334713 353.985107421875 6.29296875 16.774388631184895 144
120 6.2 12.669858870967742 6.337877174883144 353.985107421875 6.29296875 16.9632080078125 160
130 5.2 11.277503380408653 5.4730978642661 353.985107421875 6.29296875 15.76416455518018 222
140 7.7 13.219751927759742 7.6716437880026485 353.985107421875 6.29296875 14.91268141252281 274
150 8.3 20.58844655967621 41.11094337132266 373.63916015625 6.29296875 14.54129802127849 351
160 11.7 23.960238464877136 31.340481781280456 373.63916015625 6.2900390625 15.697780345442109 434
170 11.8 38.44097796941211 62.161861947282006 423.876220703125 6.2900390625 17.45224059947822 551
180 11.9 38.44025940454305 58.363898389627096 423.876220703125 6.2900390625 21.15428994126028 669
190 11.8 203.62520896782308 198.94111047110013 867.52294921875 6.2900390625 23.764734568329633 788
200 7.6 652.1289287366366 426.6720935471705 1619.011962890625 6.2900390625 47.19027096914666 906
210 6 1276.1331746419273 352.78895137996807 2115.90185546875 6.2900390625 94.00833409575483 982
220 16 962.2135971069335 504.71989605722314 2835.2978515625 6.2900390625 162.07694295637896 1042
230 39.3 622.0336584814329 296.02986817550067 2835.2978515625 6.2900390625 268.5843178849054 1202
240 55.5 355.78085321649786 283.3841381609921 2835.2978515625 6.2900390625 355.6724626212285 1595
250 36.8 90.06438678243882 115.69625479289307 2835.2978515625 6.239013671875 355.70044251907706 2150
260 12.2 14.774840308017419 10.290943488186143 2835.2978515625 6.239013671875 316.8783342938654 2518
270 8 10.210983276367186 4.269182001593448 2835.2978515625 6.083984375 302.9174910111861 2640
280 5.8 11.223119275323276 3.7126113571762374 2835.2978515625 6.083984375 294.3084760778091 2720
290 2.2 11.444990678267045 4.9296957044701415 2835.2978515625 6.083984375 288.39812665572697 2778
300 1.6 11.533233642578125 2.27899856359978 2835.2978515625 6.083984375 286.2220663016183 2800
310 1.6 10.551132202148438 3.7520813996666775 2835.2978515625 6.083984375 284.6613342978738 2816
320 0 0 0 2835.2978515625 6.083984375 283.11268908829345 2832
330 0.8 11.68975830078125 1.735794031367579 2835.2978515625 6.083984375 283.11268908829345 2832
340 0 0 0 2835.2978515625 6.083984375 282.34811745227233 2840
349 0 0 0 2835.2978515625 6.083984375 282.34811745227233 2840
