40 0.1 17.345947265625 0 17.345947265625 17.345947265625 0 0
50 0.3 17.69775390625 1.55111595916962 18.97900390625 15.51513671875 17.345947265625 1
60 0 0 0 18.97900390625 15.51513671875 17.60980224609375 4
70 0.5 26.83125 8.569452475113474 40.751953125 15.51513671875 17.60980224609375 4
80 0.4 32.30828857421875 16.097101287953627 57.2119140625 15.51513671875 22.732828776041668 9
90 0.3 18.099609375 1.2554643562459984 57.2119140625 15.51513671875 25.679124098557693 13
100 0.2 16.1025390625 0.242431640625 57.2119140625 15.51513671875 24.257965087890625 16
110 0.3 28.891031901041668 17.68508143489793 57.2119140625 15.51513671875 23.351806640625 18
120 0.7 22.973005022321427 11.248142555226465 57.2119140625 14.91796875 24.143124534970237 21
130 0.7 32.138357979910715 15.344206987553175 57.2119140625 14.91796875 23.850594656808035 28
140 0.9 44.61322699652778 23.833873667843534 74.10595703125 14.91796875 25.50814732142857 35
150 1.3 48.96394230769231 66.07465970649896 267.197021484375 14.91796875 29.416004527698863 44
160 1.2 42.673583984375 43.03977636792118 267.197021484375 14.91796875 33.87430612664474 57
170 1.6 233.6262664794922 603.9691011832804 2547.988037109375 13.835205078125 35.40461531929348 69
180 1.7 282.0852912454044 769.4415351884512 3342.35498046875 13.835205078125 72.71692612591912 85
190 2 386.942431640625 227.39472576390241 3342.35498046875 13.835205078125 107.61165364583333 102
200 1.4 858.0596226283482 487.3823960748143 3342.35498046875 13.835205078125 153.40358446465163 122
210 2.5 1702.477119140625 533.7296724507971 3422.73779296875 13.835205078125 225.9417060403263 136
220 3.4 1312.318323471967 541.5636028062011 3422.73779296875 13.835205078125 455.2173913043478 161
230 4.7 812.9038553440824 350.72425961475557 3422.73779296875 13.835205078125 604.6606307592148 195
240 3.8 422.33567408511516 246.84651255511582 3422.73779296875 13.835205078125 645.104562806689 242
250 3.6 125.1715087890625 149.3723552871253 3422.73779296875 13.835205078125 614.8716421944755 280
260 1.5 22.244856770833334 8.466248195267577 3422.73779296875 13.835205078125 559.0830194014537 316
270 0.9 20.662190755208332 6.375707964138443 3422.73779296875 13.835205078125 534.75500598919 331
280 0.8 21.44287109375 5.011459945989537 3422.73779296875 13.835205078125 521.1466667624081 340
290 0.2 17.9849853515625 1.3770751953125 3422.73779296875 13.835205078125 509.65922318381826 348
300 0.2 21.08544921875 4.6064453125 3422.73779296875 13.835205078125 506.8496561104911 350
310 0.2 21.7818603515625 2.5120849609375 3422.73779296875 13.835205078125 504.0896322076971 352
320 0 0 0 3422.73779296875 13.835205078125 501.36472954184325 354
330 0.1 24.134765625 0.0 3422.73779296875 13.835205078125 501.36472954184325 354
340 0 0 0 3422.73779296875 13.835205078125 500.020419784331 355
349 0 0 0 3422.73779296875 13.835205078125 500.020419784331 355
