30 0.8 8
40 0.8 16
50 0 16
60 1.6 32
70 4 72
80 1.6 88
90 0.8 96
100 0.8 104
110 2.4 128
120 4.6 174
130 3.4 208
140 3.2 240
150 4.2 282
160 4 322
170 4.9 371
180 7.7 448
190 9 538
200 11.9 657
210 22.6 883
220 23.1 1114
230 20.5 1319
240 19.2 1511
250 16.3 1674
260 17.3 1847
270 18.1 2028
280 18.1 2209
290 18.1 2390
300 18.3 2573
310 19.2 2765
320 24.5 3010
330 26.1 3271
340 15.5 3426
350 10.9 3535
360 11.7 3652
370 15.9 3811
380 12.5 3936
390 3.4 3970
400 6 4030
410 2.9 4059
420 4.2 4101
430 1.9 4120
440 0 4120
450 0 4120
460 1.6 4136
470 0.8 4144
480 0 4144
490 0 4144
500 0 4144
510 0 4144
520 0 4144
521 0 4144
