0 0.6 17.758463541666668 38.28488014958101 103.365966796875 0.574951171875 0 0
10 1.2 0.6099243164062499 0.04481140319194901 103.365966796875 0.5498046875 17.758463541666668 6
20 1 0.6556640625 0.08511480320203468 103.365966796875 0.51708984375 6.326104058159722 18
30 1.1 0.6016734730113636 0.04138523879138237 103.365966796875 0.51708984375 4.300946916852679 28
40 2.2 0.5662841796875001 0.06234725798000203 103.365966796875 0.490966796875 3.2575620993589745 39
50 1.4 0.5898611886160714 0.03552470383056541 103.365966796875 0.490966796875 2.2869372758709017 61
60 1.5 1.617333984375 3.844888108018101 103.365966796875 0.490966796875 1.9701497395833334 75
70 2.5 0.606826171875 0.06644006491991485 103.365966796875 0.48681640625 1.9113471137152778 90
80 1.9 0.5631553248355263 0.032609678198727246 103.365966796875 0.48681640625 1.6277556046195651 115
90 2.8 0.8330426897321429 1.5056857926853102 103.365966796875 0.47900390625 1.4768048186800373 134
100 3.5 0.5580915178571428 0.05421803482536147 103.365966796875 0.47900390625 1.3655372902199074 162
110 3.5 0.5611467633928572 0.04977227336560135 103.365966796875 0.47900390625 1.2220824575666243 197
120 8.5 0.5252125459558824 0.03425107820244663 103.365966796875 0.453125 1.1223723312904095 232
130 8.5 0.5713062959558823 0.09111112310378329 103.365966796875 0.453125 0.9622506222890379 317
140 7.6 0.5386384662828947 0.037945722083522086 103.365966796875 0.453125 0.8795882647310324 402
150 13.6 0.5364092658547794 0.0745524931147556 103.365966796875 0.453125 0.8253786733459728 478
160 16.6 0.5461043392319275 0.1564357755381128 103.365966796875 0.453125 0.7613724202208876 614
170 17.5 0.6237472098214288 0.8516599158920356 103.365966796875 0.453125 0.7155589568309295 780
180 34.5 0.5388042062952904 0.16866080508418294 103.365966796875 0.44091796875 0.6987348147087696 955
190 38.7 0.5801727531492249 0.5259969459179501 103.365966796875 0.43115234375 0.656291691706731 1300
200 25 32.63664062500001 175.76305427561837 1000.327880859375 0.43115234375 0.6388299079356848 1687
210 21.7 512.4237054921516 1817.2715107381155 15031.822021484375 0.43115234375 4.768645436725609 1937
220 23.1 1006.0904250372023 2967.437657678618 15035.280029296875 0.43115234375 55.91123969486277 2154
230 25.4 2453.9466129813604 5963.811624310617 31078.26904296875 0.43115234375 147.94117336952962 2385
240 24 12602.640844726558 11415.661018908802 31081.244873046875 0.43115234375 369.8909201150412 2639
250 29.2 18154.340180697487 13970.033499433184 31102.666015625 0.43115234375 1389.6408269947788 2879
260 32.6 20647.273682389517 18099.416749570446 63153.31494140625 0.43115234375 2933.4100516183016 3171
270 31.1 34391.18829051321 29489.93900170051 63164.496826171875 0.43115234375 4584.7453514843055 3497
280 29.3 37290.53730852041 30862.55036228348 63164.496826171875 0.43115234375 7019.042555801004 3808
290 32.4 34597.44394184627 30857.68121277174 63164.496826171875 0.43115234375 9181.819430355206 4101
300 34.2 16609.658669276527 27689.885064900995 63164.496826171875 0.43115234375 11042.760072552517 4425
310 9 5610.413376193578 17960.418270676408 63164.496826171875 0.43115234375 11442.147385344548 4767
320 2.3 13720.123471467392 26031.136731151073 63164.496826171875 0.43115234375 11334.085606299132 4857
330 8.9 0.6682512947682587 0.1650708649928651 63164.496826171875 0.43115234375 11345.331276565294 4880
340 18.8 0.738698107130984 0.1837414888434713 63164.496826171875 0.43115234375 11142.136466895527 4969
350 13.8 0.7415594570878623 0.43723405124249304 63164.496826171875 0.43115234375 10735.973430143109 5157
360 4.3 0.5566292696220928 0.1224844554699379 63164.496826171875 0.43115234375 10456.188350227212 5295
370 0.1 0.72314453125 0.0 63164.496826171875 0.43115234375 10371.963516206759 5338
380 0.1 0.552001953125 0.0 63164.496826171875 0.43115234375 10370.020972589664 5339
390 0.3 0.5777180989583334 0.04170797208006484 63164.496826171875 0.43115234375 10368.079124467822 5340
400 0.2 0.5855712890625 0.0345458984375 63164.496826171875 0.43115234375 10362.25795579496 5343
410 0 0 0 63164.496826171875 0.43115234375 10358.3808099074 5345
420 0.5 0.57001953125 0.04153302057882234 63164.496826171875 0.43115234375 10358.3808099074 5345
430 0.2 0.6180419921875 0.0040283203125 63164.496826171875 0.43115234375 10348.700612907047 5350
440 0 0 0 63164.496826171875 0.43115234375 10344.833616430622 5352
450 0 0 0 63164.496826171875 0.43115234375 10344.833616430622 5352
460 0.1 0.68408203125 0.0 63164.496826171875 0.43115234375 10344.833616430622 5352
470 0.1 0.712158203125 0.0 63164.496826171875 0.43115234375 10342.90121412642 5353
480 0 0 0 63164.496826171875 0.43115234375 10340.969538919859 5354
490 0 0 0 63164.496826171875 0.43115234375 10340.969538919859 5354
500 0 0 0 63164.496826171875 0.43115234375 10340.969538919859 5354
510 0 0 0 63164.496826171875 0.43115234375 10340.969538919859 5354
520 0.1 0.753173828125 0.0 63164.496826171875 0.43115234375 10340.969538919859 5354
521 0 0 0 63164.496826171875 0.43115234375 10339.038592819936 5355
