0 0.1 15.139176463453724 0 15.139176463453724 15.139176463453724 0 0
10 0.1 1.966568338249754 0.0 15.139176463453724 1.966568338249754 15.139176463453724 1
20 0.1 1.7733990147783252 0.0 15.139176463453724 1.7733990147783252 8.55287240085174 2
30 0.1 1.4792899408284024 0.0 15.139176463453724 1.4792899408284024 6.293047938827268 3
40 0.1 2.167487684729064 0.0 15.139176463453724 1.4792899408284024 5.089608439327551 4
50 0.1 2.371541501976284 0.0 15.139176463453724 1.4792899408284024 4.505184288407854 5
60 0.1 2.848722986247544 0.0 15.139176463453724 1.4792899408284024 4.1495771573359255 6
70 0.1 2.371541501976284 0.0 15.139176463453724 1.4792899408284024 3.9637408471804423 7
80 0.1 3.356367226061204 0.0 15.139176463453724 1.4792899408284024 3.7647159290299226 8
90 0.1 3.0511811023622046 0.0 15.139176463453724 1.4792899408284024 3.7193438509222876 9
100 0.1 3.43811394891945 0.0 15.139176463453724 1.4792899408284024 3.652527576066279 10
110 0.1 4.407443682664055 0.0 15.139176463453724 1.4792899408284024 3.6330354281438404 11
120 0.1 4.407443682664055 0.0 15.139176463453724 1.4792899408284024 3.6975694493538582 12
130 0.1 6.679764243614931 0.0 15.139176463453724 1.4792899408284024 3.7521751596084885 13
140 0.1 6.70611439842209 0.0 15.139176463453724 1.4792899408284024 3.9612886656089485 14
150 0.1 7.933398628795299 0.0 15.139176463453724 1.4792899408284024 4.144277047796491 15
160 0.1 11.175898931000972 0.0 15.139176463453724 1.4792899408284024 4.381097146608917 16
170 0.1 11.598440545808966 0.0 15.139176463453724 1.4792899408284024 4.780791369220214 17
180 0.1 13.111545988258316 0.0 15.139176463453724 1.4792899408284024 5.159549656808478 18
190 0.1 18.59344894026975 0.0 18.59344894026975 1.4792899408284024 5.5780757795163645 19
200 0.1 19.653179190751445 0.0 19.653179190751445 1.4792899408284024 6.2288444375540335 20
210 0.1 22.20095693779904 0.0 22.20095693779904 1.4792899408284024 6.868098473420577 21
220 0.1 25.73599240265907 0.0 25.73599240265907 1.4792899408284024 7.565046585437781 22
230 0.1 27.410207939508506 0.0 27.410207939508506 1.4792899408284024 8.355087707925662 23
240 0.1 23.699421965317917 0.0 27.410207939508506 1.4792899408284024 9.14905105090828 24
250 0.1 16.86046511627907 0.0 27.410207939508506 1.4792899408284024 9.731065887484666 25
260 0.1 18.120805369127517 0.0 27.410207939508506 1.4792899408284024 10.005273550130605 26
270 0.1 17.81609195402299 0.0 27.410207939508506 1.4792899408284024 10.305848802686047 27
280 0.1 17.170731707317074 0.0 27.410207939508506 1.4792899408284024 10.574071772376652 28
290 0.1 17.29834791059281 0.0 27.410207939508506 1.4792899408284024 10.801542804615977 29
300 0.1 18.497109826589593 0.0 27.410207939508506 1.4792899408284024 11.018102974815205 30
310 0.1 17.99043062200957 0.0 27.410207939508506 1.4792899408284024 11.259361260356316 31
320 0.1 14.145383104125736 0.0 27.410207939508506 1.4792899408284024 11.46970717790798 32
330 0.1 12.805474095796676 0.0 27.410207939508506 1.4792899408284024 11.550788266581245 33
340 0.1 11.857707509881422 0.0 27.410207939508506 1.4792899408284024 11.587690790969935 34
350 0.1 11.9140625 0.0 27.410207939508506 1.4792899408284024 11.595405554367407 35
360 0.1 11.056751467710372 0.0 27.410207939508506 1.4792899408284024 11.604257136190533 36
370 0.1 10.634146341463415 0.0 27.410207939508506 1.4792899408284024 11.589459685691072 37
380 0.1 8.777120315581854 0.0 27.410207939508506 1.4792899408284024 11.564319860842977 38
390 0.1 5.911330049261084 0.0 27.410207939508506 1.4792899408284024 11.492853205836282 39
400 0.1 4.343534057255676 0.0 27.410207939508506 1.4792899408284024 11.353315126921903 40
410 0.1 3.729146221786065 0.0 27.410207939508506 1.4792899408284024 11.182344856930042 41
420 0.1 2.955665024630542 0.0 27.410207939508506 1.4792899408284024 11.00488774656947 42
430 0.1 2.7559055118110236 0.0 27.410207939508506 1.4792899408284024 10.817696520477867 43
440 0.1 1.1846001974333662 0.0 27.410207939508506 1.1846001974333662 10.63447399755362 44
450 0.1 1.7699115044247788 0.0 27.410207939508506 1.1846001974333662 10.424476801995393 45
460 0.1 1.2845849802371543 0.0 27.410207939508506 1.1846001974333662 10.236334078135162 46
470 0.1 0.9881422924901186 0.0 27.410207939508506 0.9881422924901186 10.045871331371373 47
480 0.1 1.085883514313919 0.0 27.410207939508506 0.9881422924901186 9.857168643061348 48
490 0.1 1.0848126232741617 0.0 27.410207939508506 0.9881422924901186 9.678162824107318 49
500 0.1 0.8893280632411068 0.0 27.410207939508506 0.8893280632411068 9.506295820090655 50
510 0.1 1.0848126232741617 0.0 27.410207939508506 0.8893280632411068 9.337335667995566 51
520 0.1 1.0848126232741617 0.0 27.410207939508506 0.8893280632411068 9.178633301750924 52
