0 0 0
10 0.1 1
20 0.4 5
30 0.2 7
40 0.6 13
50 0.9 22
60 1.1 33
70 2 53
80 1.1 64
90 1.6 80
100 1.5 95
110 1.7 112
120 2.4 136
130 3.6 172
140 3.9 211
150 5.2 263
160 4.5 308
170 7.3 381
180 8.7 468
190 13.6 604
200 13.8 742
210 14.5 887
220 14.7 1034
230 17.4 1208
240 18.8 1396
250 18.9 1585
260 18.9 1774
270 17.8 1952
280 16.7 2119
290 19.7 2316
300 24.9 2565
310 17.6 2741
320 14.4 2885
330 15.5 3040
340 10.6 3146
350 12.4 3270
360 12.7 3397
370 11.1 3508
380 9.2 3600
390 5.7 3657
400 4.6 3703
410 4 3743
420 2.4 3767
430 1.9 3786
440 0.8 3794
450 0.4 3798
460 0.2 3800
470 0.2 3802
480 0.1 3803
490 0 3803
500 0 3803
510 0 3803
520 0.1 3804
521 0 3804
