0 0.1 0.03125 0 0.03125 0.03125 0 0
10 0.1 0.01953125 0.0 0.03125 0.01953125 0.03125 1
20 0.1 0.01953125 0.0 0.03125 0.01953125 0.025390625 2
30 0.1 0.01953125 0.0 0.03125 0.01953125 0.0234375 3
40 0.1 0.01171875 0.0 0.03125 0.01171875 0.0224609375 4
50 0.1 0.01171875 0.0 0.03125 0.01171875 0.0203125 5
60 0.1 0.01171875 0.0 0.03125 0.01171875 0.018880208333333332 6
70 0.1 0.01171875 0.0 0.03125 0.01171875 0.017857142857142856 7
80 0.1 0.01171875 0.0 0.03125 0.01171875 0.01708984375 8
90 0.1 0.01171875 0.0 0.03125 0.01171875 0.016493055555555556 9
100 0.1 0.0 0.0 0.03125 0.0 0.016015625 10
110 0.1 0.0 0.0 0.03125 0.0 0.01455965909090909 11
120 0.1 0.0 0.0 0.03125 0.0 0.013346354166666666 12
130 0.1 0.0 0.0 0.03125 0.0 0.012319711538461538 13
140 0.1 0.0 0.0 0.03125 0.0 0.011439732142857142 14
150 0.1 0.0 0.0 0.03125 0.0 0.010677083333333334 15
160 0.1 0.078125 0.0 0.078125 0.0 0.010009765625 16
170 0.1 0.05859375 0.0 0.078125 0.0 0.01401654411764706 17
180 0.1 0.05078125 0.0 0.078125 0.0 0.016493055555555556 18
190 0.1 0.109375 0.0 0.109375 0.0 0.018297697368421052 19
200 0.1 0.08984375 0.0 0.109375 0.0 0.0228515625 20
210 0.1 0.16015625 0.0 0.16015625 0.0 0.026041666666666668 21
220 0.1 0.12890625 0.0 0.16015625 0.0 0.03213778409090909 22
230 0.1 0.109375 0.0 0.16015625 0.0 0.036345108695652176 23
240 0.1 0.171875 0.0 0.171875 0.0 0.039388020833333336 24
250 0.1 0.140625 0.0 0.171875 0.0 0.0446875 25
260 0.1 0.12109375 0.0 0.171875 0.0 0.04837740384615385 26
270 0.1 0.1796875 0.0 0.1796875 0.0 0.05107060185185185 27
280 0.1 0.1484375 0.0 0.1796875 0.0 0.0556640625 28
290 0.1 0.12890625 0.0 0.1796875 0.0 0.05886314655172414 29
300 0.1 0.1796875 0.0 0.1796875 0.0 0.061197916666666664 30
310 0.1 0.16015625 0.0 0.1796875 0.0 0.06502016129032258 31
320 0.1 0.12890625 0.0 0.1796875 0.0 0.0679931640625 32
330 0.1 0.109375 0.0 0.1796875 0.0 0.06983901515151515 33
340 0.1 0.08984375 0.0 0.1796875 0.0 0.07100183823529412 34
350 0.1 0.078125 0.0 0.1796875 0.0 0.07154017857142857 35
360 0.1 0.140625 0.0 0.1796875 0.0 0.07172309027777778 36
370 0.1 0.12109375 0.0 0.1796875 0.0 0.07358530405405406 37
380 0.1 0.1796875 0.0 0.1796875 0.0 0.07483552631578948 38
390 0.1 0.1484375 0.0 0.1796875 0.0 0.07752403846153846 39
400 0.1 0.12890625 0.0 0.1796875 0.0 0.079296875 40
410 0.1 0.109375 0.0 0.1796875 0.0 0.08050685975609756 41
420 0.1 0.08984375 0.0 0.1796875 0.0 0.08119419642857142 42
430 0.1 0.078125 0.0 0.1796875 0.0 0.08139534883720931 43
440 0.1 0.0703125 0.0 0.1796875 0.0 0.08132102272727273 44
450 0.1 0.05859375 0.0 0.1796875 0.0 0.08107638888888889 45
460 0.1 0.05078125 0.0 0.1796875 0.0 0.08058763586956522 46
470 0.1 0.0390625 0.0 0.1796875 0.0 0.07995345744680851 47
480 0.1 0.03125 0.0 0.1796875 0.0 0.0791015625 48
490 0.1 0.03125 0.0 0.1796875 0.0 0.078125 49
500 0.1 0.01953125 0.0 0.1796875 0.0 0.0771875 50
510 0.1 0.01953125 0.0 0.1796875 0.0 0.07605698529411765 51
520 0.1 0.01953125 0.0 0.1796875 0.0 0.07496995192307693 52
