0 0.9 19.143147786458332 32.08178837532511 109.777099609375 5.759033203125 0 0
10 2.9 18.708091998922413 27.138160481460964 109.777099609375 5.759033203125 19.143147786458332 9
20 4.3 31.85314089752907 35.90726025205155 109.777099609375 5.759033203125 18.811131527549342 38
30 7.6 25.81795140316612 32.52813517759735 119.989990234375 5.759033203125 25.734667365933642 81
40 11.8 22.563162076271187 30.915714452864734 141.43701171875 5.19091796875 25.774983205613058 157
50 13.8 27.19725501019022 34.58365105715487 141.43701171875 5.19091796875 24.396819957386363 275
60 14.2 26.943111795774655 51.353330750512356 529.955078125 5.19091796875 25.332558546458838 413
70 20.7 20.977168723580924 27.008882813737973 529.955078125 5.133056640625 25.744628026463964 555
80 16.2 22.087729371624228 28.91106040489957 529.955078125 5.133056640625 24.44953081426345 762
90 18.1 23.6191109504489 33.72768009295531 529.955078125 5.089111328125 24.03544874315138 924
100 20.4 25.261946135876226 35.66310105654597 529.955078125 5.089111328125 23.96725223593043 1105
110 25.1 62.226918497883446 155.2921720582046 1739.375 5.089111328125 24.16902271384406 1309
120 42.9 31.233097956730777 45.989789058360955 1739.375 4.993896484375 30.29244056114783 1560
130 51.9 51.01842767792628 72.94503674635024 1739.375 4.993896484375 30.495327450391216 1989
140 52.2 69.76073376885779 98.5674208822113 1739.375 4.993896484375 34.74233264101749 2508
150 68.5 243.3630071709625 296.3992526920063 1739.375 4.993896484375 40.77520570660582 3030
160 73.9 805.2730473375136 439.2904120511456 2497.291015625 1.02880859375 78.12988780703229 3715
170 94.8 1083.0160174792322 688.9428643589581 2965.86181640625 0.597900390625 198.77622702863664 4454
180 144 744.2524519178603 740.4503545044632 2965.86181640625 0.597900390625 353.9519621910144 5402
190 173.3 625.5968390198992 681.2539621157752 2965.86181640625 0.552978515625 436.09646748283814 6842
200 169.2 1127.7168120255694 1461.3153662638827 6821.380859375 0.552978515625 474.394326826713 8575
210 186.3 1268.9115926565426 1904.197291483918 13389.620849609375 0.552978515625 582.061770574299 10267
220 189.9 1357.124416582328 2218.411812410457 21037.82080078125 0.552978515625 687.5523904044078 12130
230 192.6 1407.1628742475502 2659.5096366071716 36553.39111328125 0.552978515625 778.1873093374659 14029
240 186.6 1930.750470225835 4726.31969678478 37220.722900390625 0.552978515625 854.1137861796359 15955
250 198.1 3774.127206508707 8971.46977119623 37220.722900390625 0.552978515625 966.8461834878794 17821
260 196.2 4313.848988073188 10314.865454248862 38367.802978515625 0.552978515625 1247.6876998298783 19802
270 204.3 5408.444625847034 15337.510608397128 67988.84692382813 0.552978515625 1524.0986742616635 21764
280 197.1 6627.512285190929 18786.671036805168 68717.76708984375 0.552978515625 1857.4341965487602 23807
290 212.4 6866.309624680918 19034.02696635765 68717.76708984375 0.5341796875 2222.1569800352104 25778
300 222.2 5272.461865058577 16414.20107560538 68717.76708984375 0.5341796875 2575.6864839140535 27902
310 173.7 888.7504241890655 4296.996722460404 68717.76708984375 0.5341796875 2774.6054487561437 30124
320 147 882.7438584515837 3698.1267763511505 68717.76708984375 0.5341796875 2671.792286028263 31861
330 135.8 434.2995738505615 242.63805307133748 68717.76708984375 0.5341796875 2592.8897271930127 33331
340 110.8 615.7888445802552 273.37547184215714 68717.76708984375 0.5341796875 2508.3855492622843 34689
350 125 817.1753390624999 649.5470660972361 68717.76708984375 0.5341796875 2449.805300951317 35797
360 107.1 878.1732340722747 588.0658619189707 68717.76708984375 0.5341796875 2394.718857990726 37047
370 96.1 492.9063069068683 262.1806823736166 68717.76708984375 0.5341796875 2352.1085331253958 38118
380 74.1 66.21793586844208 79.76933292294233 68717.76708984375 0.5341796875 2306.388495780632 39079
390 42.5 19.0060546875 25.189988241961913 68717.76708984375 0.5341796875 2264.701745783271 39820
400 34.3 15.589415970071064 16.284468023507745 68717.76708984375 0.5341796875 2240.9864850374465 40245
410 23 11.02066066576087 6.764708028427267 68717.76708984375 0.5341796875 2222.1801581750706 40588
420 16.8 12.435403006417408 11.573553545365462 68717.76708984375 0.5341796875 2209.720785240896 40818
430 9.7 10.749393423807987 4.78986405299978 68717.76708984375 0.5341796875 2200.7141989866777 40986
440 1.5 11.79296875 7.267768048855818 68717.76708984375 0.5341796875 2195.543530190835 41083
450 0.8 24.074981689453125 29.565703584755255 68717.76708984375 0.5341796875 2194.746502150015 41098
460 3.8 11.945389597039474 2.872357803693863 68717.76708984375 0.5341796875 2194.3240486842515 41106
470 2.3 11.873036260190217 2.573306855933821 68717.76708984375 0.5341796875 2192.308435495322 41144
480 0.1 7.64208984375 0.0 68717.76708984375 0.5341796875 2191.0902263913695 41167
490 0 0 0 68717.76708984375 0.5341796875 2191.037188883194 41168
500 0 0 0 68717.76708984375 0.5341796875 2191.037188883194 41168
510 0 0 0 68717.76708984375 0.5341796875 2191.037188883194 41168
520 0.2 67.845947265625 30.14599609375 68717.76708984375 0.5341796875 2191.037188883194 41168
521 0 0 0 68717.76708984375 0.5341796875 2190.9340462433297 41170
