10 0.1 58 0 58 58 0 0
20 0.1 217.0 0.0 217 58 58.0 1
30 0.1 240.0 0.0 240 58 137.5 2
40 0.1 464.0 0.0 464 58 171.66666666666666 3
50 0.1 676.0 0.0 676 58 244.75 4
60 0.1 800.0 0.0 800 58 331.0 5
70 0.1 800.0 0.0 800 58 409.1666666666667 6
80 0.1 1333.0 0.0 1333 58 465.0 7
90 0.1 850.0 0.0 1333 58 573.5 8
100 0.1 1066.0 0.0 1333 58 604.2222222222222 9
110 0.1 1416.0 0.0 1416 58 650.4 10
120 0.1 1519.0 0.0 1519 58 720.0 11
130 0.1 2567.0 0.0 2567 58 786.5833333333334 12
140 0.1 2921.0 0.0 2921 58 923.5384615384615 13
150 0.1 3274.0 0.0 3274 58 1066.2142857142858 14
160 0.1 4538.0 0.0 4538 58 1213.4 15
170 0.1 4574.0 0.0 4574 58 1421.1875 16
180 0.1 5246.0 0.0 5246 58 1606.6470588235295 17
190 0.1 7163.0 0.0 7163 58 1808.8333333333333 18
200 0.1 7292.0 0.0 7292 58 2090.6315789473683 19
210 0.1 7963.0 0.0 7963 58 2350.7 20
220 0.1 9618.0 0.0 9618 58 2617.9523809523807 21
230 0.1 10588.0 0.0 10588 58 2936.1363636363635 22
240 0.1 10750.0 0.0 10750 58 3268.8260869565215 23
250 0.1 9119.0 0.0 10750 58 3580.5416666666665 24
260 0.1 8811.0 0.0 10750 58 3802.08 25
270 0.1 8871.0 0.0 10750 58 3994.730769230769 26
280 0.1 8850.0 0.0 10750 58 4175.333333333333 27
290 0.1 8605.0 0.0 10750 58 4342.285714285714 28
300 0.1 9031.0 0.0 10750 58 4489.275862068965 29
310 0.1 8553.0 0.0 10750 58 4640.666666666666 30
320 0.1 7154.0 0.0 10750 58 4766.870967741935 31
330 0.1 6716.0 0.0 10750 58 4841.468749999999 32
340 0.1 6694.0 0.0 10750 58 4898.272727272726 33
350 0.1 6039.0 0.0 10750 58 4951.088235294117 34
360 0.1 5387.0 0.0 10750 58 4982.171428571428 35
370 0.1 4974.0 0.0 10750 58 4993.416666666666 36
380 0.1 4682.0 0.0 10750 58 4992.891891891891 37
390 0.1 2614.0 0.0 10750 58 4984.710526315789 38
400 0.1 1977.0 0.0 10750 58 4923.923076923077 39
410 0.1 1430.0 0.0 10750 58 4850.25 40
420 0.1 854.0 0.0 10750 58 4766.829268292683 41
430 0.1 754.0 0.0 10750 58 4673.666666666667 42
440 0.1 188.0 0.0 10750 58 4582.511627906977 43
450 0.1 168.0 0.0 10750 58 4482.636363636364 44
460 0.1 194.0 0.0 10750 58 4386.7555555555555 45
470 0.1 103.0 0.0 10750 58 4295.608695652174 46
480 0.1 19.0 0.0 10750 19 4206.404255319149 47
490 0.1 114.0 0.0 10750 19 4119.166666666667 48
500 0.1 3.0 0.0 10750 3 4037.4285714285716 49
510 0.1 0.0 0.0 10750 0 3956.74 50
520 0.1 8.0 0.0 10750 0 3879.156862745098 51
