0 12.65390625 12.65390625
10 45.93828125 58.5921875
20 106.834375 165.4265625
30 160.053125 325.4796875
40 254.9359375 580.415625
50 294.228125 874.64375
60 333.728125 1208.371875
70 521.3671875 1729.7390625
80 383.4265625 2113.165625
90 396.928125 2510.09375
100 460.771875 2970.865625
110 582.584375 3553.45
120 952.6828125 4506.1328125
130 1145.44921875 5651.58203125
140 1222.14296875 6873.725
150 1583.4953125 8457.2203125
160 1635.38828125 10092.60859375
170 1783.71796875 11876.3265625
180 1975.6546875 13851.98125
190 2090.6328125 15942.6140625
200 1961.15078125 17903.76484375
210 2212.35078125 20116.115625
220 2133.13671875 22249.25234375
230 2215.2046875 24464.45703125
240 2109.70546875 26574.1625
250 2178.48984375 28752.65234375
260 2129.57890625 30882.23125
270 2209.86953125 33092.10078125
280 2083.26484375 35175.365625
290 2190.753125 37366.11875
300 2322.5875 39688.70625
310 2024.3703125 41713.0765625
320 2057.5859375 43770.6625
330 2230.73359375 46001.39609375
340 1868.41875 47869.81484375
350 1801.56484375 49671.3796875
360 1872.47421875 51543.85390625
370 2035.16015625 53579.0140625
380 1396.33828125 54975.35234375
390 822.6640625 55798.01640625
400 701.6765625 56499.69296875
410 428.72578125 56928.41875
420 372.94296875 57301.36171875
430 204.80859375 57506.1703125
440 27.6828125 57533.853125
450 20.88359375 57554.73671875
460 111.12265625 57665.859375
470 62.68359375 57728.54296875
480 1.83359375 57730.3765625
490 0 57730.3765625
500 0 57730.3765625
510 0 57730.3765625
520 10.821875 57741.1984375
521 0 57741.1984375
