30 0.1 17.6689453125 0 17.6689453125 17.6689453125 0 0
40 0 0 0 17.6689453125 17.6689453125 17.6689453125 1
50 0.3 12.42236328125 1.382947509266911 17.6689453125 11.26904296875 17.6689453125 1
60 0.5 18.3572265625 7.436159467340022 32.5478515625 11.05908203125 13.7340087890625 4
70 0.6 13.272501627604166 1.5776767560996718 32.5478515625 11.05908203125 16.30246310763889 9
80 0.4 12.35626220703125 0.5419656386187962 32.5478515625 11.05908203125 15.090478515625 15
90 0.6 14.009358723958334 2.4448053350663836 32.5478515625 10.97607421875 14.514854029605264 19
100 0.4 14.8165283203125 2.178889360906088 32.5478515625 10.97607421875 14.39353515625 25
110 0.5 18.205078125 11.981248795494851 41.947021484375 10.97607421875 14.451879040948276 29
120 0.6 12.668416341145834 2.2973102426076277 41.947021484375 10.818115234375 15.003820082720589 34
130 1.1 23.91958895596591 11.011300491741036 49.986083984375 10.818115234375 14.653509521484375 40
140 0.4 27.34698486328125 16.748937328789644 56.056884765625 10.818115234375 16.652075674019606 51
150 1.4 264.2725132533482 233.48548569713856 636.498046875 10.818115234375 17.429887251420453 55
160 1.4 739.7476457868304 274.5034163648669 1170.253173828125 10.818115234375 67.51389832427536 69
170 1.7 707.2890768612133 524.9609431207286 1227.173095703125 0.865966796875 180.9027231974774 83
180 2.1 758.7660319010416 501.7141254184778 1329.224853515625 0.865966796875 270.3884033203125 100
190 3.6 433.7688802083333 518.6208878989689 1329.224853515625 0.865966796875 355.1481570409349 121
200 2.5 587.682177734375 489.66029322595364 1329.224853515625 0.865966796875 373.17583878632564 157
210 3.9 453.7095477764423 429.9211886921392 1329.224853515625 0.719970703125 402.6409952352335 182
220 5.6 493.2242431640625 406.0211881323245 1329.224853515625 0.706787109375 411.65309274250563 221
230 7.8 489.6042918669872 337.2416072366574 1329.224853515625 0.706787109375 428.14401123928246 277
240 8.5 430.6747616038603 381.38254976880097 1329.224853515625 0.6689453125 441.64796022227114 355
250 7.5 435.6185579427083 416.4262608138789 1329.224853515625 0.6689453125 439.5281377618963 440
260 7.3 465.9495799443493 406.718862317469 1329.224853515625 0.6689453125 438.95878147754854 515
270 6.2 438.15977822580646 388.961354959624 1329.224853515625 0.6689453125 442.3096799266582 588
280 7 414.9766078404018 385.4692245887179 1329.224853515625 0.64892578125 441.9138431490385 650
290 8.5 410.4071892233456 419.56156082993925 1329.224853515625 0.64892578125 439.2949452718099 720
300 7.6 422.0492842824836 375.45003205537756 1329.224853515625 0.64892578125 436.244685316382 805
310 7.3 495.82172048908393 329.83371173254943 1329.224853515625 0.64892578125 435.02011042583 881
320 7.2 537.5023091634115 205.21229219602856 1329.224853515625 0.64892578125 439.67264452920267 954
330 7.5 350.9494466145834 142.09823120114592 1329.224853515625 0.64892578125 446.5378841526559 1026
340 5.8 529.9492229593211 151.03909842834454 1329.224853515625 0.64892578125 440.02641020592074 1101
350 5 607.3211181640625 428.59479419993045 1329.224853515625 0.64892578125 444.526430171147 1159
360 5.3 709.0177255306604 320.8762642295305 1329.224853515625 0.64892578125 451.25904754058104 1209
370 4.4 377.89578524502843 101.86216626557274 1329.224853515625 0.64892578125 462.0840950314481 1262
380 4 48.819403076171874 41.75009366124133 1329.224853515625 0.64892578125 459.24773543680607 1306
390 3.6 14.40195041232639 6.064162058805406 1329.224853515625 0.64892578125 447.0507567633846 1346
400 3.5 14.123597935267858 6.850453086607945 1329.224853515625 0.64892578125 435.78059972384904 1382
410 2.7 12.401936848958334 4.458940681986944 1329.224853515625 0.64892578125 425.36564202264907 1417
420 1.8 11.043036566840279 3.8710188563241243 1329.224853515625 0.64892578125 417.6440214965482 1444
430 1 12.819677734375 2.699986076760597 1329.224853515625 0.64892578125 412.6379902183439 1462
440 0.2 13.0660400390625 0.0069580078125 1329.224853515625 0.64892578125 409.9218332041865 1472
450 0 0 0 1329.224853515625 0.64892578125 409.38335858659474 1474
460 0 0 0 1329.224853515625 0.64892578125 409.38335858659474 1474
470 0.2 12.779052734375 0.02294921875 1329.224853515625 0.64892578125 409.38335858659474 1474
480 0 0 0 1329.224853515625 0.64892578125 408.8459543781229 1476
490 0 0 0 1329.224853515625 0.64892578125 408.8459543781229 1476
500 0 0 0 1329.224853515625 0.64892578125 408.8459543781229 1476
510 0 0 0 1329.224853515625 0.64892578125 408.8459543781229 1476
520 0 0 0 1329.224853515625 0.64892578125 408.8459543781229 1476
521 0 0 0 1329.224853515625 0.64892578125 408.8459543781229 1476
