20 0.3 12.134684244791666 1.7884748882964305 14.659912109375 10.748046875 0 0
30 0.4 10.173828125 1.0433181434633652 14.659912109375 9.025146484375 12.134684244791666 3
40 0.7 11.955287388392858 2.7048505302437826 16.347900390625 9.025146484375 11.014195033482142 7
50 0.7 11.24658203125 2.3561488807434627 16.347900390625 8.906005859375 11.4847412109375 14
60 0.3 15.169759114583334 1.1886313275043892 16.347900390625 8.906005859375 11.405354817708334 21
70 0.7 11.126255580357142 2.126290283961132 16.347900390625 8.618896484375 11.875905354817709 24
80 0.6 18.932861328125 13.609047202897404 48.285888671875 8.618896484375 11.706629599294354 31
90 0.9 13.383599175347221 7.965752517634125 48.285888671875 8.618896484375 12.87845096072635 37
100 0.8 12.06842041015625 3.772500407017148 48.285888671875 8.618896484375 12.977284307065217 46
110 0.8 23.832763671875 24.614262134057476 84.469970703125 8.618896484375 12.842637803819445 54
120 1.6 29.96427917480469 58.343086861880636 254.93408203125 8.618896484375 14.260718560987904 62
130 2 23.5887939453125 15.998218698381072 254.93408203125 8.618896484375 17.481961763822117 78
140 2.1 33.20166015625 25.84448034979105 254.93408203125 8.618896484375 18.728254045758927 98
150 3.4 177.7720947265625 189.33432068867816 653.551025390625 8.618896484375 21.282384535845587 119
160 2.5 704.986982421875 233.79848952481285 1198.450927734375 8.618896484375 56.05787568933823 153
170 3.3 903.4617660984849 400.1953090370261 1367.287109375 0.76806640625 147.19960416300913 178
180 5.9 557.1103970802436 524.3717657231574 1367.287109375 0.68994140625 265.47757261737263 211
190 6.4 439.9964141845703 505.82386695784623 1367.287109375 0.68994140625 329.20474537037035 270
200 7.8 540.4085724659452 480.74528374131245 1367.287109375 0.68212890625 350.43428670003743 334
210 10.3 448.74012297102547 417.5745370884247 1367.287109375 0.68212890625 386.40029225766074 412
220 7.9 481.9097359572785 391.64811650497035 1367.287109375 0.6689453125 398.8682584003337 515
230 6 524.2879638671874 357.58973942545214 1367.287109375 0.6689453125 409.9124953144728 594
240 6.3 442.9274166046627 362.4918756981072 1367.287109375 0.6689453125 420.4056575670154 654
250 6.8 491.5391630284926 408.82020452343795 1367.287109375 0.6689453125 422.38455689668314 717
260 8.6 540.5019190588666 381.62094695510075 1367.287109375 0.65087890625 428.3750195934514 785
270 7.9 461.50663815268985 376.3131916094448 1367.287109375 0.65087890625 439.4461026635154 871
280 7.2 488.933356391059 376.6156430733915 1367.287109375 0.65087890625 441.2806103515625 950
290 7.9 511.03734733484947 417.2460822602942 1367.287109375 0.65087890625 444.6377509727403 1022
300 6.2 536.2143515309984 352.5673531534493 1367.287109375 0.65087890625 449.40211801416325 1101
310 7 459.8438441685268 335.6555206234543 1367.287109375 0.65087890625 454.0301132661355 1163
320 6.5 550.3112492487982 215.2280919602781 1367.287109375 0.65087890625 454.36017098159977 1233
330 3.4 333.92114975873164 139.30566494165205 1367.287109375 0.65087890625 459.1651171197877 1298
340 1 603.1933349609375 167.3225291240704 1367.287109375 0.65087890625 455.96819903399495 1332
350 3.7 606.0224939294766 451.22860207760743 1367.287109375 0.65087890625 457.06525667875604 1342
360 4 648.7286926269531 323.7887385354093 1367.287109375 0.65087890625 461.0619338203635 1379
370 2.5 377.79341796875 108.06327265650594 1367.287109375 0.65087890625 466.35204682407283 1419
380 1.8 37.004842122395836 30.80271964116871 1367.287109375 0.65087890625 464.8188295654973 1444
390 0.8 13.66204833984375 4.1840002657606625 1367.287109375 0.65087890625 459.55162588972723 1462
400 0.3 11.1611328125 1.9029059861915487 1367.287109375 0.65087890625 457.12501594387754 1470
410 0.2 10.5535888671875 0.1505126953125 1367.287109375 0.65087890625 456.2167391961558 1473
420 0 0 0 1367.287109375 0.65087890625 455.6124501787606 1475
430 0 0 0 1367.287109375 0.65087890625 455.6124501787606 1475
440 0.1 10.9140625 0.0 1367.287109375 0.65087890625 455.6124501787606 1475
450 0 0 0 1367.287109375 0.65087890625 455.3111640082465 1476
460 0 0 0 1367.287109375 0.65087890625 455.3111640082465 1476
470 0 0 0 1367.287109375 0.65087890625 455.3111640082465 1476
480 0 0 0 1367.287109375 0.65087890625 455.3111640082465 1476
490 0 0 0 1367.287109375 0.65087890625 455.3111640082465 1476
500 0 0 0 1367.287109375 0.65087890625 455.3111640082465 1476
510 0 0 0 1367.287109375 0.65087890625 455.3111640082465 1476
520 0 0 0 1367.287109375 0.65087890625 455.3111640082465 1476
521 0 0 0 1367.287109375 0.65087890625 455.3111640082465 1476
