30 0.8 5.79400634765625 0.8833166113637458 6.994140625 4.60205078125 0 0
40 0.8 4.626373291015625 0.19422038635015698 6.994140625 4.489990234375 5.79400634765625 8
50 0 0 0 6.994140625 4.489990234375 5.2101898193359375 16
60 1.6 5.8094940185546875 2.6845910812450873 14.613037109375 4.43896484375 5.2101898193359375 16
70 4 5.499414062499999 1.1438628667371966 14.613037109375 4.43896484375 5.5098419189453125 32
80 1.6 4.9443817138671875 0.8669715871112306 14.613037109375 4.43896484375 5.504048665364582 72
90 0.8 7.249847412109375 2.9104576772397888 14.613037109375 4.43505859375 5.402291037819601 88
100 0.8 5.8878173828125 1.0989325966314774 14.613037109375 4.43505859375 5.556254069010415 96
110 2.4 16.299458821614582 24.41698246392497 123.76904296875 4.43505859375 5.581758939302883 104
120 4.6 6.868880562160326 3.8779856355114397 123.76904296875 4.43505859375 7.591327667236327 128
130 3.4 18.41599408318015 24.101639996991846 131.456787109375 4.43505859375 7.400335903825431 174
140 3.2 15.398948669433594 21.59440998536237 131.456787109375 4.43505859375 9.200972336989183 208
150 4.2 96.69771321614583 170.69953706521133 639.22900390625 4.43505859375 10.027369181315104 240
160 4 629.3521240234375 278.98348371549883 1182.9150390625 4.43505859375 22.93571829288564 282
170 4.8 957.4356231689453 346.1727854424238 1339.52099609375 0.773193359375 98.26694881842003 322
180 9 555.4888102213541 514.5092877891688 1339.52099609375 0.7060546875 209.72666873416384 370
190 11.7 485.1636702056624 505.8544224094805 1499.617919921875 0.680908203125 277.37578337296196 460
200 9 652.0202121310765 829.241257255517 6009.44189453125 0.680908203125 319.50954898721835 577
210 13.5 643.7481734664352 700.0962161904274 6009.44189453125 0.680908203125 364.3760552585036 667
220 16.9 567.873455702201 939.5735418267692 6510.9208984375 0.666015625 411.40253400921523 802
230 16.6 566.1311549910581 731.3649760243392 6510.9208984375 0.666015625 438.63588701242287 971
240 18.6 562.2766034526211 578.4690766183521 6510.9208984375 0.666015625 457.24997187122096 1137
250 18.6 518.3151566700275 712.9980318673454 6510.9208984375 0.654052734375 472.01562075568086 1323
260 20.2 555.2759683439044 858.2638169500087 6510.9208984375 0.654052734375 477.72252180277724 1509
270 23 419.4257950492527 582.4063662947653 6510.9208984375 0.654052734375 486.87845178600793 1711
280 21.7 480.19614842849916 728.8930642020241 6510.9208984375 0.654052734375 478.8856073504316 1941
290 22.4 365.005355834961 457.0935055700206 6510.9208984375 0.654052734375 479.0173902113865 2158
300 38.3 322.1596150609904 545.0364489947079 6510.9208984375 0.654052734375 468.2958554925287 2382
310 26.5 438.1910626105542 347.7106691102684 6510.9208984375 0.654052734375 448.0534757148509 2765
320 24.7 496.9521859975963 221.08599738376222 6510.9208984375 0.654052734375 447.190921433452 3030
330 25.3 313.0923565649703 139.0324211844201 6510.9208984375 0.654052734375 450.94161790807624 3277
340 9.8 537.4328887316645 144.20548567126778 6510.9208984375 0.654052734375 441.06176999878284 3530
350 15.3 576.6897818372141 459.73104429886814 6510.9208984375 0.654052734375 443.6649589832984 3628
360 18.6 610.3651293682793 346.67549759152246 6510.9208984375 0.654052734375 449.0478729998678 3781
370 20.9 332.65385298295456 122.8715340815061 6510.9208984375 0.654052734375 456.6115255545753 3967
380 15.2 43.50736758583471 38.442496307950584 6510.9208984375 0.654052734375 450.40770525585197 4176
390 4.8 8.879445393880209 7.606521274495464 6510.9208984375 0.654052734375 436.11730522677556 4328
400 6.4 5.549625396728516 1.7292633164984976 6510.9208984375 0.654052734375 431.43096672769445 4376
410 3.2 4.7798233032226545 0.807634517454626 6510.9208984375 0.654052734375 425.2921365823832 4440
420 3.3 4.643606474905303 0.4567082026172589 6510.9208984375 0.654052734375 422.2831039292229 4472
430 2.7 4.812943070023148 0.9604044961446361 6510.9208984375 0.654052734375 419.2238134928205 4505
440 0 0 0 6510.9208984375 0.654052734375 416.7549049532319 4532
450 0 0 0 6510.9208984375 0.654052734375 416.7549049532319 4532
460 1.6 4.9228515625 1.352699575987273 6510.9208984375 0.654052734375 416.7549049532319 4532
470 0.8 4.561370849609375 0.11310425035245 6510.9208984375 0.654052734375 415.30606747428476 4548
480 0 0 0 6510.9208984375 0.654052734375 414.58483007898246 4556
490 0 0 0 6510.9208984375 0.654052734375 414.58483007898246 4556
500 0 0 0 6510.9208984375 0.654052734375 414.58483007898246 4556
510 0 0 0 6510.9208984375 0.654052734375 414.58483007898246 4556
520 0 0 0 6510.9208984375 0.654052734375 414.58483007898246 4556
521 0 0 0 6510.9208984375 0.654052734375 414.58483007898246 4556
