0 0.2 9.24853515625 0.20947265625 9.4580078125 9.0390625 0 0
10 0.6 10.703653971354166 3.6284165133479314 18.763916015625 8.237060546875 9.24853515625 2
20 0.4 12.21282958984375 2.818736010213294 18.763916015625 8.237060546875 10.339874267578125 8
30 0.5 10.899169921875 2.583509059794882 18.763916015625 7.78515625 10.964192708333334 12
40 0.6 10.36181640625 1.932431523556202 18.763916015625 7.78515625 10.945068359375 17
50 0.9 13.315673828125 6.79228414369213 29.197021484375 7.760009765625 10.792915675951088 23
60 0.4 9.4635009765625 1.1637295048258023 29.197021484375 7.760009765625 11.50244140625 32
70 0.8 9.577667236328125 1.845944171636032 29.197021484375 7.760009765625 11.275892469618055 36
80 1 11.12587890625 5.191874972410376 29.197021484375 7.596923828125 10.967124245383523 44
90 1 10.03662109375 2.5423080382934526 29.197021484375 7.596923828125 10.996523256655093 54
100 1.5 13.782975260416666 8.022008553052725 35.39013671875 7.48193359375 10.846538543701172 64
110 1.5 133.1306803385417 430.12072487163573 1739.463134765625 7.48193359375 11.404089819026899 79
120 1.8 21.504638671875 17.120808489074285 1739.463134765625 7.48193359375 30.82854575299203 94
130 4.4 22.78394664417614 25.433402142509138 1739.463134765625 7.48193359375 29.330060686383938 112
140 2.6 22.4168701171875 14.778052115493715 1739.463134765625 7.48193359375 27.483720828325325 156
150 3.5 236.88360072544643 216.63359396170785 1739.463134765625 7.48193359375 26.759885012448493 182
160 4.5 676.0334689670138 280.12969309396544 1739.463134765625 7.48193359375 60.65080690164171 217
170 6.2 959.6327731224799 382.30905707827367 1739.463134765625 0.759033203125 166.34630229454913 262
180 9.4 673.2607785488694 491.4964048506748 1739.463134765625 0.757080078125 318.1480343665606 324
190 10.6 471.9404273842866 505.0825664006675 1739.463134765625 0.757080078125 398.0059242066013 418
200 8.7 673.3435900457972 725.657912940142 4904.7490234375 0.7509765625 412.96214049827046 524
210 7.1 903.9124738666374 1720.8028313751095 7647.762939453125 0.7509765625 450.03773151403936 611
220 5.3 650.1551813089623 1097.2748998116244 7647.762939453125 0.7509765625 497.28862111379664 682
230 5.5 450.09287553267046 805.0008206717771 7647.762939453125 0.743896484375 508.3116519850127 735
240 6.9 1260.824423969656 2483.976151909388 12383.30078125 0.739990234375 504.25844602946984 790
250 9.7 2029.2030872462951 6255.845365241095 36887.838134765625 0.739990234375 565.0303348279249 859
260 7.3 2968.603030688142 8174.463750670273 36887.838134765625 0.739990234375 713.5917961088684 956
270 6.6 2320.7613710345636 6576.95959887135 36887.838134765625 0.739990234375 873.5682976873785 1029
280 7.9 2130.0778715882116 7746.176353738527 67774.01708984375 0.739990234375 960.7963733411815 1095
290 8.1 3741.6402723524293 12993.013944172159 67774.01708984375 0.739990234375 1039.4788591687075 1174
300 7.2 6028.266309950087 17005.96655004229 67774.01708984375 0.739990234375 1213.8813089439118 1255
310 1.9 464.4410850123355 355.4332501835556 67774.01708984375 0.739990234375 1475.0988824725061 1327
320 0.3 656.2296549479166 46.934536294005035 67774.01708984375 0.739990234375 1460.8325391205424 1346
330 1.2 271.92405192057294 90.27462009751135 67774.01708984375 0.739990234375 1459.043207280277 1349
340 4.9 5710.270612444197 25178.22743202851 127798.35693359375 0.739990234375 1448.5763227363268 1361
350 4.9 3425.199139030612 18010.397142558457 128187.2060546875 0.739990234375 1596.6777554992243 1410
360 1.4 9779.640799386161 32581.635634723294 128187.2060546875 0.739990234375 1658.0880007309158 1459
370 0.2 449.676513671875 68.734619140625 128187.2060546875 0.739990234375 1735.27859080639 1473
380 0 0 0 128187.2060546875 0.739990234375 1733.5354015492585 1475
390 0.1 36.72900390625 0.0 128187.2060546875 0.739990234375 1733.5354015492585 1475
400 0 0 0 128187.2060546875 0.739990234375 1732.385803718877 1476
410 0 0 0 128187.2060546875 0.739990234375 1732.385803718877 1476
420 0 0 0 128187.2060546875 0.739990234375 1732.385803718877 1476
430 0 0 0 128187.2060546875 0.739990234375 1732.385803718877 1476
440 0 0 0 128187.2060546875 0.739990234375 1732.385803718877 1476
450 0 0 0 128187.2060546875 0.739990234375 1732.385803718877 1476
460 0 0 0 128187.2060546875 0.739990234375 1732.385803718877 1476
470 0 0 0 128187.2060546875 0.739990234375 1732.385803718877 1476
480 0 0 0 128187.2060546875 0.739990234375 1732.385803718877 1476
490 0 0 0 128187.2060546875 0.739990234375 1732.385803718877 1476
500 0 0 0 128187.2060546875 0.739990234375 1732.385803718877 1476
510 0 0 0 128187.2060546875 0.739990234375 1732.385803718877 1476
520 0 0 0 128187.2060546875 0.739990234375 1732.385803718877 1476
521 0 0 0 128187.2060546875 0.739990234375 1732.385803718877 1476
