0 0.8 15.934661865234373 37.33343531258218 114.700927734375 1.252197265625 0 0
10 1 1.8314208984375 0.7072688530701104 114.700927734375 1.11083984375 15.934661865234373 8
20 1 1.6656982421875 0.3542262409631348 114.700927734375 1.11083984375 8.099527994791666 18
30 2 1.7436279296875 0.6210289634647524 114.700927734375 0.93603515625 5.801731654575893 28
40 1.2 1.5904337565104167 0.38506557769895905 114.700927734375 0.93603515625 4.1108551025390625 48
50 1.2 1.5432535807291667 0.22845101235511586 114.700927734375 0.93603515625 3.6067708333333335 60
60 2.2 1.7567360617897727 0.5162450968852067 114.700927734375 0.93603515625 3.262851291232639 72
70 1.8 1.929646809895833 0.7605937257371381 114.700927734375 0.93603515625 2.910356237533245 94
80 2.1 2.338192894345238 2.832172122356594 114.700927734375 0.93603515625 2.752742222377232 112
90 3.2 2.188209533691406 4.22282165736212 114.700927734375 0.922119140625 2.687287065319549 133
100 4.5 1.678293185763889 1.2918266296007532 114.700927734375 0.862060546875 2.5904962713068183 165
110 3.8 1.991969058388158 1.4975883027436196 114.700927734375 0.862060546875 2.395024181547619 210
120 8.3 1.6254471009036144 0.8012691224033696 114.700927734375 0.862060546875 2.3332657352570565 248
130 7.9 1.6489783178401898 0.4333228713359437 114.700927734375 0.862060546875 2.155776470449396 331
140 8.2 3.0569353801448185 4.7309900623747 114.700927734375 0.862060546875 2.058125119092988 410
150 13.6 1.9279156853170965 2.154122022288644 114.700927734375 0.839111328125 2.2245934959349594 492
160 15.8 1.8946996761273733 1.2811068198107307 114.700927734375 0.839111328125 2.160344798094148 628
170 14.2 1.465166978433099 0.5428506354161186 114.700927734375 0.8388671875 2.106945396986323 786
180 30.2 2.3455673116721854 7.911532755607299 126.695068359375 0.823974609375 2.0087422338025323 928
190 33.7 1.646365564725518 0.8927004328612862 126.695068359375 0.804931640625 2.0914423748729676 1230
200 29.6 1.8246080553209456 1.4237004924149421 126.695068359375 0.804931640625 1.9957238777321311 1567
210 55.8 1.6470951640905023 2.0435689403080533 126.695068359375 0.715087890625 1.968536393334004 1863
220 60 1.734200439453125 1.2674347542702484 126.695068359375 0.698974609375 1.894449567263011 2421
230 56.1 1.6073744394774954 1.8744667106223463 126.695068359375 0.697021484375 1.8626225309551887 3021
240 15.2 1.7694605777138157 1.7789411916312035 126.695068359375 0.697021484375 1.8226464898276102 3582
250 0.1 1.62890625 0.0 126.695068359375 0.697021484375 1.8204814500200857 3734
260 0.2 1.760009765625 0.342041015625 126.695068359375 0.697021484375 1.8204301581325302 3735
270 0.2 1.322509765625 0.29248046875 126.695068359375 0.697021484375 1.8203978218239898 3737
280 0.3 1.599609375 0.3765025765211373 126.695068359375 0.697021484375 1.8201315003175982 3739
290 1 1.9611083984375 0.7428216016321731 126.695068359375 0.697021484375 1.8199547054549705 3742
300 0.7 2.021519252232143 1.0387210504427864 126.695068359375 0.697021484375 1.8203309146580158 3752
310 0.6 1.605224609375 0.23811818364250395 126.695068359375 0.697021484375 1.8207055670557328 3759
320 0.5 2.833056640625 2.172314674277795 126.695068359375 0.697021484375 1.8203621711072377 3765
330 0.1 1.37109375 0.0 126.695068359375 0.697021484375 1.8217052672206564 3770
340 0.4 1.58978271484375 0.29324187580954414 126.695068359375 0.697021484375 1.8215857733152678 3771
350 0.3 1.670654296875 0.1964393154525248 126.695068359375 0.697021484375 1.8213401541804635 3775
360 0.3 2.4650065104166665 1.1346870142718166 126.695068359375 0.697021484375 1.8212204989205598 3778
370 0.1 1.912109375 0.0 126.695068359375 0.697021484375 1.821731305065624 3781
380 0.2 5.3934326171875 3.9495849609375 126.695068359375 0.697021484375 1.8217552019640733 3782
390 0.1 1.748779296875 0.0 126.695068359375 0.697021484375 1.823642980724762 3784
392 0 0 0 126.695068359375 0.697021484375 1.823623201680152 3785
