10 0.1 154 0 154 154 0 0
20 0.1 170.0 0.0 170 154 154.0 1
30 0.1 339.0 0.0 339 154 162.0 2
40 0.1 447.0 0.0 447 154 221.0 3
50 0.1 553.0 0.0 553 154 277.5 4
60 0.1 653.0 0.0 653 154 332.6 5
70 0.1 662.0 0.0 662 154 386.0 6
80 0.1 685.0 0.0 685 154 425.42857142857144 7
90 0.1 1166.0 0.0 1166 154 457.875 8
100 0.1 1399.0 0.0 1399 154 536.5555555555555 9
110 0.1 1631.0 0.0 1631 154 622.8 10
120 0.1 1362.0 0.0 1631 154 714.4545454545455 11
130 0.1 2308.0 0.0 2308 154 768.4166666666666 12
140 0.1 3403.0 0.0 3403 154 886.8461538461538 13
150 0.1 4713.0 0.0 4713 154 1066.5714285714287 14
160 0.1 5303.0 0.0 5303 154 1309.6666666666667 15
170 0.1 7.0e3 0.0 7000 154 1559.25 16
180 0.1 7126.0 0.0 7126 154 1879.2941176470588 17
190 0.1 8536.0 0.0 8536 154 2170.777777777778 18
200 0.1 8935.0 0.0 8935 154 2505.7894736842104 19
210 0.1 9908.0 0.0 9908 154 2827.25 20
220 0.1 14030.0 0.0 14030 154 3164.4285714285716 21
230 0.1 16013.0 0.0 16013 154 3658.318181818182 22
240 0.1 17089.0 0.0 17089 154 4195.478260869565 23
250 0.1 15204.0 0.0 17089 154 4732.708333333333 24
260 0.1 15365.0 0.0 17089 154 5151.56 25
270 0.1 14797.0 0.0 17089 154 5544.384615384615 26
280 0.1 13612.0 0.0 17089 154 5887.074074074074 27
290 0.1 14136.0 0.0 17089 154 6162.964285714285 28
300 0.1 8296.0 0.0 17089 154 6437.896551724138 29
310 0.1 2084.0 0.0 17089 154 6499.833333333333 30
320 0.1 1052.0 0.0 17089 154 6357.387096774193 31
330 0.1 535.0 0.0 17089 154 6191.59375 32
340 0.1 370.0 0.0 17089 154 6020.181818181818 33
350 0.1 414.0 0.0 17089 154 5854.0 34
360 0.1 191.0 0.0 17089 154 5698.571428571428 35
370 0.1 178.0 0.0 17089 154 5545.583333333333 36
380 0.1 88.0 0.0 17089 88 5400.513513513513 37
390 0.1 50.0 0.0 17089 50 5260.710526315789 38
