20 0.1 17607.1318359375 0 17607.1318359375 17607.1318359375 0 0
30 0.1 22250.10205078125 0.0 22250.10205078125 17607.1318359375 17607.1318359375 1
40 0.8 31617.707916259766 6859.261945133604 40631.902099609375 17607.1318359375 19928.616943359375 2
50 0.9 32510.10706922743 14896.24191914247 56638.801025390625 9470.126953125 29279.889721679687 10
60 1.1 36152.97398792614 12225.500697758409 57923.868896484375 9470.126953125 30809.99267578125 19
70 1.5 41108.0833984375 14030.40684743643 65307.64111328125 9470.126953125 32769.08582356771 30
80 1.2 32998.86448160807 15367.272780952977 65307.64111328125 9470.126953125 35548.75168185764 45
90 1.8 39880.63902452256 17645.926453561802 89619.63110351563 9470.126953125 35011.933323910365 57
100 2.4 28929.980539957684 12128.606354553098 89619.63110351563 9392.310791015625 36180.42269205729 75
110 1.9 38822.06861636513 20769.959040090722 89619.63110351563 9392.310791015625 34422.73974609375 99
120 1.2 46885.573710123695 19519.47975601095 89619.63110351563 9392.310791015625 35131.10625910355 118
130 3 39912.617895507814 19411.207695275283 89792.33984375 9392.310791015625 36216.1340238131 130
140 5.3 32740.040776090824 15102.14984088154 89792.33984375 5661.380859375 36909.22474975586 160
150 4.4 36711.4091685902 14983.072793473455 89792.33984375 5661.380859375 35871.8221647594 213
160 7.3 38219.78665453768 15046.380441991729 89792.33984375 5661.380859375 36015.56468681603 257
170 8 37374.81130371095 13948.000121247507 89792.33984375 5661.380859375 36503.1653039181 330
180 5.4 38634.42184335213 13986.870384700042 89792.33984375 5661.380859375 36673.24257217036 410
190 6.9 44024.50124193275 13355.612822210229 89792.33984375 5661.380859375 36901.483263213064 464
200 7.5 45422.593082682295 13891.633815693147 89792.33984375 5661.380859375 37823.60003719366 533
210 9.5 47312.24596011515 15944.042050390237 89792.33984375 5661.380859375 38760.97582405493 608
220 18.7 49073.72341347761 18854.639070857138 142637.21313476563 5661.380859375 39916.55286946847 703
230 24.5 49323.04710220024 18521.96287251623 142637.21313476563 5661.380859375 41840.587579277126 890
240 31.2 48379.961161295585 17642.76750837261 142637.21313476563 5661.380859375 43455.74404017242 1135
250 35.4 49241.432631670374 17114.417121796418 142637.21313476563 5661.380859375 44517.49645329642 1447
260 35.8 52836.904123657885 15898.555223653693 142637.21313476563 5661.380859375 45446.02138785743 1801
270 40.4 55002.59135029103 14149.513808213105 142637.21313476563 5661.380859375 46671.55914580859 2159
280 42.8 60949.93729521849 13107.413118089711 142637.21313476563 5661.380859375 47984.761256854596 2563
290 40.1 69246.90809231804 13812.018646934694 142637.21313476563 5661.380859375 49840.0254977171 2991
300 18 75528.61407741977 11877.486397967601 142969.69604492188 5661.380859375 52134.294342184956 3392
310 8.2 85829.83905773632 11152.991609281547 142969.69604492188 5661.380859375 53313.1794352259 3572
320 4 94034.2408203125 10541.320538262804 142969.69604492188 5661.380859375 54042.89100858273 3654
330 1.2 104649.97005208333 10939.544236984933 142969.69604492188 5661.380859375 54475.93215435133 3694
340 0.7 108845.98472377232 4774.065492281852 142969.69604492188 5661.380859375 54638.39530998348 3706
350 0.4 133428.15869140625 14573.864438619385 157660.130859375 5661.380859375 54740.59114243609 3713
360 0.3 132445.96069335938 5798.020785230804 157660.130859375 5661.380859375 54825.26971929804 3717
370 0.1 137993.68603515625 0.0 157660.130859375 5661.380859375 54887.86705072874 3720
380 0.2 153590.66796875 3001.3359375 157660.130859375 5661.380859375 54910.20132081324 3721
390 0.1 167443.6181640625 0.0 167443.6181640625 5661.380859375 54963.21258412129 3723
392 0 0 0 167443.6181640625 5661.380859375 54993.4167746637 3724
