0 51.26796875 51.26796875
10 93.06640625 144.334375
20 219.771875 364.10625
30 296.2625 660.36875
40 278.00078125 938.36953125
50 478.27265625 1416.6421875
60 458.6765625 1875.31875
70 448.5734375 2323.8921875
80 698.79140625 3022.68359375
90 897.10625 3919.78984375
100 1156.29375 5076.08359375
110 840.4375 5916.52109375
120 1279.72109375 7196.2421875
130 1904.48203125 9100.72421875
140 2636.03828125 11736.7625
150 2809.225 14545.9875
160 3153.74375 17699.73125
170 3580.9671875 21280.6984375
180 3465.29375 24745.9921875
190 3708.8390625 28454.83125
200 3704.9484375 32159.7796875
210 4387.28984375 36547.06953125
220 5189.75234375 41736.821875
230 5093.1296875 46829.9515625
240 5027.61640625 51857.56796875
250 4473.16796875 56330.7359375
260 4296.69453125 60627.43046875
270 4003.1453125 64630.57578125
280 3921.296875 68551.87265625
290 3879.1 72430.97265625
300 1847.09921875 74278.071875
310 805.6625 75083.734375
320 600.65078125 75684.38515625
330 316.215625 76000.60078125
340 190.16484375 76190.765625
350 134.7703125 76325.5359375
360 95.890625 76421.4265625
370 65.78515625 76487.21171875
380 51.9671875 76539.17890625
390 61.3390625 76600.51796875
392 0 76600.51796875
