20 0.3 62.935302734375 45.75807076671597 124.416015625 14.7080078125 0 0
30 0.5 31.709814453125 14.689287538390202 124.416015625 13.675048828125 62.935302734375 3
40 0.3 59.330647786458336 32.46622456505634 124.416015625 13.675048828125 43.41937255859375 8
50 0.3 47.575764973958336 8.596336905558307 124.416015625 13.675048828125 47.75881125710227 11
60 0.4 14.91796875 3.331273756425613 124.416015625 12.0380859375 47.71958705357143 14
70 0.2 17.9610595703125 2.8890380859375 124.416015625 12.0380859375 40.430338541666664 18
80 0.7 20.809953962053573 6.438063664113209 124.416015625 12.0380859375 38.18341064453125 20
90 1 31.395703125 40.19925297110045 147.844970703125 11.43798828125 33.67918113425926 27
100 1.1 28.157648259943183 17.325262948010447 147.844970703125 11.301025390625 33.06202491554054 37
110 0.8 14.888092041015625 3.7403928936018165 147.844970703125 11.301025390625 31.93810526529948 48
120 1.2 43.073262532552086 49.846367133745076 175.361083984375 11.301025390625 29.502389090401785 56
130 1.9 96.95362613075658 198.1455274877653 869.675048828125 11.300048828125 31.89724910960478 68
140 1.6 68.33819580078125 88.82680843653782 869.675048828125 11.300048828125 46.104963631465516 87
150 2.4 82.19967651367188 88.91360401669387 869.675048828125 11.300048828125 49.558669599514566 103
160 2.8 93.43941824776786 101.9126220534638 869.675048828125 11.300048828125 55.727048858882874 127
170 4.3 118.79313340297965 119.99559532644825 869.675048828125 11.300048828125 62.539605909778224 155
180 3.8 373.53138491981906 344.2938151720216 1648.776123046875 11.300048828125 74.75628107244319 198
190 3.5 1214.6738490513392 902.3474710980927 3149.673828125 4.656005859375 122.86413677668168 236
200 4.6 1709.9824484120245 1076.652358124817 3168.990966796875 1.39697265625 263.872771203298 271
210 11.6 1205.5455659011316 1253.3784467227583 3279.010009765625 1.31103515625 473.71833950487974 317
220 10.1 817.9100015470297 1030.0728447835786 3279.010009765625 1.301025390625 669.7736703639217 433
230 15.7 896.4956474547178 981.7662813723723 3279.010009765625 1.257080078125 697.7919652131612 534
240 17.4 829.7129930518139 933.4602329322179 3279.010009765625 1.257080078125 742.9388221045135 691
250 12.8 1004.7852268218994 631.7002199784501 3279.010009765625 1.257080078125 760.3939732546063 865
260 9.2 929.46728515625 590.7946416842084 3279.010009765625 1.25 791.8965719017499 993
270 4.8 1028.3975423177083 407.73279017354747 3279.010009765625 1.25 803.5615540394587 1085
280 2.4 979.5510660807291 227.47633705939248 3279.010009765625 1.25 813.0868209744596 1133
290 1 467.143310546875 249.0738778466471 3279.010009765625 1.25 816.5398390233364 1157
300 0.5 57.714404296875 55.942594461031845 3279.010009765625 1.25 813.5458670569571 1167
310 0.3 15.405436197916666 6.973304256338471 3279.010009765625 1.25 810.3213300997895 1172
320 0.1 21.113037109375 0.0 3279.010009765625 1.25 808.2917576047209 1175
330 0 0 0 3279.010009765625 1.25 807.6223879444358 1176
340 0 0 0 3279.010009765625 1.25 807.6223879444358 1176
350 0 0 0 3279.010009765625 1.25 807.6223879444358 1176
360 0 0 0 3279.010009765625 1.25 807.6223879444358 1176
370 0 0 0 3279.010009765625 1.25 807.6223879444358 1176
380 0 0 0 3279.010009765625 1.25 807.6223879444358 1176
390 0 0 0 3279.010009765625 1.25 807.6223879444358 1176
392 0 0 0 3279.010009765625 1.25 807.6223879444358 1176
