10 0.4 37.32379150390625 26.14267589129014 67.655029296875 10.753173828125 0 0
20 0.9 24.645263671875 21.56499395429461 67.655029296875 10.044189453125 37.32379150390625 4
30 1 11.479345703125 2.2630346952013074 67.655029296875 8.5419921875 28.546349158653847 13
40 0.7 61.68516322544643 125.21707659512808 368.3779296875 8.5419921875 21.125912873641305 23
50 0.6 20.144002278645832 13.655194799287163 368.3779296875 8.5419921875 30.589737955729166 30
60 0.4 21.5042724609375 14.991436486271112 368.3779296875 8.5419921875 28.84878200954861 36
70 1.4 11.876988002232142 1.5017043741125238 368.3779296875 8.5419921875 28.1143310546875 40
80 0.9 11.683973524305555 2.219501186452384 368.3779296875 8.5419921875 23.904649522569443 54
90 0.9 13.773681640625 10.345447536725988 368.3779296875 8.462890625 22.158838665674605 63
100 1.5 12.476285807291667 3.813195043137046 368.3779296875 8.462890625 21.110694037543404 72
110 1.8 14.5172119140625 6.438246427679278 368.3779296875 8.462890625 19.622002963362068 87
120 2.6 17.87586388221154 19.26488588248309 368.3779296875 8.118896484375 18.746895926339285 105
130 4.4 41.42322887073864 51.21806002752194 368.3779296875 8.118896484375 18.574019337428435 131
140 3.5 48.23729771205357 53.683510594665904 368.3779296875 8.118896484375 24.318963448660714 175
150 4.7 42.55746135305852 49.74570145391856 368.3779296875 8.109130859375 28.305352492559525 210
160 6 91.58872477213542 109.27415096649133 476.886962890625 7.83203125 30.91176928805934 257
170 6.9 89.41959635416667 93.4957905055254 476.886962890625 7.77392578125 42.39636654056585 317
180 7.4 304.4410598342484 460.5298204159304 2022.716064453125 7.77392578125 50.802073424344236 386
190 9.5 1008.9936806126644 779.8489633070393 3291.616943359375 1.961181640625 91.60486689028534 460
200 11.9 1472.7083791524421 1162.4018151336331 3291.616943359375 1.380126953125 248.63538455447636 555
210 17.6 1247.7343750000002 1254.290123214313 3480.0400390625 1.306884765625 464.7550972505564 674
220 23.7 712.1502155030327 980.1653816989129 3480.0400390625 1.248779296875 626.8778653492647 850
230 29.4 669.3899332682289 925.0721183277685 3480.0400390625 1.180908203125 645.4699048952104 1087
240 26.1 760.986585361291 868.0863067229128 3480.0400390625 1.180908203125 650.5622208558675 1381
250 12.7 936.3511761042076 707.3316158959444 3480.0400390625 1.180908203125 668.1144493186663 1642
260 2.6 1063.9266920823318 541.1188321477816 3480.0400390625 1.180908203125 687.3716931297255 1769
270 0.6 1243.4938151041667 62.60406115454798 3480.0400390625 1.180908203125 692.8259716660864 1795
280 0 0 0 3480.0400390625 1.180908203125 694.6605119551638 1801
290 0 0 0 3480.0400390625 1.180908203125 694.6605119551638 1801
300 0 0 0 3480.0400390625 1.180908203125 694.6605119551638 1801
310 0 0 0 3480.0400390625 1.180908203125 694.6605119551638 1801
320 0 0 0 3480.0400390625 1.180908203125 694.6605119551638 1801
330 0 0 0 3480.0400390625 1.180908203125 694.6605119551638 1801
340 0 0 0 3480.0400390625 1.180908203125 694.6605119551638 1801
350 0 0 0 3480.0400390625 1.180908203125 694.6605119551638 1801
360 0 0 0 3480.0400390625 1.180908203125 694.6605119551638 1801
370 0 0 0 3480.0400390625 1.180908203125 694.6605119551638 1801
380 0 0 0 3480.0400390625 1.180908203125 694.6605119551638 1801
390 0 0 0 3480.0400390625 1.180908203125 694.6605119551638 1801
392 0 0 0 3480.0400390625 1.180908203125 694.6605119551638 1801
