40 0.6 11.008829752604166 1.435728041216596 13.39501953125 9.152099609375 0 0
50 0.3 23.309651692708332 9.117930807935856 34.946044921875 9.152099609375 11.008829752604166 6
60 1 17.532568359375 14.543613216968385 60.676025390625 9.02197265625 15.10910373263889 9
70 1 13.093359375 3.856831921547207 60.676025390625 8.758056640625 16.38461143092105 19
80 0.5 65.55107421875 103.64399596415548 272.570068359375 8.758056640625 15.24969692887931 29
90 0.7 156.8837890625 335.5311385008504 978.68212890625 8.758056640625 22.646958295036764 34
100 0.7 33.2724609375 53.882586245207065 978.68212890625 8.758056640625 45.56544159679878 41
110 0.8 19.465545654296875 12.575522175069322 978.68212890625 8.758056640625 43.77271525065104 48
120 0.8 12.40087890625 3.467443288794521 978.68212890625 8.7490234375 40.300262451171875 56
130 1.7 58.431396484375 53.681827924598586 978.68212890625 8.7490234375 36.81283950805664 64
140 1.7 43.695211971507355 57.97431030316398 978.68212890625 8.7490234375 41.3500675154321 81
150 2.5 37.111318359375 37.68672635358108 978.68212890625 8.553955078125 41.756878288424744 98
160 4 99.29887084960937 126.83914859584982 978.68212890625 8.4111328125 40.81265879065041 123
170 3 78.59465332031249 89.01792912466975 978.68212890625 8.4111328125 55.16510346769555 163
180 3.9 306.6119979467147 391.38501500080923 1727.8310546875 8.4111328125 58.80700240851684 193
190 4.6 1276.4139828889265 829.6084284986387 3285.4658203125 1.574951171875 100.46387665847251 232
200 3 1730.68056640625 1038.8165178184906 3285.4658203125 1.574951171875 295.04554891243254 278
210 4.6 1283.3078454059105 1319.158440514583 3302.68701171875 1.2861328125 434.88012853845373 308
220 8.7 712.2919921875001 984.6165238502766 3302.68701171875 1.27685546875 545.1277979619085 354
230 9.9 826.8002905026832 989.5045745733446 3302.68701171875 1.239013671875 578.1057682513109 441
240 12.9 721.6164531855622 878.4965897277563 3302.68701171875 1.239013671875 623.6997639973958 540
250 16.9 823.8554976423817 739.302571524416 3302.68701171875 1.239013671875 642.5805605673113 669
260 23.3 879.7915290537821 612.3003291559226 3302.68701171875 1.239013671875 679.1383939392526 838
270 21.7 1069.911103560628 422.01630561391426 3302.68701171875 1.239013671875 722.7912235206583 1071
280 23.4 1002.572199894832 220.63450572824138 3302.68701171875 1.239013671875 781.2733772230445 1288
290 16.1 408.2300744856366 237.40566936536874 3302.68701171875 1.239013671875 815.2969807087201 1522
300 6.3 48.03293185763887 67.39456899161438 3302.68701171875 1.239013671875 776.3559397687816 1683
310 4.2 12.640811011904763 5.310132517950192 3302.68701171875 1.239013671875 750.0762436070393 1746
320 0.7 13.086983816964286 2.0301813299681544 3302.68701171875 1.239013671875 732.7539347876905 1788
330 0.5 13.784130859375 2.095520076383383 3302.68701171875 1.239013671875 729.9474341432364 1795
340 0.1 10.912841796875 0.0 3302.68701171875 1.239013671875 727.9580916341146 1800
350 0 0 0 3302.68701171875 1.239013671875 727.5599543493632 1801
360 0 0 0 3302.68701171875 1.239013671875 727.5599543493632 1801
370 0 0 0 3302.68701171875 1.239013671875 727.5599543493632 1801
380 0 0 0 3302.68701171875 1.239013671875 727.5599543493632 1801
390 0 0 0 3302.68701171875 1.239013671875 727.5599543493632 1801
392 0 0 0 3302.68701171875 1.239013671875 727.5599543493632 1801
