50 0.2 23.2705078125 4.3466796875 27.6171875 18.923828125 0 0
60 0 0 0 27.6171875 18.923828125 23.2705078125 2
70 0 0 0 27.6171875 18.923828125 23.2705078125 2
80 0.5 24.63115234375 11.474091501985532 39.31298828125 14.39794921875 23.2705078125 2
90 0.3 22.71875 10.723011684027625 39.31298828125 14.39794921875 24.242396763392858 7
100 0.5 49.944482421875 52.30618963763418 152.346923828125 14.39794921875 23.785302734375 10
110 0.1 1154.12109375 0.0 1154.12109375 14.39794921875 32.505029296875 15
120 0.4 29.58868408203125 16.668453527208207 1154.12109375 14.39794921875 102.60603332519531 16
130 0.8 53.541534423828125 34.094507315954026 1154.12109375 14.39404296875 88.0025634765625 20
140 1.5 68.80099283854166 72.10962586991891 1154.12109375 14.39404296875 78.15655517578125 28
150 1.3 95.2149188701923 76.88530585519284 1154.12109375 14.39404296875 74.89298691860465 43
160 1.3 162.37176983173077 159.04152234491102 1154.12109375 14.39404296875 79.61057826450893 56
170 1.2 149.39204915364584 127.00988903159362 1154.12109375 14.39404296875 95.2032665307971 69
180 1.5 777.7808593750001 659.0028990358267 1886.047119140625 14.39404296875 103.2312343267747 81
190 1.7 1652.357608570772 811.7499939023799 3186.06103515625 3.5439453125 208.6296132405599 96
200 1.9 1931.4308696546052 1099.4815249343396 3248.4619140625 3.5439453125 425.8276302371405 113
210 3.8 1482.5616647820723 1234.8003046878903 3290.659912109375 2.067138671875 642.5432480320786 132
220 4.7 849.6809133976063 1082.481387339964 3290.659912109375 1.553955078125 830.3120705997243 170
230 5.6 612.084023611886 883.9845807651365 3290.659912109375 1.546142578125 834.5071655835974 217
240 6.9 707.1803385416666 856.9541753175356 3290.659912109375 1.546142578125 788.8819056919643 273
250 9.6 729.7322336832682 677.5879608948973 3290.659912109375 1.470947265625 772.398256179185 342
260 8.7 881.4916823814655 596.437416980274 3290.659912109375 1.470947265625 763.0467991937785 438
270 7 1019.144873046875 388.47026214905105 3290.659912109375 1.470947265625 782.674808407738 525
280 4.9 991.4661142777423 228.6474644995498 3290.659912109375 1.470947265625 810.4948160123424 595
290 3.8 380.3487034847862 196.72736050421116 3290.659912109375 1.470947265625 824.2643713151446 644
300 2.6 40.46410193810096 66.51008134810789 3290.659912109375 1.470947265625 799.5300672424853 682
310 1 12.7523681640625 5.995256922526146 3290.659912109375 1.470947265625 771.6547634318723 708
320 1 13.4623779296875 3.779833869654672 3290.659912109375 1.470947265625 761.0850921885881 718
330 0.5 18.963623046875 5.684031774677022 3290.659912109375 1.470947265625 750.8155494103065 728
340 0.4 17.15411376953125 4.821192778100524 3290.659912109375 1.470947265625 745.8233807447988 733
350 0.3 13.826334635416666 6.3895617592580765 3290.659912109375 1.470947265625 741.8685950352993 737
360 0.3 14.338704427083334 5.067641846866571 3290.659912109375 1.470947265625 738.9170723580025 740
370 0.1 22.26220703125 0.0 3290.659912109375 1.470947265625 735.9914531065991 743
380 0.2 17.4700927734375 9.0179443359375 3290.659912109375 1.470947265625 735.0321396038097 744
390 0.1 11.43310546875 0.0 3290.659912109375 1.470947265625 733.1083807651223 746
392 0 0 0 3290.659912109375 1.470947265625 732.1422826723561 747
