0 0.4 29.73016357421875 49.32545142602059 115.1640625 1.055908203125 0 0
10 1 1.328564453125 0.22398469518419736 115.1640625 1.041015625 29.73016357421875 4
20 0.8 1.404815673828125 0.14684086654094586 115.1640625 1.041015625 9.443307059151786 14
30 1.5 1.2851236979166665 0.18759442953864702 115.1640625 0.98095703125 6.520219282670454 22
40 1.5 1.324853515625 0.14999137959611328 115.1640625 0.98095703125 4.397883234797297 37
50 1.5 1.39609375 0.25912170604839435 115.1640625 0.98095703125 3.511432354266827 52
60 1.2 1.94757080078125 2.200800932695879 115.1640625 0.98095703125 3.0378490846548507 67
70 2.9 1.3787883890086208 0.4790989417515259 115.1640625 0.953857421875 2.8722371934335444 79
80 2.1 1.3002580915178572 0.2257034261377858 115.1640625 0.953857421875 2.471218532986111 108
90 2.3 1.2967582370923914 0.1835296952400356 115.1640625 0.953857421875 2.280597065770349 129
100 6.6 1.2637458570075757 0.18534345397303917 115.1640625 0.947021484375 2.1317267166940788 152
110 3.1 1.2614824848790323 0.19314032268609735 115.1640625 0.947021484375 1.8689435206422018 218
120 5.5 1.2954634232954545 0.327837783452387 115.1640625 0.947021484375 1.7933158414909638 249
130 8.2 1.3587586937881095 0.6537963154785409 115.1640625 0.947021484375 1.7032438579358553 304
140 8.1 1.2724398389274691 0.2022638795344256 115.1640625 0.947021484375 1.630063071769754 386
150 16.1 1.4424222389363357 1.2259474616038997 115.1640625 0.947021484375 1.568034202690043 467
160 15.7 1.454247735867835 1.2918917697330679 115.1640625 0.9130859375 1.535831135549363 628
170 16.3 1.4221475987346623 0.8633388061976751 115.1640625 0.9130859375 1.5195144556130573 785
180 26.3 1.305697480988593 0.6537108522481111 115.1640625 0.9130859375 1.5027731078586497 948
190 33.6 1.4141126360212053 1.1559573318340512 115.1640625 0.9130859375 1.4599730336498762 1211
200 28.6 1.2756057419143354 0.5804033767995304 115.1640625 0.9130859375 1.4500124043006626 1547
210 50.5 1.3133078395730202 1.4409879611587408 115.1640625 0.88916015625 1.4228000172616613 1833
220 56 1.4029711042131687 1.8924822537485166 115.1640625 0.88916015625 1.399150081533362 2338
230 62.9 1.425932624950317 2.0452110321804855 115.1640625 0.88916015625 1.399888443403856 2898
240 21.3 1.3294821009389675 0.6377157380813154 115.1640625 0.88916015625 1.404533124490537 3527
250 0.4 1.44073486328125 0.19349691527702337 115.1640625 0.88916015625 1.400258828229445 3740
260 0.4 1.44635009765625 0.2014454120800696 115.1640625 0.88916015625 1.400302071856637 3744
270 0.3 1.3960774739583333 0.1680681195917695 115.1640625 0.88916015625 1.4003512159610123 3748
280 0.4 1.39373779296875 0.09361167478148011 115.1640625 0.88916015625 1.4003477978788987 3751
290 0.6 1.3702392578125 0.17929846348055392 115.1640625 0.88916015625 1.4003407565953725 3755
300 1.1 1.5130504261363635 0.589174467268642 115.1640625 0.88916015625 1.400292735060489 3761
310 0.7 1.3047921316964286 0.19074871940263535 115.1640625 0.88916015625 1.4006215618372213 3772
320 0.3 1.4566243489583333 0.15145029500543067 115.1640625 0.88916015625 1.4004440529695354 3779
330 0.2 1.37158203125 0.20751953125 115.1640625 0.88916015625 1.4004886169272208 3782
340 0.2 1.4215087890625 0.1934814453125 115.1640625 0.88916015625 1.4004733386049812 3784
350 0.1 1.27392578125 0.0 115.1640625 0.88916015625 1.4004844508344887 3786
360 0.2 2.6414794921875 1.4124755859375 115.1640625 0.88916015625 1.400451031592454 3787
370 0.2 1.5615234375 0.13330078125 115.1640625 0.88916015625 1.401106100719187 3789
380 0.1 1.739013671875 0.0 115.1640625 0.88916015625 1.4011907313373777 3791
390 0 0 0 115.1640625 0.88916015625 1.4012798196655787 3792
393 0 0 0 115.1640625 0.88916015625 1.4012798196655787 3792
