0 0.1 3170.953125 0 3170.953125 3170.953125 0 0
10 0.1 3170.125 0.0 3170.953125 3170.125 3170.953125 1
20 0.1 3168.91796875 0.0 3170.953125 3168.91796875 3170.5390625 2
30 0.1 3167.71875 0.0 3170.953125 3167.71875 3169.9986979166665 3
40 0.1 3165.921875 0.0 3170.953125 3165.921875 3169.4287109375 4
50 0.1 3165.5703125 0.0 3170.953125 3165.5703125 3168.72734375 5
60 0.1 3162.8046875 0.0 3170.953125 3162.8046875 3168.201171875 6
70 0.1 3160.390625 0.0 3170.953125 3160.390625 3167.430245535714 7
80 0.1 3155.9296875 0.0 3170.953125 3155.9296875 3166.55029296875 8
90 0.1 3153.640625 0.0 3170.953125 3153.640625 3165.3702256944443 9
100 0.1 3147.61328125 0.0 3170.953125 3147.61328125 3164.197265625 10
110 0.1 3141.94921875 0.0 3170.953125 3141.94921875 3162.689630681818 11
120 0.1 3142.44140625 0.0 3170.953125 3141.94921875 3160.9612630208335 12
130 0.1 3138.4921875 0.0 3170.953125 3138.4921875 3159.536658653846 13
140 0.1 3126.96484375 0.0 3170.953125 3126.96484375 3158.0334821428573 14
150 0.1 3117.52734375 0.0 3170.953125 3117.52734375 3155.9622395833335 15
160 0.1 3101.875 0.0 3170.953125 3101.875 3153.56005859375 16
170 0.1 3089.98046875 0.0 3170.953125 3089.98046875 3150.5197610294117 17
180 0.1 3086.046875 0.0 3170.953125 3086.046875 3147.1564670138887 18
190 0.1 3074.11328125 0.0 3170.953125 3074.11328125 3143.9401726973683 19
200 0.1 3059.40234375 0.0 3170.953125 3059.40234375 3140.448828125 20
210 0.1 3050.2421875 0.0 3170.953125 3050.2421875 3136.5894717261904 21
220 0.1 3043.40625 0.0 3170.953125 3043.40625 3132.6645951704545 22
230 0.1 3031.12109375 0.0 3170.953125 3031.12109375 3128.783797554348 23
240 0.1 3009.4765625 0.0 3170.953125 3009.4765625 3124.7145182291665 24
250 0.1 2997.90625 0.0 3170.953125 2997.90625 3120.105 25
260 0.1 2991.75390625 0.0 3170.953125 2991.75390625 3115.405048076923 26
270 0.1 2987.421875 0.0 3170.953125 2987.421875 3110.8253761574074 27
280 0.1 2979.84765625 0.0 3170.953125 2979.84765625 3106.4181082589284 28
290 0.1 2972.75390625 0.0 3170.953125 2972.75390625 3102.053609913793 29
300 0.1 2968.05859375 0.0 3170.953125 2968.05859375 3097.743619791667 30
310 0.1 2983.62109375 0.0 3170.953125 2968.05859375 3093.5602318548385 31
320 0.1 3006.640625 0.0 3170.953125 2968.05859375 3090.1246337890625 32
330 0.1 3031.8828125 0.0 3170.953125 2968.05859375 3087.594815340909 33
340 0.1 3043.2578125 0.0 3170.953125 2968.05859375 3085.956227022059 34
350 0.1 3050.7421875 0.0 3170.953125 2968.05859375 3084.7362723214287 35
360 0.1 3052.75390625 0.0 3170.953125 2968.05859375 3083.7919921875 36
370 0.1 3057.06640625 0.0 3170.953125 2968.05859375 3082.953125 37
380 0.1 3057.3203125 0.0 3170.953125 2968.05859375 3082.2718955592104 38
390 0.1 3057.63671875 0.0 3170.953125 2968.05859375 3081.632111378205 39
