0 0.6 354.5470377604167 355.1055200796333 922.85107421875 9.70703125 0 0
10 3.5 43.92419782366071 63.92522497374559 922.85107421875 7.214111328125 354.5470377604167 6
20 6.8 140.15694651884195 381.0359269462825 2136.700927734375 6.199951171875 89.38119879001525 41
30 5.8 70.50404094827586 117.74536591046801 2136.700927734375 6.199951171875 121.05781205203557 109
40 6.9 51.80200549139493 83.61869504167309 2136.700927734375 6.199951171875 103.5002149022268 167
50 13.3 43.670940657307334 55.564483983058864 2136.700927734375 6.199951171875 88.38506045583951 236
60 16.8 59.130369640531995 141.29401338985508 2136.700927734375 6.199951171875 72.26858909214093 369
70 21.4 58.653564453125 83.04872266184506 2136.700927734375 6.199951171875 68.15830814638618 537
80 22.6 49.30988467056142 68.49330464809807 2136.700927734375 6.184814453125 65.44989915789364 751
90 26.8 52.394559490146925 146.93532527023544 2182.774169921875 6.184814453125 61.716385059493355 977
100 39 175.86600310496792 276.8140454918703 2627.528076171875 5.9521484375 59.70975915380271 1245
110 39.6 151.13721936158476 360.46068772623306 4637.99609375 5.9521484375 87.41675312380544 1635
120 39.8 123.79037766959799 190.90702296740102 4637.99609375 5.9521484375 99.84083221300317 2031
130 53.4 297.55171346485827 292.0529377753272 4637.99609375 5.9521484375 103.76504756570993 2429
140 52 688.6500300480765 383.1462326806255 4637.99609375 5.9521484375 138.68981286781766 2963
150 51.6 1772.9245212761925 720.6523051904474 4637.99609375 5.9521484375 220.79699430156288 3483
160 75.9 2304.760534716217 1270.2718939229496 5109.615966796875 1.423828125 421.07151391119254 3999
170 118.3 1764.939517926484 1907.7077299965842 5969.513916015625 1.311767578125 721.5591067634442 4758
180 153.5 1429.5755005280432 1677.9026107575319 5969.513916015625 1.311767578125 929.3219457477694 5941
190 218 989.1332214915428 1320.3988268298465 5969.513916015625 1.311767578125 1032.0358578114026 7476
200 257 791.7686008557267 1213.7494044833693 5969.513916015625 1.311767578125 1022.349885651368 9656
210 366.5 589.58895198723 1107.6472299392174 5969.513916015625 1.311767578125 973.8799116676612 12226
220 467.8 478.7873839418722 894.2068023293892 5969.513916015625 1.28515625 885.2494688239899 15891
230 539.5 408.37336179151583 790.3532481252131 5969.513916015625 1.28515625 792.8079484254024 20569
240 525.8 399.7678452495756 857.2178466475635 5969.513916015625 1.28515625 712.9271675407228 25964
250 448.4 499.48831424492005 863.8105464080808 5969.513916015625 1.28515625 660.1889791925437 31222
260 359.8 607.048021470262 848.0931578921712 5969.513916015625 1.28515625 640.0080073215656 35706
270 268.8 794.3734619503933 716.2815327087502 5969.513916015625 1.28515625 636.990756428705 39304
280 214.6 972.5129308069521 564.3870751165628 5969.513916015625 1.28515625 647.065168517729 41992
290 186.2 980.5415711694836 288.00570901934987 5969.513916015625 1.28515625 662.8885156986768 44138
300 176.4 632.3753003317219 302.0945753634809 5969.513916015625 1.28515625 675.7465589440386 46000
310 112.1 162.39366336383532 199.34893043158036 5969.513916015625 1.28515625 674.1447898252017 47764
320 40 15.320006713867178 11.192632006410753 5969.513916015625 1.28515625 662.4096356314163 48885
330 15.1 12.48683419132864 7.12087024062833 5969.513916015625 1.28515625 657.157817602259 49285
340 12.6 13.854280986483134 8.91943613536846 5969.513916015625 1.28515625 655.1886995810792 49436
350 6.5 11.37857196514423 6.103080381501945 5969.513916015625 1.28515625 653.5582541441937 49562
360 7.1 10.302280479753522 7.309401787245785 5969.513916015625 1.28515625 652.7171458897831 49627
370 5.7 8.665373149671048 5.081999537791166 5969.513916015625 1.28515625 651.7993734352756 49698
380 2.7 7.3083315248842595 4.475711703898587 5969.513916015625 1.28515625 651.0625904382646 49755
390 0.2 16.10791015625 5.64794921875 5969.513916015625 1.28515625 650.7134408462301 49782
393 0 0 0 5969.513916015625 1.28515625 650.6879464893809 49784
