0 1.646875 1.646875
10 22.9921875 24.6390625
20 51.71796875 76.35703125
30 50.45390625 126.8109375
40 52.6625 179.4734375
50 128.18671875 307.66015625
60 156.9984375 464.65859375
70 226.40078125 691.059375
80 283.0796875 974.1390625
90 334.1328125 1308.271875
100 439.0828125 1747.3546875
110 427.5921875 2174.946875
120 473.23984375 2648.18671875
130 587.646875 3235.83359375
140 630.73125 3866.56484375
150 631.70546875 4498.2703125
160 727.74140625 5226.01171875
170 1056.246875 6282.25859375
180 1230.90703125 7513.165625
190 1686.00703125 9199.17265625
200 1969.94765625 11169.1203125
210 2492.815625 13661.9359375
220 3031.6765625 16693.6125
230 3336.89140625 20030.50390625
240 3416.103125 23446.60703125
250 3270.38359375 26716.990625
260 2839.56640625 29556.55703125
270 2424.5921875 31981.14921875
280 2028.89140625 34010.040625
290 1883.1484375 35893.1890625
300 1808.19453125 37701.38359375
310 1215.12265625 38916.50625
320 576.04609375 39492.55234375
330 260.93125 39753.48359375
340 210.13984375 39963.6234375
350 109.878125 40073.5015625
360 92.33671875 40165.83828125
370 56.96328125 40222.8015625
380 21.93671875 40244.73828125
390 5.87578125 40250.6140625
393 0 40250.6140625
