10 0.1 95.862060546875 0 95.862060546875 95.862060546875 0 0
20 0.2 177.3350830078125 6.1380615234375 183.47314453125 95.862060546875 95.862060546875 1
30 0.4 99.0157470703125 10.070556367624771 183.47314453125 87.135009765625 150.17740885416666 3
40 0.1 224.802001953125 0.0 224.802001953125 87.135009765625 120.94217354910714 7
50 0.3 97.21875 23.316865533578735 224.802001953125 65.342041015625 133.92465209960938 8
60 0.2 87.0960693359375 22.7799072265625 224.802001953125 64.316162109375 123.91395152698864 11
70 0.5 182.366650390625 131.88245137531922 432.39208984375 64.316162109375 118.24966195913461 13
80 0.3 86.50236002604167 23.3306555156565 432.39208984375 57.4990234375 136.0599365234375 18
90 0.4 87.18701171875 23.555316051871202 432.39208984375 57.4990234375 128.98028273809524 21
100 0.6 212.3953857421875 95.58486067382702 432.39208984375 57.4990234375 122.293359375 25
110 0.8 148.14352416992188 77.32125032834975 432.39208984375 57.4990234375 139.73246125252015 31
120 0.6 173.92203776041666 64.72971743753602 432.39208984375 57.4990234375 141.45780749198718 39
130 1.2 568.9247843424479 195.2397542219927 901.14208984375 57.4990234375 145.7863715277778 45
140 0.7 805.304443359375 375.4417834705606 1407.1220703125 57.4990234375 234.8681426466557 57
150 0.7 1765.1690150669642 689.9475013119106 2836.781982421875 57.4990234375 297.2596130371094 64
160 1.3 2314.544715294471 1182.080194014247 4597.862060546875 1.83203125 441.9830752090669 71
170 3 1697.8344889322916 1982.351086409746 5276.776123046875 1.567138671875 731.7842814127604 84
180 3.7 2292.748581345017 1874.005125945476 5276.776123046875 1.527099609375 986.0080202336896 114
190 3.9 986.4179812700319 1573.7219627493157 5276.776123046875 1.527099609375 1306.2027272609685 151
200 5.1 919.643913717831 1421.8780191772735 5276.776123046875 1.5048828125 1240.5627004523026 190
210 5.2 843.1888662484976 1468.5912190456409 5276.776123046875 1.5048828125 1172.6504260811073 241
220 9.3 747.5895549815189 1258.0462935599453 5276.776123046875 1.5048828125 1114.1794325271972 293
230 10 526.9457080078123 1053.0380914911827 5276.776123046875 1.5048828125 1025.855964621114 386
240 11.4 660.3860484340732 1205.313647066635 5276.776123046875 1.5048828125 923.1995332192001 486
250 8.4 734.774835495722 1226.2824637946908 5276.776123046875 1.5048828125 873.2649711100261 600
260 5.5 956.4402610085226 1178.6378272665734 5276.776123046875 1.490966796875 856.2574105959886 684
270 2.6 1628.7784611628606 928.0752422350945 5276.776123046875 1.490966796875 863.7135090705345 739
280 1.5 1519.78818359375 785.7602335227251 5276.776123046875 1.490966796875 889.7157165926267 765
290 0.6 1681.0921223958333 245.9414854322421 5276.776123046875 1.490966796875 901.8324948041867 780
300 0.3 1431.0216471354167 433.7523600833061 5276.776123046875 1.490966796875 907.7810415796954 786
310 0.3 505.0160319010417 366.6969857593765 5276.776123046875 1.490966796875 909.7705495856108 789
320 0 0 0 5276.776123046875 1.490966796875 908.2373885337753 792
330 0 0 0 5276.776123046875 1.490966796875 908.2373885337753 792
340 0 0 0 5276.776123046875 1.490966796875 908.2373885337753 792
350 0 0 0 5276.776123046875 1.490966796875 908.2373885337753 792
360 0 0 0 5276.776123046875 1.490966796875 908.2373885337753 792
370 0 0 0 5276.776123046875 1.490966796875 908.2373885337753 792
380 0 0 0 5276.776123046875 1.490966796875 908.2373885337753 792
390 0 0 0 5276.776123046875 1.490966796875 908.2373885337753 792
393 0 0 0 5276.776123046875 1.490966796875 908.2373885337753 792
