40 0.1 109.514892578125 0 109.514892578125 109.514892578125 0 0
50 0.1 55.320068359375 0.0 109.514892578125 55.320068359375 109.514892578125 1
60 0.2 149.364501953125 37.87255859375 187.237060546875 55.320068359375 82.41748046875 2
70 0.1 135.093017578125 0.0 187.237060546875 55.320068359375 115.8909912109375 4
80 0 0 0 187.237060546875 55.320068359375 119.731396484375 5
90 0 0 0 187.237060546875 55.320068359375 119.731396484375 5
100 0.4 386.104736328125 201.130969123224 705.044921875 55.320068359375 119.731396484375 5
110 0.2 320.03857421875 182.75439453125 705.044921875 55.320068359375 238.11954752604166 9
120 0.3 328.3857421875 138.99506836842895 705.044921875 55.320068359375 253.013916015625 11
130 0.4 632.1592407226563 271.0776310172732 1051.0390625 55.320068359375 269.16502162388394 14
140 0.3 827.77099609375 138.33423803212685 1051.0390625 55.320068359375 349.8304036458333 18
150 0.7 1701.4579031808037 440.1035170704182 2574.8828125 55.320068359375 418.10763113839283 21
160 0.7 2801.135009765625 501.63760509033057 3614.530029296875 55.320068359375 738.9451991489956 28
170 0.3 3.0463053385416665 1.8760430966657224 3614.530029296875 1.623046875 1151.3831612723213 35
180 1.1 2723.810968572443 1818.6912693212023 4375.455078125 1.531005859375 1060.7249884354442 38
190 1.5 1026.4399739583334 1224.563304666456 4375.455078125 1.531005859375 1434.070820711097 49
200 1.4 1007.6571219308036 1169.130039711582 4375.455078125 1.468994140625 1338.532341003418 64
210 2.6 730.9397629957932 1235.6589045232931 4375.455078125 1.468994140625 1279.1444811698718 78
220 3.7 473.53528161951033 824.0243271579529 4375.455078125 1.468994140625 1142.093301626352 104
230 3.9 584.4337565104166 916.5868815097296 4375.455078125 1.452880859375 966.656090702571 141
240 3.7 126.43853594805744 486.168063921157 4375.455078125 1.443115234375 883.8412516276042 180
250 4.7 366.28943650265956 742.1099451382396 4375.455078125 1.443115234375 754.6988531015985 217
260 5.3 675.8056824882077 871.5244620306779 4375.455078125 1.443115234375 685.5502069646662 264
270 2.6 824.5763878455529 652.7099007879336 4375.455078125 1.443115234375 683.9209962477819 317
280 1.3 984.4851449819712 676.8342103070052 4375.455078125 1.443115234375 694.5829209753097 343
290 0.9 1209.7118055555557 236.59443975573512 4375.455078125 1.443115234375 705.1692381440922 356
300 0.5 642.7875 290.9569158228397 4375.455078125 1.443115234375 717.6100137788953 365
310 0.1 71.177978515625 0.0 4375.455078125 1.443115234375 716.5988987278291 370
320 0 0 0 4375.455078125 1.443115234375 714.8592196976075 371
330 0.1 6.44189453125 0.0 4375.455078125 1.443115234375 714.8592196976075 371
340 0 0 0 4375.455078125 1.443115234375 712.9548720493109 372
350 0 0 0 4375.455078125 1.443115234375 712.9548720493109 372
360 0 0 0 4375.455078125 1.443115234375 712.9548720493109 372
370 0 0 0 4375.455078125 1.443115234375 712.9548720493109 372
380 0 0 0 4375.455078125 1.443115234375 712.9548720493109 372
390 0 0 0 4375.455078125 1.443115234375 712.9548720493109 372
393 0 0 0 4375.455078125 1.443115234375 712.9548720493109 372
