60 0.1 56.22900390625 0 56.22900390625 56.22900390625 0 0
70 0.2 44.50048828125 26.29345703125 70.7939453125 18.20703125 56.22900390625 1
80 0.2 28.1259765625 13.257080078125 70.7939453125 14.868896484375 48.409993489583336 3
90 0.3 28.221028645833332 7.4061207641542985 70.7939453125 14.868896484375 40.29638671875 5
100 1.1 158.691650390625 131.84342387746224 374.032958984375 14.425048828125 35.76812744140625 8
110 0.9 92.45667860243056 102.97158347640814 374.032958984375 14.304931640625 106.93437756990132 19
120 0.2 254.6595458984375 221.6485595703125 476.30810546875 14.304931640625 102.28083147321429 28
130 0.9 335.0555013020833 197.4816102645597 666.482177734375 14.304931640625 112.43941243489583 30
140 0.9 553.5941569010416 185.21495380118768 748.501953125 14.304931640625 163.8123560196314 39
150 0.7 1732.899937220982 954.4941438355207 2957.62109375 14.304931640625 236.89644368489584 48
160 0.8 2681.455108642578 445.548533490085 3566.5419921875 14.304931640625 427.29688831676134 55
170 1.1 2127.6570933948865 1978.503042955866 4979.865966796875 2.218994140625 713.5392020089286 63
180 1.2 1274.647420247396 1576.100583203856 4979.865966796875 2.067138671875 923.7459155933277 74
190 1.9 890.7974018297697 1310.0612061187257 4979.865966796875 2.0361328125 972.7089162427326 86
200 3.1 362.5120101436492 922.9102664153841 4979.865966796875 1.97509765625 957.8868326822917 105
210 4.4 609.3322143554691 1062.8377931774733 4979.865966796875 1.548095703125 822.1763951918658 136
220 6.8 590.393461339614 975.3241627077849 4979.865966796875 1.548095703125 770.1478176540799 180
230 7.8 348.18428861177887 724.9030404792616 4979.865966796875 1.548095703125 720.8603328581779 248
240 10 342.88155761718735 797.3393198145044 4979.865966796875 1.43994140625 631.6924449710027 326
250 11.8 526.1894345041048 830.4328023626073 4979.865966796875 1.424072265625 563.8964620240977 426
260 15 592.2243245442706 836.5588357509228 4979.865966796875 1.424072265625 555.7173641429226 544
270 14.4 806.763451470269 713.1997595193037 4979.865966796875 1.424072265625 563.6079175437903 694
280 13.8 1037.9338467363004 495.80886551510747 4979.865966796875 1.424072265625 605.3912073831852 838
290 15.1 1001.0904112556916 264.3718627368205 4979.865966796875 1.424072265625 666.5499002425397 976
300 11.9 625.6532854352678 300.78215535801786 4979.865966796875 1.424072265625 711.3729855690577 1127
310 10.6 138.73337310215211 196.77236637544823 4979.865966796875 1.424072265625 703.1862726349317 1246
320 5.1 15.655651616115197 10.554228092103427 4979.865966796875 1.424072265625 658.9318293283676 1352
330 2.6 13.050405649038462 6.259258053930935 4979.865966796875 1.424072265625 635.5483046930683 1403
340 1.7 19.078699448529413 11.290677949453023 4979.865966796875 1.424072265625 624.22224074965 1429
350 0.8 14.61016845703125 7.249183778147101 4979.865966796875 1.424072265625 617.1078284383643 1446
360 0.5 22.041015625 7.96123352548599 4979.865966796875 1.424072265625 613.7928481908741 1454
370 0.1 12.56298828125 0.0 4979.865966796875 1.424072265625 611.7649118215598 1459
380 0 0 0 4979.865966796875 1.424072265625 611.3544995451623 1460
390 0.1 21.8388671875 0.0 4979.865966796875 1.424072265625 611.3544995451623 1460
393 0 0 0 4979.865966796875 1.424072265625 610.950998085643 1461
