10 0.1 98 0 98 98 0 0
20 0.1 188.0 0.0 188 98 98.0 1
30 0.1 406.0 0.0 406 98 143.0 2
40 0.1 638.0 0.0 638 98 230.66666666666666 3
50 0.1 511.0 0.0 638 98 332.5 4
60 0.1 576.0 0.0 638 98 368.2 5
70 0.1 645.0 0.0 645 98 402.8333333333333 6
80 0.1 869.0 0.0 869 98 437.42857142857144 7
90 0.1 1102.0 0.0 1102 98 491.375 8
100 0.1 1353.0 0.0 1353 98 559.2222222222222 9
110 0.1 1055.0 0.0 1353 98 638.6 10
120 0.1 1971.0 0.0 1971 98 676.4545454545455 11
130 0.1 2317.0 0.0 2317 98 784.3333333333334 12
140 0.1 3015.0 0.0 3015 98 902.2307692307693 13
150 0.1 3.2e3 0.0 3200 98 1053.142857142857 14
160 0.1 3507.0 0.0 3507 98 1196.2666666666667 15
170 0.1 3728.0 0.0 3728 98 1340.6875 16
180 0.1 4361.0 0.0 4361 98 1481.1176470588234 17
190 0.1 5657.0 0.0 5657 98 1641.111111111111 18
200 0.1 6468.0 0.0 6468 98 1852.4736842105262 19
210 0.1 7750.0 0.0 7750 98 2083.25 20
220 0.1 6323.0 0.0 7750 98 2353.095238095238 21
230 0.1 6475.0 0.0 7750 98 2533.5454545454545 22
240 0.1 6408.0 0.0 7750 98 2704.913043478261 23
250 0.1 6934.0 0.0 7750 98 2859.2083333333335 24
260 0.1 7307.0 0.0 7750 98 3022.2 25
270 0.1 6132.0 0.0 7750 98 3187.0 26
280 0.1 3067.0 0.0 7750 98 3296.074074074074 27
290 0.1 1371.0 0.0 7750 98 3287.8928571428573 28
300 0.1 713.0 0.0 7750 98 3221.793103448276 29
310 0.1 335.0 0.0 7750 98 3138.1666666666665 30
320 0.1 222.0 0.0 7750 98 3047.7419354838707 31
330 0.1 64.0 0.0 7750 64 2959.4375 32
338 0.1 93.0 0.0 7750 64 2871.6969696969695 33
