10 0.2 12363.54150390625 173.654541015625 12537.196044921875 12189.886962890625 0 0
20 0.4 16674.04443359375 6071.159041092543 26325.98193359375 9650.29296875 12363.54150390625 2
30 0.7 22367.13406808036 7266.053987537474 28180.865966796875 5606.676025390625 15237.210123697916 6
40 0.6 13084.523152669271 8755.820365449541 32133.433837890625 5159.926025390625 19076.399939903848 13
50 0.7 30672.20772879464 12330.594396628161 49690.45703125 5159.926025390625 17184.2283228824 19
60 0.8 28601.833526611328 17401.622716046088 60598.681884765625 5159.926025390625 20815.60739370493 26
70 1.3 32390.536452073316 14873.176072282988 63121.62109375 5159.926025390625 22647.66060144761 34
80 1.4 33545.43319266183 24441.728289971757 71761.041015625 2937.016845703125 25342.498602684507 47
90 1.9 29430.52231959293 17757.1140893747 72505.6728515625 2937.016845703125 27225.139328253073 61
100 1.4 48205.13835797991 26706.487271009697 92669.15502929688 2937.016845703125 27748.91778869629 80
110 2.4 34143.71691894531 22509.210052327868 98354.23803710938 2937.016845703125 30795.588937312998 94
120 2.7 35687.27189127604 23284.784329516944 98354.23803710938 2937.016845703125 31476.564120017876 118
130 2.6 28005.993868314305 20786.934049468975 98354.23803710938 2937.016845703125 32260.626946390086 145
140 2.4 28633.791625976563 11824.276195473973 98354.23803710938 2937.016845703125 31613.72367136102 171
150 2.4 37244.093617757164 24670.44047595709 104665.03588867188 2937.016845703125 31246.96280423678 195
160 2.3 40677.47804857337 20682.859369040467 104665.03588867188 2937.016845703125 31904.182619417094 219
170 4.8 39828.421686808266 19050.723559550777 104665.03588867188 2937.016845703125 32738.008218055915 242
180 9.5 41392.65081979852 23121.77227388698 104665.03588867188 2937.016845703125 33911.59389564251 290
190 11.7 34196.58832673945 19566.5637917259 104682.23510742188 2937.016845703125 35757.56898082386 385
200 14.7 38306.24844879358 26689.988916933646 108997.23706054688 2937.016845703125 35393.754764632875 502
210 15.5 38330.69728767641 25176.600186185522 125478.65087890625 2937.016845703125 36053.441315590695 649
220 18.9 40465.15169400012 21843.134068573345 125478.65087890625 2937.016845703125 36492.464544040056 804
230 15.3 51299.34539356105 24328.204916486826 125478.65087890625 2937.016845703125 37248.59533089046 993
240 12.7 60606.72441329355 20256.463159130173 125478.65087890625 2937.016845703125 39124.48081046167 1146
250 13.2 69483.05600253021 18353.56089769987 132763.14208984375 2937.016845703125 41267.642583878514 1273
260 16.3 73207.43344247265 15277.51559849329 132763.14208984375 2937.016845703125 43918.48569509704 1405
270 12.9 80402.36994874937 14100.966508167361 132763.14208984375 2937.016845703125 46963.19136016224 1568
280 7.1 90604.25766464019 13272.177772473993 132763.14208984375 2937.016845703125 49505.12066948914 1697
290 4.7 96913.95487034574 14797.93731494481 174110.96899414063 2937.016845703125 51155.59506239396 1768
300 2.6 102720.07408728966 12032.546191534238 174110.96899414063 2937.016845703125 52340.52228607095 1815
310 1.3 114138.14875676081 9932.023126057782 174110.96899414063 2937.016845703125 53052.02057332335 1841
320 1 127546.730859375 9231.850257673957 174110.96899414063 2937.016845703125 53480.348332969894 1854
330 0.2 129423.22399902344 2023.7540283203125 174110.96899414063 2937.016845703125 53877.70017055791 1864
338 0.2 141677.65649414063 3836.947509765625 174110.96899414063 2937.016845703125 53958.670721285096 1866
