10 0.1 66.924072265625 0 66.924072265625 66.924072265625 0 0
20 0.2 65.2020263671875 1.8560791015625 67.05810546875 63.345947265625 66.924072265625 1
30 0.1 61.7861328125 0.0 67.05810546875 61.7861328125 65.77604166666667 3
40 0.4 115.44427490234375 51.879247086630876 201.465087890625 61.7861328125 64.778564453125 4
50 0.2 67.385986328125 2.218994140625 201.465087890625 61.7861328125 90.11141967773438 8
60 0.3 92.99373372395833 26.38935534932197 201.465087890625 61.7861328125 85.5663330078125 10
70 0.4 79.07171630859375 25.51845694976457 201.465087890625 55.1689453125 87.2803485576923 13
80 0.2 73.9915771484375 16.0965576171875 201.465087890625 55.1689453125 85.34890567555146 17
90 0.3 129.47566731770834 30.53905568209939 201.465087890625 55.1689453125 84.15339740953948 19
100 0.2 112.14453125 44.222412109375 201.465087890625 55.1689453125 90.3337069424716 22
110 1 230.104248046875 161.99055889719293 586.01416015625 55.1689453125 92.15127563476563 24
120 0.9 210.51603190104166 113.09985552268034 586.01416015625 55.1689453125 132.72567928538604 34
130 0.8 429.02679443359375 192.8200744130661 730.2080078125 55.1689453125 149.00738099563952 43
140 0.8 709.7861633300781 384.8147024785173 1361.35302734375 55.1689453125 192.9319948682598 51
150 0.8 1537.3356628417969 667.4959566844237 2875.35498046875 55.1689453125 263.013916015625 59
160 0.6 1937.1199137369792 1716.3828350753893 4188.778076171875 5.465087890625 415.1717365321828 67
170 1.8 2133.9122450086807 1963.4281439017577 5334.9228515625 1.777099609375 540.2633675353168 73
180 3.7 1599.3782860008446 1860.7761822152343 5334.9228515625 1.715087890625 855.4906180245536 91
190 5.2 1320.2730900691106 1750.860573739898 5334.9228515625 1.56396484375 1070.5206470489502 128
200 4.8 900.9274953206381 1505.590666480511 5334.9228515625 1.52099609375 1142.6713528103298 180
210 5.6 1152.6608319963725 1505.3888452207416 5334.9228515625 1.505859375 1091.7779091282894 228
220 4.5 1335.2725097656248 1533.513339266946 5334.9228515625 1.43798828125 1103.7829925107283 284
230 2.9 1635.2537883890086 1290.6339139534666 5334.9228515625 1.43798828125 1135.4456924392096 329
240 1.6 1775.389144897461 923.0288689590044 5334.9228515625 1.43798828125 1175.9329404351429 358
250 0.5 1891.280517578125 268.92926548685705 5334.9228515625 1.43798828125 1201.578125652782 374
260 0.4 1718.1337890625 374.6655622053729 5334.9228515625 1.43798828125 1210.6771017995545 379
270 0 0 0 5334.9228515625 1.43798828125 1215.9769105438152 383
280 0 0 0 5334.9228515625 1.43798828125 1215.9769105438152 383
290 0 0 0 5334.9228515625 1.43798828125 1215.9769105438152 383
300 0 0 0 5334.9228515625 1.43798828125 1215.9769105438152 383
310 0 0 0 5334.9228515625 1.43798828125 1215.9769105438152 383
320 0 0 0 5334.9228515625 1.43798828125 1215.9769105438152 383
330 0 0 0 5334.9228515625 1.43798828125 1215.9769105438152 383
338 0 0 0 5334.9228515625 1.43798828125 1215.9769105438152 383
