10 0.1 19.72998046875 0 19.72998046875 19.72998046875 0 0
20 0.1 20.322998046875 0.0 20.322998046875 19.72998046875 19.72998046875 1
30 0 0 0 20.322998046875 19.72998046875 20.0264892578125 2
40 0 0 0 20.322998046875 19.72998046875 20.0264892578125 2
50 0 0 0 20.322998046875 19.72998046875 20.0264892578125 2
60 0 0 0 20.322998046875 19.72998046875 20.0264892578125 2
70 0.1 11.7861328125 0.0 20.322998046875 11.7861328125 20.0264892578125 2
80 0 0 0 20.322998046875 11.7861328125 17.279703776041668 3
90 0.2 21.185546875 1.222412109375 22.407958984375 11.7861328125 17.279703776041668 3
100 0.4 15.30194091796875 5.9248130207874 25.02001953125 10.083984375 18.842041015625 5
110 0.1 25.425048828125 0.0 25.425048828125 10.083984375 17.268663194444443 9
120 0.5 43.690771484375 18.505174038704308 72.613037109375 10.083984375 18.0843017578125 10
130 1.1 290.7740367542614 176.1524831753204 633.93408203125 10.083984375 26.619791666666668 15
140 0.2 589.7109375 350.68408203125 940.39501953125 10.083984375 138.37735689603366 26
150 0.3 819.1343587239584 458.98599925329074 1467.68310546875 10.083984375 170.61546979631697 28
160 0.6 1038.2208658854167 1445.4591185286279 4090.693115234375 1.64404296875 233.3753622731855 31
170 1.3 1598.1168494591345 1746.8700692548873 4090.693115234375 1.64404296875 363.89084934543916 37
180 1.6 1829.0617065429688 1431.1454682021401 4090.693115234375 1.64404296875 684.789609375 50
190 1.3 899.6376953125 1356.6247953857799 4090.693115234375 1.636962890625 962.188905658144 66
200 1.9 131.92856959292763 506.6967724993153 4090.693115234375 1.617919921875 951.8956685126582 79
210 2.7 1208.0616048177083 1268.5636555150882 4090.693115234375 1.569091796875 792.9224554567921 98
220 2.7 612.7341760706018 947.811672820397 4090.693115234375 1.569091796875 882.59251171875 125
230 2.2 1531.7739701704545 877.1705050192085 4090.693115234375 1.569091796875 834.6571494654605 152
240 0.6 1172.0003662109375 546.9547555984929 4090.693115234375 1.569091796875 922.7983566810345 174
250 0.2 910.756591796875 126.5244140625 4090.693115234375 1.569091796875 931.1050903320313 180
260 0.1 1145.634033203125 0.0 4090.693115234375 1.569091796875 930.8814804580186 182
270 0.2 284.3929443359375 186.6719970703125 4090.693115234375 1.569091796875 932.054991675205 183
280 0.1 7.9990234375 0.0 4090.693115234375 1.569091796875 925.0532398120777 185
290 0 0 0 4090.693115234375 1.569091796875 920.1228407993111 186
300 0 0 0 4090.693115234375 1.569091796875 920.1228407993111 186
310 0 0 0 4090.693115234375 1.569091796875 920.1228407993111 186
320 0 0 0 4090.693115234375 1.569091796875 920.1228407993111 186
330 0 0 0 4090.693115234375 1.569091796875 920.1228407993111 186
338 0 0 0 4090.693115234375 1.569091796875 920.1228407993111 186
