20 0.6 14.296549479166666 2.367660444440779 18.80517578125 12.52001953125 0 0
30 0 0 0 18.80517578125 12.52001953125 14.296549479166666 6
40 0.6 52.347330729166664 54.86452623874583 155.692138671875 10.763916015625 14.296549479166666 6
50 0.4 19.12030029296875 13.738433360211385 155.692138671875 10.489990234375 33.321940104166664 12
60 0.3 15.513346354166666 3.0749680024664414 155.692138671875 10.489990234375 29.771530151367188 16
70 0.7 17.861990792410715 6.087431702316428 155.692138671875 10.489990234375 27.520237972861842 19
80 0.5 22.69814453125 5.934555766489728 155.692138671875 10.489990234375 24.919940655048077 26
90 0.5 32.52529296875 17.648635659559712 155.692138671875 10.489990234375 24.56158644153226 31
100 0.4 41.4725341796875 27.492800540436054 155.692138671875 10.489990234375 25.66765679253472 36
110 1 31.449560546875 17.208993870117006 155.692138671875 10.489990234375 27.24814453125 40
120 1.7 119.62991153492646 118.13997258073414 422.554931640625 10.489990234375 28.088427734375 50
130 1.8 210.49858940972223 133.4838193349916 447.691162109375 10.489990234375 51.315371385261194 67
140 2.2 446.6519220525568 392.34037700242027 1344.407958984375 10.489990234375 85.02475873161765 85
150 1.5 913.5416829427083 715.9849535924789 2247.4970703125 10.489990234375 159.37800726489485 107
160 2.1 2435.4790504092275 1292.8968328826961 3819.070068359375 1.967041015625 252.1030493564293 122
170 4 2393.733349609375 1827.4694651781908 4680.748046875 1.652099609375 572.7386858746725 143
180 5.1 1034.4243499157476 1537.3134264282462 4680.748046875 1.608154296875 970.770306363132 183
190 6.6 968.1027203184186 1422.5593086613117 4680.748046875 1.583984375 984.6436235476764 234
200 10.9 712.485297806766 1136.737901618505 4680.748046875 1.5361328125 981.0046248372398 300
210 8.9 818.366274030021 1230.1011387179103 4680.748046875 1.5361328125 909.4432393939106 409
220 8.3 1059.4089884930347 1126.7425368160189 4680.748046875 1.5361328125 893.1664323308862 498
230 6.9 1410.7138919553895 937.358625002618 4680.748046875 1.5361328125 916.9153689254787 581
240 4.2 1419.129981631324 613.9236259159358 4680.748046875 1.5361328125 969.3339813701923 650
250 1.9 1219.3307077508223 364.37583056200793 4680.748046875 1.5361328125 996.6337386114749 692
260 0.9 1009.6820475260416 466.21376290073067 4680.748046875 1.5361328125 1002.5848531173084 711
270 0.1 354.262939453125 0.0 4680.748046875 1.5361328125 1002.6735680474176 720
280 0 0 0 4680.748046875 1.5361328125 1001.7742467872313 721
290 0 0 0 4680.748046875 1.5361328125 1001.7742467872313 721
300 0 0 0 4680.748046875 1.5361328125 1001.7742467872313 721
310 0 0 0 4680.748046875 1.5361328125 1001.7742467872313 721
320 0 0 0 4680.748046875 1.5361328125 1001.7742467872313 721
330 0 0 0 4680.748046875 1.5361328125 1001.7742467872313 721
338 0 0 0 4680.748046875 1.5361328125 1001.7742467872313 721
