10 0.2 158.271484375 0.58349609375 158.85498046875 157.68798828125 0 0
20 0.4 196.802734375 32.396530152714725 249.64892578125 157.68798828125 158.271484375 2
30 0.3 181.87003580729166 14.406152192999937 249.64892578125 157.68798828125 183.958984375 6
40 0.5 200.204541015625 61.88048835234041 321.2958984375 155.212890625 183.26266818576389 9
50 0.2 163.28857421875 5.465576171875 321.2958984375 155.212890625 189.31333705357142 14
60 0.8 196.10696411132813 36.91151463337893 321.2958984375 155.212890625 186.06024169921875 16
70 0.6 254.208740234375 66.65297913354209 347.205078125 155.212890625 189.40914916992188 24
80 0.2 174.300537109375 14.055419921875 347.205078125 155.212890625 202.3690673828125 30
90 0.8 220.08761596679688 58.315303360156115 347.205078125 155.212890625 200.61478424072266 32
100 0.5 246.396044921875 123.84305871076064 490.59912109375 155.212890625 204.5093505859375 40
110 1.2 451.1746012369792 335.606763933074 1324.41796875 155.212890625 209.163427734375 45
120 2.1 486.44583565848217 288.6490554518118 1324.41796875 155.212890625 260.1131484717653 57
130 1.9 1083.206363075658 340.0045946974694 1936.523193359375 155.212890625 321.0488719451122 78
140 2.3 1232.2560716711955 502.3312027895377 2189.363037109375 155.212890625 470.3374526820232 97
150 2.3 2017.4504500679348 846.3862053997512 3918.580078125 155.212890625 616.3718546549479 120
160 3 2784.472159830729 1650.224303985213 4752.0009765625 1.888916015625 841.7201602108829 143
170 3.6 2525.8813680013022 2331.4242033971846 5700.18603515625 1.76513671875 1178.6135705495844 173
180 6.6 1699.509003610322 1889.8461241206492 5700.18603515625 1.636962890625 1410.6788370962918 209
190 9.1 1019.5074020218063 1636.9463692733536 5700.18603515625 1.534912109375 1479.9980770596592 275
200 10.2 1236.9920486749384 1635.2102865194715 5700.18603515625 1.534912109375 1365.5044939218324 366
210 8.9 890.0727429336376 1290.6325715089476 5700.18603515625 1.534912109375 1337.4953712398171 468
220 8.5 1107.4384880514704 1314.261535791574 5700.18603515625 1.534912109375 1266.004143377609 557
230 4.6 1310.4499617866845 1299.5603078292652 5700.18603515625 1.534912109375 1245.0102482020297 642
240 2 1611.5977294921875 1015.5502366579584 5700.18603515625 1.534912109375 1249.385577889376 688
250 1.1 1091.6344992897727 580.7449704043707 5700.18603515625 1.534912109375 1259.6175595730713 708
260 0.1 1529.76904296875 0.0 5700.18603515625 1.534912109375 1257.0475822947456 719
270 0.1 580.158935546875 0.0 5700.18603515625 1.534912109375 1257.4263621012374 720
280 0 0 0 5700.18603515625 1.534912109375 1256.4870175429094 721
290 0 0 0 5700.18603515625 1.534912109375 1256.4870175429094 721
300 0 0 0 5700.18603515625 1.534912109375 1256.4870175429094 721
310 0 0 0 5700.18603515625 1.534912109375 1256.4870175429094 721
320 0 0 0 5700.18603515625 1.534912109375 1256.4870175429094 721
330 0 0 0 5700.18603515625 1.534912109375 1256.4870175429094 721
338 0 0 0 5700.18603515625 1.534912109375 1256.4870175429094 721
