0 1.4 14
10 2.1 35
20 4.3 78
30 6.7 145
40 8.7 232
50 8.5 317
60 14.1 458
70 14.7 605
80 14.1 746
90 15.2 898
100 24.8 1146
110 25.3 1399
120 30.4 1703
130 36.5 2068
140 33.4 2402
150 39.7 2799
160 35.5 3154
170 35 3504
180 38 3884
190 37.4 4258
200 35.5 4613
210 30.1 4914
220 31.5 5229
230 30 5529
240 27.8 5807
250 34.8 6155
260 23.7 6392
270 26.2 6654
280 28 6934
290 26.7 7201
300 24.9 7450
310 22.7 7677
320 20.7 7884
330 21.2 8096
340 17.7 8273
350 7.3 8346
360 5.1 8397
370 2.7 8424
380 0.2 8426
390 0.1 8427
400 0.1 8428
403 0 8428
