0 0.7 21.682896205357142 38.70135561751862 113.193115234375 0.56591796875 0 0
10 0.7 0.722412109375 0.03615024690994092 113.193115234375 0.56591796875 21.682896205357142 7
20 1.2 2.0232340494791665 2.437396330204707 113.193115234375 0.494873046875 11.202654157366071 14
30 1.6 0.6499786376953125 0.09655976684916669 113.193115234375 0.494873046875 6.965998722956731 26
40 2 1.81689453125 2.104206863497782 113.193115234375 0.494873046875 4.559895833333333 42
50 1.1 0.8036221590909091 0.3386703094821792 113.193115234375 0.494873046875 3.6750567036290325 62
60 1.4 1.087245396205357 1.3881883217572664 113.193115234375 0.477783203125 3.242374785958904 73
70 2.3 1.1483950407608696 1.3379358546608553 113.193115234375 0.477783203125 2.8955723554238504 87
80 2.3 1.2085703974184783 1.3354067616202305 113.193115234375 0.477783203125 2.5302534623579547 110
90 3 1.3362630208333333 1.8253437538622774 113.193115234375 0.477783203125 2.3016917293233083 133
100 5 2.43076171875 2.917131974070341 113.193115234375 0.477783203125 2.1240054639570554 163
110 4.1 2.6908346036585367 2.9068906892762096 113.193115234375 0.477783203125 2.196013974471831 213
120 5.4 2.561839916087962 2.9010305458210413 113.193115234375 0.477783203125 2.275886595718504 254
130 8.4 3.46600341796875 3.338659152771119 113.193115234375 0.464111328125 2.326021268770292 308
140 8.3 2.6224232868975914 3.321522414914615 113.193115234375 0.4580078125 2.5703031578842475 392
150 12.2 3.0561163230020494 3.146060586961319 113.193115234375 0.4580078125 2.579410464638158 475
160 16.5 3.1607924952651514 3.012520630603717 113.193115234375 0.448974609375 2.676827742226759 597
170 19.9 2.7721186498900736 3.223350236636441 113.193115234375 0.44091796875 2.781623259616962 762
180 38.9 2.5192375281169634 3.0013482419380577 113.193115234375 0.43212890625 2.779655083409209 961
190 45.4 2.4698534726046266 3.1173796725826977 113.193115234375 0.43115234375 2.7046162471064803 1350
200 41.5 2.782758377259037 3.1515789492272877 113.193115234375 0.43115234375 2.645535149754018 1804
210 34.5 60.82401069972827 298.9399861261672 3003.303955078125 0.43115234375 2.6711987997831224 2219
220 32.2 1700.8245091408683 2847.4601685072366 15041.283935546875 0.43115234375 10.495972631874025 2564
230 27.5 2583.9028107244317 3658.5836534553255 15041.283935546875 0.43115234375 199.09118703100646 2886
240 39.1 9185.17305636589 10223.497382607866 31087.09912109375 0.43115234375 406.5645171530223 3161
250 33.3 14488.66832433019 12309.030197376167 31087.447021484375 0.43115234375 1372.9034638963308 3552
260 49.4 12787.768087163142 14842.401989424909 31088.046142578125 0.427978515625 2497.111880504947 3885
270 54.9 12585.121501540438 20866.49385442647 63167.0 0.427978515625 3658.012580685159 4379
280 46.3 32584.708585207743 31477.551151557844 63171.004150390625 0.427978515625 4652.530193824272 4928
290 32.9 23601.1442173549 30541.42370205274 63171.004150390625 0.427978515625 7051.454066057725 5391
300 10.6 7744.470912717424 20710.796770101584 63171.004150390625 0.427978515625 8003.350580004712 5720
310 4.2 1.2960844494047616 2.1719709591509693 63171.004150390625 0.427978515625 7998.6404453098185 5826
320 5.2 1.1940589317908652 2.004679408468976 63171.004150390625 0.427978515625 7941.39973925049 5868
330 0.4 1.51800537109375 1.7086414047506226 63171.004150390625 0.427978515625 7871.654689355799 5920
340 0.1 1.904052734375 0.0 63171.004150390625 0.427978515625 7866.340620021575 5924
350 0.3 5.580729166666667 3.5211473528080024 63171.004150390625 0.427978515625 7865.013288955367 5925
360 0.1 0.715087890625 0.0 63171.004150390625 0.427978515625 7861.035843327943 5928
370 0.1 0.678955078125 0.0 63171.004150390625 0.427978515625 7859.710101928814 5929
380 0 0 0 63171.004150390625 0.427978515625 7858.384801566782 5930
390 0.1 0.704833984375 0.0 63171.004150390625 0.427978515625 7858.384801566782 5930
400 0.1 0.775146484375 0.0 63171.004150390625 0.427978515625 7857.0599524742875 5931
403 0 0 0 63171.004150390625 0.427978515625 7855.7355619136015 5932
