0 0.1 2.231417227460076 0 2.231417227460076 2.231417227460076 0 0
10 0.1 2.840352595494613 0.0 2.840352595494613 2.231417227460076 2.231417227460076 1
20 0.1 1.185770750988142 0.0 2.840352595494613 1.185770750988142 2.5358849114773445 2
30 0.1 1.6765285996055226 0.0 2.840352595494613 1.185770750988142 2.0858468579809437 3
40 0.1 1.9723865877712032 0.0 2.840352595494613 1.185770750988142 1.9835172933870886 4
50 0.1 2.1696252465483234 0.0 2.840352595494613 1.185770750988142 1.9812911522639116 5
60 0.1 1.8774703557312251 0.0 2.840352595494613 1.185770750988142 2.01268016797798 6
70 0.1 2.6548672566371683 0.0 2.840352595494613 1.185770750988142 1.993364480514158 7
80 0.1 2.6627218934911245 0.0 2.840352595494613 1.185770750988142 2.0760523275295344 8
90 0.1 2.566633761105627 0.0 2.840352595494613 1.185770750988142 2.1412378348586 9
100 0.1 3.0602171767028628 0.0 3.0602171767028628 1.185770750988142 2.1837774274833026 10
110 0.1 3.648915187376726 0.0 3.648915187376726 1.185770750988142 2.2634537683214444 11
120 0.1 4.701273261508325 0.0 4.701273261508325 1.185770750988142 2.3789088865760513 12
130 0.1 5.190989226248776 0.0 5.190989226248776 1.185770750988142 2.55755230003238 13
140 0.1 5.610236220472441 0.0 5.610236220472441 1.185770750988142 2.7456549376192654 14
150 0.1 5.888125613346419 0.0 5.888125613346419 1.185770750988142 2.9366270231428104 15
160 0.1 7.072691552062868 0.0 7.072691552062868 1.185770750988142 3.121095685030536 16
170 0.1 8.546168958742632 0.0 8.546168958742632 1.185770750988142 3.35354250073832 17
180 0.1 12.147716229348884 0.0 12.147716229348884 1.185770750988142 3.6420217484052264 18
190 0.1 18.582375478927204 0.0 18.582375478927204 1.185770750988142 4.089689878981209 19
200 0.1 20.48780487804878 0.0 20.48780487804878 1.185770750988142 4.814324158978509 20
210 0.1 22.1585482330468 0.0 22.1585482330468 1.185770750988142 5.56068038369614 21
220 0.1 25.67049808429119 0.0 25.67049808429119 1.185770750988142 6.315128922302989 22
230 0.1 26.350710900473935 0.0 26.350710900473935 1.185770750988142 7.156666711954649 23
240 0.1 25.26621490803485 0.0 26.350710900473935 1.185770750988142 7.956418553142953 24
250 0.1 18.29501915708812 0.0 26.350710900473935 1.185770750988142 8.648810407338628 25
260 0.1 18.146718146718147 0.0 26.350710900473935 1.185770750988142 9.019818436175147 26
270 0.1 19.73051010587103 0.0 26.350710900473935 1.185770750988142 9.35785175878785 27
280 0.1 16.65024630541872 0.0 26.350710900473935 1.185770750988142 9.72830384261225 28
290 0.1 15.89793915603533 0.0 26.350710900473935 1.185770750988142 9.966991513743508 29
300 0.1 15.10164569215876 0.0 26.350710900473935 1.185770750988142 10.164689768486568 30
310 0.1 9.931170108161258 0.0 26.350710900473935 1.185770750988142 10.32394641118567 31
320 0.1 9.055501460564752 0.0 26.350710900473935 1.185770750988142 10.311672151716158 32
330 0.1 7.149853085210578 0.0 26.350710900473935 1.185770750988142 10.273606373196419 33
340 0.1 5.544554455445545 0.0 26.350710900473935 1.185770750988142 10.181731276490952 34
350 0.1 5.402750491159136 0.0 26.350710900473935 1.185770750988142 10.04924051017537 35
360 0.1 1.8737672583826428 0.0 26.350710900473935 1.185770750988142 9.920171342980474 36
370 0.1 1.5794669299111548 0.0 26.350710900473935 1.185770750988142 9.702700962315667 37
380 0.1 1.1846001974333662 0.0 26.350710900473935 1.1846001974333662 9.488931645673444 38
390 0.1 1.2807881773399015 0.0 26.350710900473935 1.1846001974333662 9.276000070077545 39
400 0.1 1.183431952662722 0.0 26.350710900473935 1.183431952662722 9.076119772759103 40
