0 0.1 3158.8125 0 3158.8125 3158.8125 0 0
10 0.1 3158.578125 0.0 3158.8125 3158.578125 3158.8125 1
20 0.1 3158.00390625 0.0 3158.8125 3158.00390625 3158.6953125 2
30 0.1 3156.80859375 0.0 3158.8125 3156.80859375 3158.46484375 3
40 0.1 3155.25 0.0 3158.8125 3155.25 3158.05078125 4
50 0.1 3153.6875 0.0 3158.8125 3153.6875 3157.490625 5
60 0.1 3153.33203125 0.0 3158.8125 3153.33203125 3156.8567708333335 6
70 0.1 3152.2578125 0.0 3158.8125 3152.2578125 3156.3532366071427 7
80 0.1 3152.15625 0.0 3158.8125 3152.15625 3155.84130859375 8
90 0.1 3151.19921875 0.0 3158.8125 3151.19921875 3155.4318576388887 9
100 0.1 3150.37109375 0.0 3158.8125 3150.37109375 3155.00859375 10
110 0.1 3148.57421875 0.0 3158.8125 3148.57421875 3154.587002840909 11
120 0.1 3144.953125 0.0 3158.8125 3144.953125 3154.0859375 12
130 0.1 3143.8828125 0.0 3158.8125 3143.8828125 3153.3834134615386 13
140 0.1 3141.05859375 0.0 3158.8125 3141.05859375 3152.7047991071427 14
150 0.1 3135.38671875 0.0 3158.8125 3135.38671875 3151.9283854166665 15
160 0.1 3128.875 0.0 3158.8125 3128.875 3150.89453125 16
170 0.1 3124.15625 0.0 3158.8125 3124.15625 3149.5992647058824 17
180 0.1 3117.36328125 0.0 3158.8125 3117.36328125 3148.1857638888887 18
190 0.1 3111.18359375 0.0 3158.8125 3111.18359375 3146.5635279605262 19
200 0.1 3106.90234375 0.0 3158.8125 3106.90234375 3144.79453125 20
210 0.1 3099.9609375 0.0 3158.8125 3099.9609375 3142.9901413690477 21
220 0.1 3092.12109375 0.0 3158.8125 3092.12109375 3141.034268465909 22
230 0.1 3079.7265625 0.0 3158.8125 3079.7265625 3138.907608695652 23
240 0.1 3064.47265625 0.0 3158.8125 3064.47265625 3136.4417317708335 24
250 0.1 3059.125 0.0 3158.8125 3059.125 3133.56296875 25
260 0.1 3055.5390625 0.0 3158.8125 3055.5390625 3130.699969951923 26
270 0.1 3054.6328125 0.0 3158.8125 3054.6328125 3127.9162326388887 27
280 0.1 3054.16015625 0.0 3158.8125 3054.16015625 3125.2989676339284 28
290 0.1 3054.02734375 0.0 3158.8125 3054.02734375 3122.845905172414 29
300 0.1 3057.61328125 0.0 3158.8125 3054.02734375 3120.551953125 30
310 0.1 3057.67578125 0.0 3158.8125 3054.02734375 3118.5216733870966 31
320 0.1 3057.9296875 0.0 3158.8125 3054.02734375 3116.6202392578125 32
330 0.1 3058.5625 0.0 3158.8125 3054.02734375 3114.841737689394 33
340 0.1 3059.34375 0.0 3158.8125 3054.02734375 3113.186465992647 34
350 0.1 3060.69921875 0.0 3158.8125 3054.02734375 3111.6481026785714 35
360 0.1 3061.2265625 0.0 3158.8125 3054.02734375 3110.232855902778 36
370 0.1 3061.62109375 0.0 3158.8125 3054.02734375 3108.9083614864867 37
380 0.1 3061.94921875 0.0 3158.8125 3054.02734375 3107.6639597039475 38
390 0.1 3062.0546875 0.0 3158.8125 3054.02734375 3106.491786858974 39
400 0.1 3062.19921875 0.0 3158.8125 3054.02734375 3105.3808593749995 40
