0 0.1 0.0 0 0.0 0.0 0 0
10 0.1 0.0 0.0 0.0 0.0 0.0 1
20 0.1 0.0 0.0 0.0 0.0 0.0 2
30 0.1 0.0 0.0 0.0 0.0 0.0 3
40 0.1 0.0 0.0 0.0 0.0 0.0 4
50 0.1 0.0 0.0 0.0 0.0 0.0 5
60 0.1 0.0 0.0 0.0 0.0 0.0 6
70 0.1 0.078125 0.0 0.078125 0.0 0.0 7
80 0.1 0.05859375 0.0 0.078125 0.0 0.009765625 8
90 0.1 0.12890625 0.0 0.12890625 0.0 0.015190972222222222 9
100 0.1 0.109375 0.0 0.12890625 0.0 0.0265625 10
110 0.1 0.08984375 0.0 0.12890625 0.0 0.03409090909090909 11
120 0.1 0.078125 0.0 0.12890625 0.0 0.038736979166666664 12
130 0.1 0.1484375 0.0 0.1484375 0.0 0.04176682692307692 13
140 0.1 0.19921875 0.0 0.19921875 0.0 0.04938616071428571 14
150 0.1 0.171875 0.0 0.19921875 0.0 0.059375 15
160 0.1 0.140625 0.0 0.19921875 0.0 0.06640625 16
170 0.1 0.19140625 0.0 0.19921875 0.0 0.07077205882352941 17
180 0.1 0.23828125 0.0 0.23828125 0.0 0.07747395833333333 18
190 0.1 0.19921875 0.0 0.23828125 0.0 0.0859375 19
200 0.1 0.171875 0.0 0.23828125 0.0 0.0916015625 20
210 0.1 0.140625 0.0 0.23828125 0.0 0.09542410714285714 21
220 0.1 0.19921875 0.0 0.23828125 0.0 0.09747869318181818 22
230 0.1 0.25 0.0 0.25 0.0 0.10190217391304347 23
240 0.1 0.2109375 0.0 0.25 0.0 0.10807291666666667 24
250 0.1 0.1796875 0.0 0.25 0.0 0.1121875 25
260 0.1 0.23046875 0.0 0.25 0.0 0.11478365384615384 26
270 0.1 0.26953125 0.0 0.26953125 0.0 0.11906828703703703 27
280 0.1 0.23046875 0.0 0.26953125 0.0 0.12444196428571429 28
290 0.1 0.19921875 0.0 0.26953125 0.0 0.1280980603448276 29
300 0.1 0.171875 0.0 0.26953125 0.0 0.13046875000000002 30
310 0.1 0.140625 0.0 0.26953125 0.0 0.131804435483871 31
320 0.1 0.12109375 0.0 0.26953125 0.0 0.13208007812500003 32
330 0.1 0.1015625 0.0 0.26953125 0.0 0.13174715909090912 33
340 0.1 0.08984375 0.0 0.26953125 0.0 0.13085937500000003 34
350 0.1 0.0703125 0.0 0.26953125 0.0 0.12968750000000004 35
360 0.1 0.05859375 0.0 0.26953125 0.0 0.1280381944444445 36
370 0.1 0.05078125 0.0 0.26953125 0.0 0.12616131756756763 37
380 0.1 0.0390625 0.0 0.26953125 0.0 0.12417763157894741 38
390 0.1 0.0390625 0.0 0.26953125 0.0 0.12199519230769236 39
400 0.1 0.03125 0.0 0.26953125 0.0 0.11992187500000004 40
