0 1.4 32.09348842075893 32.92818020724103 135.031982421875 7.748046875 0 0
10 2.1 47.863792782738095 71.01242535684882 205.169921875 5.901123046875 32.09348842075893 14
20 4 415.80108032226565 842.8633017461369 3576.6259765625 5.901123046875 41.55567103794643 35
30 6.7 21.51532984491605 49.288811071396744 3576.6259765625 5.09716796875 241.15322265625 75
40 8.7 56.30177745599853 113.59641598406309 3576.6259765625 5.093017578125 137.52125914667693 142
50 8.4 61.273114885602666 156.09639906393105 3576.6259765625 5.093017578125 106.66494950873361 229
60 16.1 51.12130604619565 89.69060312550118 3576.6259765625 5.093017578125 94.48311529677515 313
70 17.5 82.20949916294641 197.6614863549077 3576.6259765625 5.093017578125 79.75473704921545 474
80 15.3 69.10299702563313 155.82661378143442 3576.6259765625 5.093017578125 80.41665287341101 649
90 17.4 36.45362310299928 70.99561526802053 3576.6259765625 5.093017578125 78.25831204459553 802
100 27.9 80.96470199092744 186.5994649602275 3576.6259765625 5.093017578125 70.8054269259093 976
110 25.6 366.48492908477806 436.8693243873772 3576.6259765625 5.093017578125 73.06394305590138 1255
120 32.1 136.0230982890381 239.56585251434802 3576.6259765625 5.093017578125 122.77656544067466 1511
130 37.5 193.13179036458342 296.1236650141573 3576.6259765625 5.093017578125 125.09760094521869 1832
140 34.4 1443.0020837118466 806.9158372098519 4897.10009765625 5.093017578125 136.65755610256429 2207
150 44.2 2160.7695097081787 1010.3393687963455 6018.644775390625 0.56884765625 312.8169122364699 2551
160 68.2 1458.2681501729733 1437.6735538424982 6432.927978515625 0.565185546875 585.7186990999832 2993
170 94.4 1148.7066632286992 1370.390412288561 6432.927978515625 0.56103515625 747.6448829453652 3675
180 153.6 718.4956959088644 1056.953432122917 6432.927978515625 0.529052734375 829.6111788075577 4619
190 201.9 546.9204642081875 889.7489715828315 6432.927978515625 0.529052734375 801.881953505788 6155
200 217.8 500.33704543661065 790.7765222474666 6432.927978515625 0.510986328125 738.9057794304447 8174
210 194.3 942.5983791223701 1272.9096748856011 8049.2919921875 0.510986328125 688.7123189746322 10352
220 205.1 1290.098668522977 1925.381097803059 11771.421875 0.510986328125 728.8343697974915 12295
230 187 1656.7088294044536 2939.374617085409 19116.22216796875 0.510986328125 809.0764635299586 14346
240 222.3 1830.5562925900736 4003.705765299247 34640.10498046875 0.510986328125 906.8239058206162 16216
250 212.5 3536.406830537683 8300.168549650114 36772.586181640625 0.510986328125 1018.1887898050245 18439
260 248 3777.8319621424475 9089.81984934768 36772.586181640625 0.48291015625 1278.4111850859474 20564
270 276.3 3507.3499888842234 11005.099851318177 64393.919921875 0.48291015625 1547.399361058006 23044
280 228.4 7037.8382558739095 19144.93304500193 64938.362060546875 0.48291015625 1757.2394658622775 25807
290 202.6 4557.052310081239 15379.51643604406 64938.362060546875 0.48291015625 2186.5900634339755 28091
300 141.4 1358.980953750716 6268.543427121293 64938.362060546875 0.48291015625 2346.053373581313 30117
310 92.4 1134.9151970669284 900.1419160482398 64938.362060546875 0.48291015625 2301.7883518046337 31531
320 86.1 1196.8250597733386 975.8825200984099 64938.362060546875 0.48291015625 2268.567251974788 32455
330 69.4 1451.0092143737625 652.3509376101002 64938.362060546875 0.48291015625 2240.869748448391 33316
340 77.3 940.9918899832231 524.9978170540029 64938.362060546875 0.48291015625 2224.752041578418 34010
350 27.9 105.50946198056677 134.4549027604528 64938.362060546875 0.48291015625 2196.222397867896 34783
360 8.1 14.508994020061735 31.2041293638255 64938.362060546875 0.48291015625 2179.5858994048144 35062
370 5.3 12.453244767099056 7.754785719687682 64938.362060546875 0.48291015625 2174.5956814571105 35143
380 1.9 9.113268400493421 4.606205038217295 64938.362060546875 0.48291015625 2171.339812916806 35196
390 3.6 10.408759223090279 5.150051969950598 64938.362060546875 0.48291015625 2170.1731991344454 35215
400 1.8 10.407402886284721 5.609105884896787 64938.362060546875 0.48291015625 2167.9675448313956 35251
403 0 0 0 64938.362060546875 0.48291015625 2166.866405514857 35269
