10 0.1 98 0 98 98 0 0
20 0.1 126.0 0.0 126 98 98.0 1
30 0.1 253.0 0.0 253 98 112.0 2
40 0.1 376.0 0.0 376 98 159.0 3
50 0.1 497.0 0.0 497 98 213.25 4
60 0.1 532.0 0.0 532 98 270.0 5
70 0.1 766.0 0.0 766 98 313.6666666666667 6
80 0.1 831.0 0.0 831 98 378.2857142857143 7
90 0.1 766.0 0.0 831 98 434.875 8
100 0.1 1070.0 0.0 1070 98 471.6666666666667 9
110 0.1 1295.0 0.0 1295 98 531.5 10
120 0.1 1499.0 0.0 1499 98 600.9090909090909 11
130 0.1 1762.0 0.0 1762 98 675.75 12
140 0.1 2066.0 0.0 2066 98 759.3076923076923 13
150 0.1 2049.0 0.0 2066 98 852.6428571428571 14
160 0.1 2570.0 0.0 2570 98 932.4 15
170 0.1 3351.0 0.0 3351 98 1034.75 16
180 0.1 4164.0 0.0 4164 98 1171.0 17
190 0.1 6364.0 0.0 6364 98 1337.2777777777778 18
200 0.1 7693.0 0.0 7693 98 1601.842105263158 19
210 0.1 7230.0 0.0 7693 98 1906.4 20
220 0.1 8056.0 0.0 8056 98 2159.904761904762 21
230 0.1 9465.0 0.0 9465 98 2427.909090909091 22
240 0.1 9416.0 0.0 9465 98 2733.8695652173915 23
250 0.1 8737.0 0.0 9465 98 3012.2916666666665 24
260 0.1 8443.0 0.0 9465 98 3241.28 25
270 0.1 10026.0 0.0 10026 98 3441.346153846154 26
280 0.1 8566.0 0.0 10026 98 3685.222222222222 27
290 0.1 8050.0 0.0 10026 98 3859.535714285714 28
300 0.1 6502.0 0.0 10026 98 4004.0344827586205 29
310 0.1 4282.0 0.0 10026 98 4087.3 30
320 0.1 3619.0 0.0 10026 98 4093.5806451612902 31
330 0.1 2867.0 0.0 10026 98 4078.75 32
340 0.1 2855.0 0.0 10026 98 4042.030303030303 33
350 0.1 2408.0 0.0 10026 98 4007.1176470588234 34
360 0.1 524.0 0.0 10026 98 3961.4285714285716 35
370 0.1 299.0 0.0 10026 98 3865.9444444444443 36
380 0.1 170.0 0.0 10026 98 3769.5405405405404 37
390 0.1 71.0 0.0 10026 71 3674.815789473684 38
400 0.1 69.0 0.0 10026 69 3582.4102564102564 39
