0 26.99375 26.99375
10 38.5953125 65.5890625
20 119.09140625 184.68046875
30 116.43203125 301.1125
40 174.21171875 475.32421875
50 209.34609375 684.6703125
60 353.81640625 1038.48671875
70 373.36796875 1411.8546875
80 309.07734375 1720.93203125
90 383.50703125 2104.4390625
100 589.5875 2694.0265625
110 586.99921875 3281.02578125
120 695.7046875 3976.73046875
130 790.7234375 4767.45390625
140 645.81484375 5413.26875
150 864.58046875 6277.84921875
160 903.18515625 7181.034375
170 986.02265625 8167.05703125
180 1362.70859375 9529.765625
190 1555.29609375 11085.06171875
200 1582.3265625 12667.38828125
210 1374.25859375 14041.646875
220 1532.69453125 15574.34140625
230 1392.95078125 16967.2921875
240 1486.296875 18453.5890625
250 1554.2828125 20007.871875
260 1598.20625 21606.078125
270 1918.5703125 23524.6484375
280 1520.05078125 25044.69921875
290 1391.25390625 26435.953125
300 1155.46875 27591.421875
310 887.1703125 28478.5921875
320 877.4203125 29356.0125
330 803.6859375 30159.6984375
340 819.22890625 30978.92734375
350 295.128125 31274.05546875
360 137.0296875 31411.08515625
370 80.38359375 31491.46875
380 15.86171875 31507.33046875
390 29.1921875 31536.52265625
400 14.5828125 31551.10546875
403 0 31551.10546875
