30 0.1 7.55810546875 0 7.55810546875 7.55810546875 0 0
40 0 0 0 7.55810546875 7.55810546875 7.55810546875 1
50 0.4 21.99200439453125 17.11239508565946 49.078125 6.968994140625 7.55810546875 1
60 0.4 48.0692138671875 45.496937471363 125.10107421875 6.968994140625 19.105224609375 5
70 0.6 37.102376302083336 29.112125306274933 125.10107421875 6.64599609375 31.978108723958332 9
80 0.5 21.014892578125 13.138420172205995 125.10107421875 6.64599609375 34.02781575520833 15
90 0.5 26.839794921875 31.912290999702744 125.10107421875 6.64599609375 30.7745849609375 20
100 0.5 77.578271484375 49.67993020668018 132.2880859375 6.318115234375 29.987626953125 25
110 0.5 205.681787109375 208.56251115810923 594.16796875 6.318115234375 37.91940104166667 30
120 0.9 60.81703016493056 67.89732197541817 594.16796875 6.318115234375 61.88545619419643 35
130 1.5 110.77138671875 115.25548184469851 594.16796875 6.318115234375 61.66691450639205 44
140 0.6 1173.2202962239583 527.4187290484639 1861.033935546875 6.318115234375 74.15110235699153 59
150 1.6 1917.7940216064453 731.1172473887162 2495.72314453125 2.916015625 175.60364332932693 65
160 1.3 1629.2760854867788 1116.4978054566277 2813.54296875 0.864990234375 519.7400143470293 81
170 2 1185.4309814453125 1100.573512297299 3027.256103515625 0.6220703125 673.1864922706117 94
180 3.2 677.8359222412109 871.8562723349816 3027.256103515625 0.6220703125 763.0539465117873 114
190 4 586.2471069335938 783.8383488724344 3027.256103515625 0.6220703125 744.3760233839897 146
200 4.5 547.5523817274304 697.877005714992 3027.256103515625 0.60205078125 710.3698047925067 186
210 7.1 607.6563187720071 766.827137426578 3027.256103515625 0.60205078125 678.6521249746347 231
220 8.3 533.65283203125 655.2711389048835 3027.256103515625 0.589111328125 661.9610579534872 302
230 10.3 662.0138401661104 762.2534409190081 3027.256103515625 0.589111328125 634.2998040533685 385
240 8.7 557.5138430540588 986.6498327056851 6069.55615234375 0.589111328125 640.1492829870006 488
250 10.8 537.8870668764469 679.2283819540546 6069.55615234375 0.589111328125 627.646181640625 575
260 9.8 624.5675098652741 1815.4701186470559 17134.26904296875 0.589111328125 613.4529394817212 683
270 8.8 375.96801757812483 590.6127800835121 17134.26904296875 0.589111328125 614.8475974811939 781
280 9.4 1304.0260087682843 6446.605729171608 63124.05908203125 0.589111328125 590.6572602758198 869
290 9.3 592.9306798135083 709.4069581625248 63124.05908203125 0.575927734375 660.2903468368703 963
300 7.1 669.1713179467428 666.4883867506171 63124.05908203125 0.575927734375 654.3581034342446 1056
310 6.4 972.1746025085449 627.2125677116787 63124.05908203125 0.575927734375 655.2913228045973 1127
320 5.6 1055.036355154855 623.8843278801862 63124.05908203125 0.575927734375 672.3194755342804 1191
330 6 1052.0272216796873 352.3649232394991 63124.05908203125 0.575927734375 689.5064404570969 1247
340 4 770.1553161621093 239.68340562240925 63124.05908203125 0.575927734375 706.1485574221738 1307
350 1.8 65.44367133246527 93.17114365688546 63124.05908203125 0.575927734375 708.0492778004941 1347
360 1 10.438916015625 7.250722301446164 63124.05908203125 0.575927734375 699.5753577152013 1365
370 0.7 10.815464564732142 8.1853648591672 63124.05908203125 0.575927734375 694.5634563210226 1375
380 0 0 0 63124.05908203125 0.575927734375 691.1001886348475 1382
390 0.1 16.05517578125 0.0 63124.05908203125 0.575927734375 691.1001886348475 1382
400 0 0 0 63124.05908203125 0.575927734375 690.6120866732758 1383
403 0 0 0 63124.05908203125 0.575927734375 690.6120866732758 1383
