60 2.1 21.439336867559526 12.644959406616671 59.43994140625 5.243896484375 0 0
70 2.7 25.519422743055557 23.444085748920592 85.3740234375 5.220947265625 21.439336867559526 21
80 1 12.153564453125 9.09599611262219 85.3740234375 5.134765625 23.734385172526043 48
90 2.2 16.70804110440341 14.161253150915488 85.3740234375 5.134765625 21.737691945043103 58
100 3.2 39.657562255859375 44.461315412610695 168.525146484375 5.133056640625 20.354537963867188 80
110 0.8 128.47952270507813 73.1529783708765 289.83203125 5.133056640625 25.86968776157924 112
120 2.4 64.8259785970052 37.43393807742153 289.83203125 5.133056640625 32.71034342447917 120
130 1.2 143.08723958333334 169.26627585925075 464.837890625 5.133056640625 38.06294928656684 144
140 0.6 971.1188151041666 546.6807770053222 1731.383056640625 5.133056640625 46.14174084785657 156
150 0.7 1505.2764718191963 955.5157673450835 2232.158935546875 0.14599609375 80.40015100549769 162
160 1.7 1149.3564453125 1110.7624958774259 2661.326904296875 0.12109375 139.41869683801775 169
170 5.9 705.9955640889831 998.540233541702 2763.741943359375 0.1201171875 231.7248351394489 186
180 18 317.6664835611977 672.7445684569703 2763.741943359375 0.10986328125 345.9369698660714 245
190 17.3 241.00649442286854 584.188111722436 2763.741943359375 0.10986328125 333.9635874310661 425
200 19.8 290.3989714034881 588.8757861501216 2763.741943359375 0.10986328125 307.0713180490959 598
210 12.7 578.8651863158218 1069.3888744386684 5491.06005859375 0.10986328125 302.9241765467965 796
220 14.6 813.586452536387 1302.7946352414733 5491.06005859375 0.10986328125 340.8922244781792 923
230 12.2 631.4360271516392 1238.0353553175817 7967.15478515625 0.10693359375 405.45102456844893 1069
240 17.9 684.7563135583978 1390.3020116388386 11622.76611328125 0.10693359375 428.5997821798253 1191
250 18.4 1627.7811159880268 3612.837872968385 36021.739990234375 0.10693359375 462.0684092723541 1370
260 39 1703.214579577323 3898.9308703430297 36021.739990234375 0.06884765625 600.093594623502 1554
270 63.6 633.7401556818747 2219.610896223516 36021.739990234375 0.054931640625 821.3987304938673 1944
280 40.3 395.8417581032878 3169.944651787726 63122.715087890625 0.054931640625 775.1387097262599 2580
290 35.5 243.7763493067781 515.9019017470048 63122.715087890625 0.054931640625 723.8961111664014 2983
300 23 410.3782035495924 603.4599606621737 63122.715087890625 0.054931640625 672.8348423047579 3338
310 13 798.8505821814904 661.3712852008248 63122.715087890625 0.054931640625 655.916393057648 3568
320 16.9 785.8746807391827 681.5632686519425 63122.715087890625 0.054931640625 660.941121177199 3698
330 17.6 1086.2752158425055 220.97204457166907 63122.715087890625 0.054931640625 666.4011086522378 3867
340 28.4 614.3169271979532 264.3714606994606 63122.715087890625 0.054931640625 684.679081164107 4043
350 9.8 75.40899035395407 85.63735479158505 63122.715087890625 0.054931640625 680.0609041993768 4327
360 1.6 6.2222747802734375 4.781039350183229 63122.715087890625 0.054931640625 666.6697431695798 4425
370 1.6 8.966827392578125 5.208445809649881 63122.715087890625 0.054931640625 664.2902882057814 4441
380 0.8 6.872161865234375 4.771094833596117 63122.715087890625 0.054931640625 661.9377696118815 4457
390 1.6 6.942474365234375 4.545195754368287 63122.715087890625 0.054931640625 660.7640798331641 4465
400 0.8 3.276824951171875 0.07736373387921563 63122.715087890625 0.054931640625 658.4295237770413 4481
403 0 0 0 63122.715087890625 0.054931640625 657.2619538080934 4489
