0 1 13.370263671875 33.01695142360727 112.27197265625 1.2060546875 0 0
10 0.8 1.58209228515625 0.30745125185483174 112.27197265625 1.2060546875 13.370263671875 10
20 0.9 1.5409884982638888 0.18056624943291286 112.27197265625 1.2060546875 8.13107638888889 18
30 1 1.5888916015625 0.28550987682360845 112.27197265625 1.10400390625 5.934380425347222 27
40 1.5 1.5537272135416667 0.4175390723467336 112.27197265625 1.10400390625 4.759923986486487 37
50 1 1.59599609375 0.3925743869584552 112.27197265625 1.073974609375 3.8350595327524037 52
60 2.7 1.6380389178240742 0.4937236402357073 112.27197265625 1.073974609375 3.4739202683971775 62
70 2.1 1.9341517857142858 1.0610602402293239 112.27197265625 1.073974609375 2.916967499122191 89
80 1.6 1.5561370849609375 0.39260468909077745 112.27197265625 1.050048828125 2.729339044744318 110
90 2.4 1.697784423828125 0.8346152895193221 112.27197265625 1.050048828125 2.5803610181051586 126
100 4.1 1.5774223513719512 0.43822395157847027 112.27197265625 0.899169921875 2.4391487630208335 150
110 3.2 1.9348144531249998 2.0347123348341594 112.27197265625 0.899169921875 2.2541708421956805 191
120 6.6 1.5928178267045454 1.1011631394895252 112.27197265625 0.899169921875 2.2083439164097536 223
130 7.9 1.3890489022943036 0.27130020879610883 112.27197265625 0.883056640625 2.0677739443663494 289
140 8.5 1.4343836167279416 0.5302296031060542 112.27197265625 0.7900390625 1.922069383704144 368
150 13.4 1.460170461170709 0.8758425581269726 112.27197265625 0.781982421875 1.8305610168322295 453
160 16.4 1.8918784536966464 2.063221381950225 112.27197265625 0.781982421875 1.7460084879418654 587
170 16.6 1.5256597679781632 0.5279990769364303 112.27197265625 0.781982421875 1.7778629145514315 751
180 26.4 1.6120309540719697 1.286602616726857 112.27197265625 0.656005859375 1.7322078193157033 917
190 32.9 1.5357380319148939 1.8184936142379342 112.27197265625 0.656005859375 1.7053435581604572 1181
200 32.7 1.5021076727350913 1.0715272939519942 112.27197265625 0.656005859375 1.6683897713162252 1510
210 53.8 1.4581757159038105 1.0856291948828318 112.27197265625 0.656005859375 1.6387902905127245 1837
220 58.4 1.5667532306827914 1.3452116787274049 112.27197265625 0.656005859375 1.5978763363486843 2375
230 61.1 1.4552303632620707 1.254410830815288 112.27197265625 0.656005859375 1.591733756521418 2959
240 20.4 1.3599446614583333 0.4725400019015824 112.27197265625 0.656005859375 1.568371411064426 3570
250 0.4 1.50897216796875 0.43724892002139193 112.27197265625 0.656005859375 1.5571051002749074 3774
260 0.5 1.67060546875 0.2973642995030801 112.27197265625 0.656005859375 1.5570541389913648 3778
270 0.2 1.4410400390625 0.0670166015625 112.27197265625 0.656005859375 1.557204220051051 3783
280 0.5 1.474609375 0.1878616659644549 112.27197265625 0.656005859375 1.5571428387136725 3785
290 0.5 1.436376953125 0.31032402055604696 112.27197265625 0.656005859375 1.5570339555161612 3790
300 0.4 4.69268798828125 5.364732545603102 112.27197265625 0.656005859375 1.556874987133564 3795
310 0.3 1.4589029947916667 0.24974144705195328 112.27197265625 0.656005859375 1.5601767117991578 3799
320 0.6 1.5758870442708333 0.2564348506480205 112.27197265625 0.656005859375 1.5600968009230343 3802
330 0.6 1.7076416015625 0.4464779321311914 112.27197265625 0.656005859375 1.560121680508141 3808
340 0.4 1.531494140625 0.14439622912859257 112.27197265625 0.656005859375 1.560353751700151 3814
350 0.2 1.7235107421875 0.0836181640625 112.27197265625 0.656005859375 1.5603235163821048 3818
360 0 0 0 112.27197265625 0.656005859375 1.5604089547202227 3820
370 0.1 3.174072265625 0.0 112.27197265625 0.656005859375 1.5604089547202227 3820
380 0.1 1.260986328125 0.0 112.27197265625 0.656005859375 1.5608312691172144 3821
390 0.1 1.799072265625 0.0 112.27197265625 0.656005859375 1.5607528167517009 3822
393 0.1 1.6640625 0.0 112.27197265625 0.656005859375 1.5608151550851754 3823
