0 0.1 3170.7734375 0 3170.7734375 3170.7734375 0 0
10 0.1 3169.40625 0.0 3170.7734375 3169.40625 3170.7734375 1
20 0.1 3167.86328125 0.0 3170.7734375 3167.86328125 3170.08984375 2
30 0.1 3166.65625 0.0 3170.7734375 3166.65625 3169.34765625 3
40 0.1 3166.28515625 0.0 3170.7734375 3166.28515625 3168.6748046875 4
50 0.1 3164.1484375 0.0 3170.7734375 3164.1484375 3168.196875 5
60 0.1 3163.671875 0.0 3170.7734375 3163.671875 3167.5221354166665 6
70 0.1 3162.9453125 0.0 3170.7734375 3162.9453125 3166.972098214286 7
80 0.1 3161.0234375 0.0 3170.7734375 3161.0234375 3166.46875 8
90 0.1 3158.953125 0.0 3170.7734375 3158.953125 3165.863715277778 9
100 0.1 3156.671875 0.0 3170.7734375 3156.671875 3165.17265625 10
110 0.1 3154.5234375 0.0 3170.7734375 3154.5234375 3164.3998579545455 11
120 0.1 3153.0234375 0.0 3170.7734375 3153.0234375 3163.5768229166665 12
130 0.1 3147.88671875 0.0 3170.7734375 3147.88671875 3162.7650240384614 13
140 0.1 3141.828125 0.0 3170.7734375 3141.828125 3161.7022879464284 14
150 0.1 3136.1796875 0.0 3170.7734375 3136.1796875 3160.37734375 15
160 0.1 3122.44921875 0.0 3170.7734375 3122.44921875 3158.864990234375 16
170 0.1 3110.00390625 0.0 3170.7734375 3110.00390625 3156.7228860294117 17
180 0.1 3090.3984375 0.0 3170.7734375 3090.3984375 3154.127387152778 18
190 0.1 3070.5546875 0.0 3170.7734375 3070.5546875 3150.7732319078946 19
200 0.1 3037.5625 0.0 3170.7734375 3037.5625 3146.7623046875 20
210 0.1 3022.65234375 0.0 3170.7734375 3022.65234375 3141.5623139880954 21
220 0.1 2962.5859375 0.0 3170.7734375 2962.5859375 3136.157315340909 22
230 0.1 2909.7109375 0.0 3170.7734375 2909.7109375 3128.610733695652 23
240 0.1 2864.88671875 0.0 3170.7734375 2864.88671875 3119.4899088541665 24
250 0.1 2845.453125 0.0 3170.7734375 2845.453125 3109.30578125 25
260 0.1 2837.26171875 0.0 3170.7734375 2837.26171875 3099.1576021634614 26
270 0.1 2834.3515625 0.0 3170.7734375 2834.3515625 3089.4577546296296 27
280 0.1 2831.94921875 0.0 3170.7734375 2831.94921875 3080.3468191964284 28
290 0.1 2830.83984375 0.0 3170.7734375 2830.83984375 3071.781384698276 29
300 0.1 2831.17578125 0.0 3170.7734375 2830.83984375 3063.75 30
310 0.1 2848.08984375 0.0 3170.7734375 2830.83984375 3056.247605846774 31
320 0.1 2904.11328125 0.0 3170.7734375 2830.83984375 3049.74267578125 32
330 0.1 2930.5234375 0.0 3170.7734375 2830.83984375 3045.3296638257575 33
340 0.1 2960.109375 0.0 3170.7734375 2830.83984375 3041.953010110294 34
350 0.1 2980.53125 0.0 3170.7734375 2830.83984375 3039.6146205357145 35
360 0.1 2989.81640625 0.0 3170.7734375 2830.83984375 3037.9734157986113 36
370 0.1 3013.8203125 0.0 3170.7734375 2830.83984375 3036.671875 37
380 0.1 3033.9296875 0.0 3170.7734375 2830.83984375 3036.0705180921054 38
390 0.1 3034.12890625 0.0 3170.7734375 2830.83984375 3036.015625 39
