0 0.1 0.01953125 0 0.01953125 0.01953125 0 0
10 0.1 0.01953125 0.0 0.01953125 0.01953125 0.01953125 1
20 0.1 0.01953125 0.0 0.01953125 0.01953125 0.01953125 2
30 0.1 0.01171875 0.0 0.01953125 0.01171875 0.01953125 3
40 0.1 0.08984375 0.0 0.08984375 0.01171875 0.017578125 4
50 0.1 0.16015625 0.0 0.16015625 0.01171875 0.03203125 5
60 0.1 0.12890625 0.0 0.16015625 0.01171875 0.053385416666666664 6
70 0.1 0.109375 0.0 0.16015625 0.01171875 0.06417410714285714 7
80 0.1 0.08984375 0.0 0.16015625 0.01171875 0.06982421875 8
90 0.1 0.078125 0.0 0.16015625 0.01171875 0.0720486111111111 9
100 0.1 0.0703125 0.0 0.16015625 0.01171875 0.07265625 10
110 0.1 0.05859375 0.0 0.16015625 0.01171875 0.07244318181818182 11
120 0.1 0.05078125 0.0 0.16015625 0.01171875 0.0712890625 12
130 0.1 0.0390625 0.0 0.16015625 0.01171875 0.06971153846153846 13
140 0.1 0.109375 0.0 0.16015625 0.01171875 0.06752232142857142 14
150 0.1 0.08984375 0.0 0.16015625 0.01171875 0.0703125 15
160 0.1 0.078125 0.0 0.16015625 0.01171875 0.071533203125 16
170 0.1 0.140625 0.0 0.16015625 0.01171875 0.07192095588235294 17
180 0.1 0.19140625 0.0 0.19140625 0.01171875 0.07573784722222222 18
190 0.1 0.23828125 0.0 0.23828125 0.01171875 0.08182565789473684 19
200 0.1 0.2890625 0.0 0.2890625 0.01171875 0.0896484375 20
210 0.1 0.3203125 0.0 0.3203125 0.01171875 0.09914434523809523 21
220 0.1 0.26953125 0.0 0.3203125 0.01171875 0.10919744318181818 22
230 0.1 0.23046875 0.0 0.3203125 0.01171875 0.11616847826086957 23
240 0.1 0.26953125 0.0 0.3203125 0.01171875 0.12093098958333333 24
250 0.1 0.30078125 0.0 0.3203125 0.01171875 0.126875 25
260 0.1 0.328125 0.0 0.328125 0.01171875 0.1335637019230769 26
270 0.1 0.28125 0.0 0.328125 0.01171875 0.1407696759259259 27
280 0.1 0.390625 0.0 0.390625 0.01171875 0.14578683035714285 28
290 0.1 0.328125 0.0 0.390625 0.01171875 0.15422952586206898 29
300 0.1 0.3515625 0.0 0.390625 0.01171875 0.16002604166666667 30
310 0.1 0.37890625 0.0 0.390625 0.01171875 0.1662046370967742 31
320 0.1 0.46875 0.0 0.46875 0.01171875 0.1728515625 32
330 0.1 0.3984375 0.0 0.46875 0.01171875 0.18181818181818182 33
340 0.1 0.33984375 0.0 0.46875 0.01171875 0.18818933823529413 34
350 0.1 0.2890625 0.0 0.46875 0.01171875 0.19252232142857142 35
360 0.1 0.23828125 0.0 0.46875 0.01171875 0.19520399305555555 36
370 0.1 0.19921875 0.0 0.46875 0.01171875 0.19636824324324326 37
380 0.1 0.171875 0.0 0.46875 0.01171875 0.1964432565789474 38
390 0.1 0.1484375 0.0 0.46875 0.01171875 0.1958133012820513 39
