20 0.1 25241.3798828125 0 25241.3798828125 25241.3798828125 0 0
30 0.5 24762.247216796874 3921.1078749301946 30832.47900390625 19586.01904296875 25241.3798828125 1
40 0.5 35123.17299804687 5181.742211840356 42051.510986328125 19586.01904296875 24842.102661132813 6
50 0.9 34227.976752387156 10153.864283092993 52220.432861328125 15037.597900390625 29515.316450639206 11
60 0.9 28396.584716796875 14373.414785820267 59889.26416015625 13069.236083984375 31636.013586425783 20
70 1 29904.09616699219 13593.013811512685 59889.26416015625 10857.39306640625 30630.673592403018 29
80 0.7 28927.9267578125 13279.526110133056 59889.26416015625 10857.39306640625 30444.371688451523 39
90 1.6 49248.462005615234 18181.33473435226 94894.46801757813 10857.39306640625 30213.608329441235 46
100 1.4 44045.17735072545 12041.20604427705 94894.46801757813 10857.39306640625 35125.82863297001 62
110 1.7 47717.46537511489 20968.905515142837 94894.46801757813 4635.965087890625 36768.8665546618 76
120 2.8 43010.728803362166 15206.826977726125 94894.46801757813 4635.965087890625 38770.22332829301 93
130 2.1 36217.58436802455 18701.898157558993 105773.09594726563 4635.965087890625 39751.49732252389 121
140 4.3 38916.642333984375 17089.876306275062 105773.09594726563 4635.965087890625 39228.876392633145 142
150 3.6 36744.690368652344 16408.116808966028 105773.09594726563 4635.965087890625 39156.30307089316 185
160 4.5 36654.43149956597 15966.393475125045 105773.09594726563 4635.965087890625 38763.461182745334 221
170 7.4 39450.54196249473 19407.3618005529 105773.09594726563 4635.965087890625 38406.670446869124 266
180 8.2 35647.92228884813 16609.24548769071 105773.09594726563 4635.965087890625 38633.8660120347 340
190 10.3 40304.348665996666 18190.620632018952 105773.09594726563 4635.965087890625 38053.658937861 422
200 15 40730.56866699218 16334.668287869681 105773.09594726563 4635.965087890625 38495.22282738095 525
210 14.1 42867.3994105995 17603.20032478343 105773.09594726563 4635.965087890625 38991.96634729456 675
220 12.1 44871.54773050103 15336.767914149266 109588.01098632813 4635.965087890625 39661.61838396858 816
230 14.5 50074.21681707973 14878.580805879978 109588.01098632813 4635.965087890625 40334.40541804588 937
240 18.9 49647.78928338916 14329.384276462784 109588.01098632813 4635.965087890625 41639.64816560587 1082
250 23.1 53743.39520025872 14642.43333296685 109588.01098632813 4635.965087890625 42830.473241342326 1271
260 28.9 55922.1259174281 16643.83975065046 118401.48706054688 4635.965087890625 44508.82542011043 1502
270 34.5 61571.64476902174 17400.10540790146 149391.86596679688 4635.965087890625 46350.502608119816 1791
280 34.1 66582.24586321248 16520.78852247772 149391.86596679688 4635.965087890625 48808.97360320931 2136
290 61.6 71382.7075991939 14318.70010429284 162801.921875 4635.965087890625 51255.75835922913 2477
300 41 75398.4836342416 12716.044020876383 162801.921875 4635.965087890625 55264.22933621533 3093
310 12.5 82310.4836367187 9463.364935607176 162801.921875 4635.965087890625 57620.793498987456 3503
320 7.8 92442.51693960336 9088.05470660074 162801.921875 4635.965087890625 58471.45812611436 3628
330 3 103378.36267089844 11748.337153766157 162801.921875 4635.965087890625 59186.44533265838 3706
340 1.4 111035.56021554129 11323.2167603735 162801.921875 4635.965087890625 59541.30548259072 3736
350 0.7 123728.56253487723 16305.60624925009 163192.59204101563 4635.965087890625 59733.5507002604 3750
360 0 0 0 163192.59204101563 4635.965087890625 59852.78548408854 3757
370 0.1 192720.95288085938 0.0 192720.95288085938 4635.965087890625 59852.78548408854 3757
380 0.1 156097.3388671875 0.0 192720.95288085938 4635.965087890625 59888.1415690797 3758
390 0.1 153018.93115234375 0.0 192720.95288085938 4635.965087890625 59913.7359285631 3759
393 0.1 164709.3359375 0.0 192720.95288085938 4635.965087890625 59938.49794856943 3760
