0 12.484375 12.484375
10 22.64375 35.128125
20 50.309375 85.4375
30 101.44296875 186.88046875
40 59.271875 246.15234375
50 95.496875 341.64921875
60 107.31875 448.96796875
70 146.2234375 595.19140625
80 180.06328125 775.2546875
90 179.28046875 954.53515625
100 225.1359375 1179.67109375
110 276.7140625 1456.38515625
120 289.27890625 1745.6640625
130 409.07421875 2154.73828125
140 566.39453125 2721.1328125
150 734.3578125 3455.490625
160 754.725 4210.215625
170 1187.428125 5397.64375
180 1561.7046875 6959.3484375
190 1807.84375 8767.1921875
200 2328.93828125 11096.13046875
210 2333.49765625 13429.628125
220 2374.56640625 15804.19453125
230 2792.584375 18596.77890625
240 3510.1078125 22106.88671875
250 3312.5078125 25419.39453125
260 3371.9875 28791.38203125
270 3062.54921875 31853.93125
280 2775.246875 34629.178125
290 3732.78828125 38361.96640625
300 2253.51015625 40615.4765625
310 656.165625 41271.6421875
320 332.5484375 41604.190625
330 174.103125 41778.29375
340 125.2234375 41903.5171875
350 49.9125 41953.4296875
360 0 41953.4296875
370 22.11953125 41975.54921875
380 22.11953125 41997.66875
390 21.43046875 42019.09921875
393 19.10859375 42038.2078125
