20 0.2 18.0379638671875 2.0469970703125 20.0849609375 15.990966796875 0 0
30 0.1 19.220947265625 0.0 20.0849609375 15.990966796875 18.0379638671875 2
40 0.4 23.83758544921875 5.6556974303780825 31.2041015625 15.990966796875 18.432291666666668 3
50 0.3 33.27197265625 3.6747044530953747 36.27099609375 15.990966796875 21.521030970982142 7
60 0.3 17.6943359375 1.5701781384631712 36.27099609375 15.990966796875 25.0463134765625 10
70 0.3 19.216064453125 1.889268193853476 36.27099609375 15.990966796875 23.349703275240383 13
80 0.3 38.198974609375 22.605564980098553 70.072021484375 15.990966796875 22.57464599609375 16
90 0.2 26.7705078125 2.552490234375 70.072021484375 15.990966796875 25.04164525082237 19
100 0.8 28.886383056640625 19.235178657160745 78.52685546875 15.990966796875 25.206298828125 21
110 0.8 21.387451171875 4.538962200586457 78.52685546875 15.990966796875 26.22149447737069 29
120 1.1 24.145685369318183 6.6864335240324015 78.52685546875 15.990966796875 25.17629592483108 37
130 1.5 34.685709635416664 39.50315140983821 178.4189453125 15.005126953125 24.940114339192707 48
140 2.1 30.77041480654762 21.496606478898542 178.4189453125 15.005126953125 27.260494171626984 63
150 1.2 49.5447998046875 35.461121217874094 178.4189453125 15.005126953125 28.137974330357142 84
160 1.9 111.88590923108552 135.16093404769617 422.527099609375 15.005126953125 30.813827514648438 96
170 3.1 157.8114053049395 310.85918216215424 1662.47509765625 15.005126953125 44.20834536345109 115
180 3.9 96.41329251802884 104.29972997113057 1662.47509765625 15.005126953125 68.32954302226027 146
190 3.4 116.6705322265625 69.7601940465821 1662.47509765625 15.005126953125 74.24990102407094 185
200 6.4 253.45631790161133 206.51250487928024 1662.47509765625 15.005126953125 80.83575244363584 219
210 5.4 463.01637098524304 295.66778059081946 1662.47509765625 15.005126953125 119.87361883695893 283
220 5.6 1311.682229178293 545.3015638278994 2394.720947265625 1.365966796875 174.85791740077894 337
230 6.9 1859.4959309895833 1137.461648428184 3464.529052734375 1.365966796875 336.84815012225675 393
240 11.6 1658.254901754445 1090.421077330137 3464.529052734375 1.364990234375 564.2565849271172 462
250 14.4 1799.9736175537112 839.6751947426466 3464.529052734375 1.364990234375 783.8133405533629 578
260 13.5 1623.560724103009 937.9031461386863 4216.8740234375 1.364990234375 986.4824262708838 722
270 11.6 1912.2758999528555 942.5514480101237 4898.281005859375 1.3359375 1086.838984272444 857
280 8.6 1864.7023471566133 714.8491092184936 4898.281005859375 1.3359375 1185.2466741171795 973
290 4.9 1030.558558872768 458.73437677471776 4898.281005859375 1.3359375 1240.424377499041 1059
300 1.9 165.34182257401315 157.14494157917366 4898.281005859375 1.3359375 1231.1433079027527 1108
310 1.1 28.58065518465909 19.303328929401648 4898.281005859375 1.3359375 1213.1750486114963 1127
320 0.7 21.441999162946427 9.954081671249343 4898.281005859375 1.3359375 1201.7246634377746 1138
330 0.1 26.15185546875 0.0 4898.281005859375 1.3359375 1194.5089615601119 1145
340 0 0 0 4898.281005859375 1.3359375 1193.4894527415331 1146
350 0 0 0 4898.281005859375 1.3359375 1193.4894527415331 1146
360 0 0 0 4898.281005859375 1.3359375 1193.4894527415331 1146
370 0 0 0 4898.281005859375 1.3359375 1193.4894527415331 1146
380 0 0 0 4898.281005859375 1.3359375 1193.4894527415331 1146
390 0 0 0 4898.281005859375 1.3359375 1193.4894527415331 1146
393 0 0 0 4898.281005859375 1.3359375 1193.4894527415331 1146
