0 0.6 30.440022786458332 42.45756824667906 125.304931640625 9.625 0 0
10 0.2 12.1865234375 1.863525390625 125.304931640625 9.625 30.440022786458332 6
20 0.5 10.69111328125 0.6874332638341317 125.304931640625 9.625 25.87664794921875 8
30 0.5 10.623046875 0.9248079229376812 125.304931640625 9.1708984375 20.036057692307693 13
40 0.8 10.058197021484375 0.5135929632674093 125.304931640625 9.1708984375 17.42133246527778 18
50 0.4 12.91754150390625 3.0915088356731415 125.304931640625 9.1708984375 15.155752328725962 26
60 1.2 10.43499755859375 1.1970955928648195 125.304931640625 9.1708984375 14.85732421875 30
70 1.1 14.179931640625 7.802006069164544 125.304931640625 9.1708984375 13.593802315848214 42
80 0.6 10.823893229166666 1.0287143539591834 125.304931640625 9.1708984375 13.715451798349056 53
90 1.4 12.63818359375 6.382096438689285 125.304931640625 8.26904296875 13.42139499470339 59
100 1.9 12.105417351973685 3.005826637989112 125.304931640625 8.26904296875 13.271190068493151 73
110 0.6 13.188517252604166 3.980833652472169 125.304931640625 8.26904296875 13.030432659646738 92
120 3.9 11.055113181089741 2.538850597872363 125.304931640625 8.26904296875 13.040111308195153 98
130 4.2 13.574863978794642 5.878305756367647 125.304931640625 8.26904296875 12.475038848654197 137
140 4.1 12.611137576219512 7.213416688027018 125.304931640625 8.26904296875 12.733098376396647 179
150 7.3 12.828208609803083 8.584851392287018 125.304931640625 8.26904296875 12.710369318181819 220
160 8.1 24.272690007716044 31.603314319290774 234.463134765625 8.26904296875 12.739728595616468 293
170 8.5 16.334914981617647 10.466592995741237 234.463134765625 8.223876953125 15.237509008397392 374
180 12.9 21.3195687227471 18.393683016384138 234.463134765625 7.947998046875 15.440732336771514 459
190 17.5 32.62566964285716 29.535571242864286 234.463134765625 7.947998046875 16.73047705410289 588
200 14.7 93.97948554421768 106.69116324535597 576.06201171875 7.947998046875 20.376163427670384 763
210 24.1 367.0390837736645 290.86334026805986 1553.489990234375 7.947998046875 32.265930846497255 910
220 27.1 1278.1778217611272 571.0276841521573 2558.218017578125 7.947998046875 102.36178649849319 1151
230 30.2 1959.119822116877 936.6904683340933 3347.315185546875 2.30810546875 326.4448705745648 1422
240 15.9 2137.713745884924 861.9575109846899 3347.315185546875 2.30810546875 612.4470952646915 1724
250 0 0 0 3347.315185546875 2.30810546875 741.2401900329427 1883
260 0 0 0 3347.315185546875 2.30810546875 741.2401900329427 1883
270 0 0 0 3347.315185546875 2.30810546875 741.2401900329427 1883
280 0 0 0 3347.315185546875 2.30810546875 741.2401900329427 1883
290 0 0 0 3347.315185546875 2.30810546875 741.2401900329427 1883
300 0 0 0 3347.315185546875 2.30810546875 741.2401900329427 1883
310 0 0 0 3347.315185546875 2.30810546875 741.2401900329427 1883
320 0 0 0 3347.315185546875 2.30810546875 741.2401900329427 1883
330 0 0 0 3347.315185546875 2.30810546875 741.2401900329427 1883
340 0 0 0 3347.315185546875 2.30810546875 741.2401900329427 1883
350 0 0 0 3347.315185546875 2.30810546875 741.2401900329427 1883
360 0 0 0 3347.315185546875 2.30810546875 741.2401900329427 1883
370 0 0 0 3347.315185546875 2.30810546875 741.2401900329427 1883
380 0 0 0 3347.315185546875 2.30810546875 741.2401900329427 1883
390 0 0 0 3347.315185546875 2.30810546875 741.2401900329427 1883
393 0 0 0 3347.315185546875 2.30810546875 741.2401900329427 1883
