30 2.4 12.151906331380209 4.112934157666306 20.64404296875 8.323974609375 0 0
40 0 0 0 20.64404296875 8.323974609375 12.151906331380209 24
50 0.8 38.910491943359375 12.543797386272791 64.971923828125 8.323974609375 12.151906331380209 24
60 0.8 10.59112548828125 0.7082538019555257 64.971923828125 8.323974609375 18.841552734375 32
70 1.6 11.2559814453125 2.420708266063954 64.971923828125 8.323974609375 17.19146728515625 40
80 2.4 12.44000244140625 3.786072047272935 64.971923828125 8.323974609375 15.495614188058036 56
90 2.2 13.778675426136363 5.343726099137915 64.971923828125 8.323974609375 14.5789306640625 80
100 3.4 12.608534869025736 3.3198432692128503 64.971923828125 8.323974609375 14.406326593137255 102
110 3.2 17.250701904296875 14.229393240876735 79.23779296875 8.156982421875 13.956878662109375 136
120 3.2 13.402427673339844 3.7338547980775623 79.23779296875 8.156982421875 14.584273565383185 168
130 3.2 14.761520385742188 5.792478275833255 79.23779296875 8.156982421875 14.39517822265625 200
140 6.4 18.20472335815429 10.573119946034119 79.23779296875 8.156982421875 14.445708176185345 232
150 9.9 24.230587121212118 38.66187403211649 368.277099609375 8.156982421875 15.258468215529984 296
160 4.8 40.55540466308595 29.162084834494745 368.277099609375 8.156982421875 17.507176498219938 395
170 13.5 39.42582826967592 67.83365703201758 739.935791015625 8.156982421875 20.004501446106094 443
180 17 49.245856789981595 42.1011459858504 739.935791015625 8.156982421875 24.54062449313365 578
190 17.2 67.48212663517442 81.2379016203638 782.10791015625 8.156982421875 30.15545001514454 748
200 23.1 143.9546004126083 128.75693392956026 782.10791015625 8.156982421875 37.13391564410665 920
210 15.6 326.3057830028045 297.2098405529794 1592.27392578125 8.156982421875 58.57229807809785 1151
220 10.1 1119.6954236927597 615.2274075719889 2360.83203125 1.39404296875 90.52824578142932 1307
230 16.9 1378.029028175851 1223.4137588477286 3416.265869140625 1.35498046875 164.35344817421654 1408
240 27 1415.397947410301 1126.6018515931773 3416.265869140625 1.1240234375 294.4176035453492 1577
250 31.8 1691.2218409124418 861.7009550142191 3416.265869140625 1.1240234375 458.2858725456399 1847
260 42.8 1474.7237257912893 946.3962360679718 4951.77099609375 1.1240234375 639.3822411094472 2165
270 50.5 1739.443552270266 1011.1571140175703 5072.76806640625 1.1240234375 777.2635197225704 2593
280 55.9 1554.948888133805 739.7457654438914 5072.76806640625 1.1240234375 934.1069401346383 3098
290 110.7 681.1205637862045 450.8566104764695 5072.76806640625 1.1240234375 1029.0073089975133 3657
300 71.7 209.83730427889637 204.63518272955992 5072.76806640625 1.1240234375 948.1696459099988 4764
310 15.9 11.793082375196539 5.839772008041195 5072.76806640625 1.1240234375 851.5842985373478 5481
320 8 11.770562744140623 5.683950784877069 5072.76806640625 1.1240234375 827.9093334008616 5640
330 4.8 10.649841308593755 5.69413105090085 5072.76806640625 1.1240234375 816.4948051399284 5720
340 4 19.545666503906254 21.87607868606859 5072.76806640625 1.1240234375 809.7887444145637 5768
350 1.6 9.562774658203125 2.048774134640036 5072.76806640625 1.1240234375 804.3462989744077 5808
360 0 0 0 5072.76806640625 1.1240234375 802.1628277537587 5824
370 0.8 11.625762939453125 2.6346151548971575 5072.76806640625 1.1240234375 802.1628277537587 5824
380 0.8 12.9810791015625 1.0383599710007132 5072.76806640625 1.1240234375 801.0784147704743 5832
390 0.8 7.047607421875 0.17910506350091687 5072.76806640625 1.1240234375 799.9988293791471 5840
393 0.8 6.0689697265625 2.6392108499491065 5072.76806640625 1.1240234375 798.9140807854983 5848
