20 0.1 62.29296875 0 62.29296875 62.29296875 0 0
30 0 0 0 62.29296875 62.29296875 62.29296875 1
40 0.2 80.1929931640625 3.9801025390625 84.173095703125 62.29296875 62.29296875 1
50 0.5 78.0826171875 11.886889712996844 94.278076171875 62.29296875 74.226318359375 3
60 0.4 71.86077880859375 4.926352977849404 94.278076171875 62.29296875 76.63650512695313 8
70 0.4 67.176513671875 2.9758500425479775 94.278076171875 62.29296875 75.04459635416667 12
80 0.3 361.1946614583333 395.4849765402376 920.47900390625 62.29296875 73.07757568359375 16
90 0.1 68.18896484375 0.0 920.47900390625 62.29296875 118.56974712171052 19
100 0.3 79.86735026041667 3.0799156785269437 920.47900390625 62.29296875 116.0507080078125 20
110 0.6 83.56717936197917 17.13050596706993 920.47900390625 62.29296875 111.33113960597827 23
120 1.5 83.078955078125 19.336119756858185 920.47900390625 62.29296875 105.5868719692888 29
130 1.1 93.71741832386364 20.6380568591635 920.47900390625 62.29296875 97.91371848366477 44
140 1.9 80.05372378700658 15.668112204560357 920.47900390625 62.12890625 97.07445845170454 55
150 1.3 93.40932992788461 27.58842852828664 920.47900390625 62.12890625 92.70426982157939 74
160 1.9 104.32032534950658 40.58787283654149 920.47900390625 62.12890625 92.80962363056753 87
170 2.3 285.1770231827445 487.6368909394971 2354.5439453125 62.12890625 94.87286261792453 106
180 3.3 164.759765625 80.27203326187262 2354.5439453125 62.12890625 128.80306178839632 129
190 3.9 252.98700420673086 132.33938994766615 2354.5439453125 62.12890625 136.12757553288967 162
200 5.5 487.3013760653409 260.83603743127713 2354.5439453125 62.12890625 158.80179303676928 201
210 4.2 630.1659749348955 317.80063269817623 2354.5439453125 62.12890625 229.37787532806396 256
220 5.3 1794.545087706368 571.2714159503618 2955.925048828125 62.12890625 285.86478869546977 298
230 4.5 1830.8810492621521 1264.6328166367734 3537.64697265625 1.556884765625 513.6712156116453 351
240 9 1878.1737494574652 1262.3679603266569 3899.7900390625 1.47607421875 663.3541512537485 396
250 10.3 2687.890738774272 1096.3579084311546 4432.4970703125 1.294921875 888.320743513696 486
260 14.5 2616.0271467537705 1696.5454122474193 7173.18701171875 1.294921875 1203.0163454013689 589
270 13.4 3324.393549221665 1950.6622284663536 8416.195068359375 1.294921875 1482.153356567715 734
280 10.5 3573.3356631324405 1610.4990429602267 8416.195068359375 1.294921875 1766.554492300007 868
290 11 2250.051855468751 1189.5260794270034 8416.195068359375 1.294921875 1961.5308776416364 973
300 3.9 554.1924391526443 700.6635218242485 8416.195068359375 1.294921875 1990.8358707727377 1083
310 0.8 72.39175415039063 7.5586520091110785 8416.195068359375 1.294921875 1940.8990669998468 1122
320 1 59.0708251953125 22.711539430111472 8416.195068359375 1.294921875 1927.6706966433906 1130
330 0.5 54.24560546875 23.777965073154853 8416.195068359375 1.294921875 1911.2794697008635 1140
340 0 0 0 8416.195068359375 1.294921875 1903.1701515164439 1145
350 0.1 72.780029296875 0.0 8416.195068359375 1.294921875 1903.1701515164439 1145
360 0 0 0 8416.195068359375 1.294921875 1901.5729524569153 1146
370 0 0 0 8416.195068359375 1.294921875 1901.5729524569153 1146
380 0 0 0 8416.195068359375 1.294921875 1901.5729524569153 1146
390 0 0 0 8416.195068359375 1.294921875 1901.5729524569153 1146
393 0 0 0 8416.195068359375 1.294921875 1901.5729524569153 1146
