0 1 17.364111328125 34.329870156407345 105.150146484375 0.739990234375 0 0
10 0.9 0.9275444878472222 0.30365667433446475 105.150146484375 0.5810546875 17.364111328125 10
20 1.1 1.4459117542613635 1.8205330108653763 105.150146484375 0.5810546875 9.578369140625 19
30 1.8 1.0650363498263888 0.8842806620838893 105.150146484375 0.55712890625 6.596468098958334 30
40 1.7 1.7790814568014701 2.495981106443046 105.150146484375 0.55712890625 4.5221811930338545 48
50 1 2.4755126953125 3.243369910494014 105.150146484375 0.55712890625 3.804755108173077 65
60 2 1.5960937499999999 2.3073514825259047 105.150146484375 0.546142578125 3.6275227864583335 75
70 2.2 1.9045188210227273 2.339692354373468 105.150146484375 0.501953125 3.199853515625 95
80 1.2 5.454508463541667 3.9898206637734415 105.150146484375 0.501953125 2.956286308092949 117
90 3 2.1116861979166663 2.9470342982972566 105.150146484375 0.501953125 3.188679066739341 129
100 3.6 2.776896158854167 3.183713566424307 105.150146484375 0.501953125 2.9854728650746853 159
110 3.1 2.7745479460685485 3.094759424250782 105.150146484375 0.501953125 2.9469663962339743 195
120 6.4 3.4571800231933594 3.745780809092283 105.150146484375 0.501953125 2.9233160778484515 226
130 9.4 2.8525468542220747 3.2194424556826817 105.150146484375 0.501953125 3.0411343278556036 290
140 9.3 2.9897618447580645 3.1446620030289734 105.150146484375 0.493896484375 2.994969685872396 384
150 15.7 3.6998532046178343 3.728136090581216 105.150146484375 0.470947265625 2.99395432062369 477
160 13.9 3.2159836583857913 3.3330971027717267 105.150146484375 0.470947265625 3.1687589338525237 634
170 21 2.85180896577381 3.020298128462049 105.150146484375 0.470947265625 3.177250831278299 773
180 35.1 2.7256958355591157 3.144313363081573 105.150146484375 0.470947265625 3.107726119420778 983
190 44.3 3.129018675931151 3.506767294862477 105.150146484375 0.470947265625 3.007206906800506 1334
200 28.7 76.41920221308798 389.1167607786393 3008.54296875 0.470947265625 3.0375741626952024 1777
210 25.9 361.89406653444746 938.210065701102 7011.84912109375 0.470947265625 13.24131798559381 2064
220 26.1 2450.3925397734074 4113.379860118242 15040.794921875 0.470947265625 52.113923183249035 2323
230 23.7 5522.63848439148 7478.209717759256 31078.83984375 0.470947265625 294.3549134812488 2584
240 28.4 13970.315133967868 11275.045336709189 31097.509033203125 0.470947265625 733.597453823583 2821
250 28.7 18210.80352634337 12620.483835114535 31097.509033203125 0.470947265625 1944.2988455018365 3105
260 30.9 18280.383747187225 17527.724958656254 63165.655029296875 0.470947265625 3320.6216177310584 3392
270 44 24374.859883256388 28482.85877894321 63168.39306640625 0.470947265625 4569.6263456429615 3701
280 36.3 35098.891898163114 31055.001557510226 63170.18212890625 0.470947265625 6674.02208496919 4141
290 33.3 35727.05431432409 31057.196715653135 63170.18212890625 0.470947265625 8964.925224886905 4504
300 28.7 18869.09402731653 28543.181494179524 63170.18212890625 0.470947265625 10807.345937473752 4837
310 18.2 2430.813219007555 12138.296173753408 63170.18212890625 0.470947265625 11258.891937041448 5124
320 4.9 2578.4451979033797 12491.301432858318 63170.18212890625 0.470947265625 10956.081849087777 5306
330 7.9 2.5071511570411387 3.5412238919446595 63170.18212890625 0.470947265625 10879.423735939685 5355
340 18.3 2.5955803876366113 2.94753056865202 63170.18212890625 0.470947265625 10721.294105796544 5434
350 19 2.7264340049342115 3.4294756716734582 63170.18212890625 0.470947265625 10372.082457203018 5617
360 18.8 2.3371322307180846 2.6183583146732916 63170.18212890625 0.470947265625 10032.806127875028 5807
370 4 1.7656982421874996 2.354307437643279 63170.18212890625 0.470947265625 9718.255974216792 5995
380 3.4 2.027487362132352 3.4875653990847586 63170.18212890625 0.470947265625 9653.855044467167 6035
390 0 0 0 63170.18212890625 0.470947265625 9599.783181402152 6069
400 0.2 3.239990234375 2.6201171875 63170.18212890625 0.470947265625 9599.783181402152 6069
410 0.1 1.080078125 0.0 63170.18212890625 0.470947265625 9596.621744014186 6071
420 0.2 0.87451171875 0.185546875 63170.18212890625 0.470947265625 9595.04145059095 6072
430 0 0 0 63170.18212890625 0.470947265625 9591.882357097742 6074
440 0.4 2.6851806640625 2.889785492622553 63170.18212890625 0.470947265625 9591.882357097742 6074
450 0 0 0 63170.18212890625 0.470947265625 9585.571598837501 6078
460 0.1 0.753173828125 0.0 63170.18212890625 0.470947265625 9585.571598837501 6078
470 0 0 0 63170.18212890625 0.470947265625 9583.994889111393 6079
480 0.1 1.31787109375 0.0 63170.18212890625 0.470947265625 9583.994889111393 6079
490 0.1 0.93701171875 0.0 63170.18212890625 0.470947265625 9582.41879091764 6080
500 0.1 1.256103515625 0.0 63170.18212890625 0.470947265625 9580.84314846094 6081
510 0 0 0 63170.18212890625 0.470947265625 9579.268076602184 6082
520 0.1 0.756103515625 0.0 63170.18212890625 0.470947265625 9579.268076602184 6082
522 0 0 0 63170.18212890625 0.470947265625 9577.693440407365 6083
