0 0.1 7.972262029565368 0 7.972262029565368 7.972262029565368 0 0
10 0.1 2.1589793915603535 0.0 7.972262029565368 2.1589793915603535 7.972262029565368 1
20 0.1 0.9861932938856016 0.0 7.972262029565368 0.9861932938856016 5.065620710562861 2
30 0.1 1.1764705882352942 0.0 7.972262029565368 0.9861932938856016 3.7058115716704414 3
40 0.1 1.7699115044247788 0.0 7.972262029565368 0.9861932938856016 3.0734763258116544 4
50 0.1 1.9607843137254901 0.0 7.972262029565368 0.9861932938856016 2.8127633615342793 5
60 0.1 1.6666666666666667 0.0 7.972262029565368 0.9861932938856016 2.670766853566148 6
70 0.1 1.6748768472906401 0.0 7.972262029565368 0.9861932938856016 2.527323969723365 7
80 0.1 2.346041055718475 0.0 7.972262029565368 0.9861932938856016 2.4207680794192745 8
90 0.1 2.689721421709894 0.0 7.972262029565368 0.9861932938856016 2.4124650767858524 9
100 0.1 2.9154518950437316 0.0 7.972262029565368 0.9861932938856016 2.4401907112782566 10
110 0.1 3.1067961165048543 0.0 7.972262029565368 0.9861932938856016 2.4833962734387542 11
120 0.1 3.0009680542110355 0.0 7.972262029565368 0.9861932938856016 2.5353462603609294 12
130 0.1 3.4079844206426486 0.0 7.972262029565368 0.9861932938856016 2.571163321426322 13
140 0.1 3.6786060019361084 0.0 7.972262029565368 0.9861932938856016 2.630936257084631 14
150 0.1 4.343720491029273 0.0 7.972262029565368 0.9861932938856016 2.700780906741396 15
160 0.1 6.411483253588517 0.0 7.972262029565368 0.9861932938856016 2.8034646307593887 16
170 0.1 7.4498567335243555 0.0 7.972262029565368 0.9861932938856016 3.0157010203375725 17
180 0.1 8.691499522445081 0.0 8.691499522445081 0.9861932938856016 3.262043004403505 18
190 0.1 14.883720930232558 0.0 14.883720930232558 0.9861932938856016 3.5478038737741144 19
200 0.1 17.371323529411764 0.0 17.371323529411764 0.9861932938856016 4.114599726597037 20
210 0.1 14.041404140414041 0.0 17.371323529411764 0.9861932938856016 4.745872288635833 21
220 0.1 19.384902143522833 0.0 19.384902143522833 0.9861932938856016 5.16839646371666 22
230 0.1 19.74050046339203 0.0 19.74050046339203 0.9861932938856016 5.786505406316929 23
240 0.1 17.685185185185183 0.0 19.74050046339203 0.9861932938856016 6.367921867028392 24
250 0.1 12.041392285983067 0.0 19.74050046339203 0.9861932938856016 6.820612399754664 25
260 0.1 12.973484848484848 0.0 19.74050046339203 0.9861932938856016 7.021411626148065 26
270 0.1 11.27141568981064 0.0 19.74050046339203 0.9861932938856016 7.241858782530908 27
280 0.1 14.325581395348838 0.0 19.74050046339203 0.9861932938856016 7.38577152921947 28
290 0.1 12.5 0.0 19.74050046339203 0.9861932938856016 7.62507531770669 29
300 0.1 12.68939393939394 0.0 19.74050046339203 0.9861932938856016 7.787572807116467 30
310 0.1 13.584905660377359 0.0 19.74050046339203 0.9861932938856016 7.945696069447998 31
320 0.1 9.692451071761417 0.0 19.74050046339203 0.9861932938856016 8.121921369164541 32
330 0.1 8.576642335766424 0.0 19.74050046339203 0.9861932938856016 8.169513178334142 33
340 0.1 7.28476821192053 0.0 19.74050046339203 0.9861932938856016 8.181487565317445 34
350 0.1 7.9395085066162565 0.0 19.74050046339203 0.9861932938856016 8.155867012363247 35
360 0.1 7.319391634980989 0.0 19.74050046339203 0.9861932938856016 8.149857053870276 36
370 0.1 6.393129770992366 0.0 19.74050046339203 0.9861932938856016 8.127412042548945 37
380 0.1 4.9476688867745 0.0 19.74050046339203 0.9861932938856016 8.081773035402719 38
390 0.1 5.327102803738318 0.0 19.74050046339203 0.9861932938856016 8.0014113905661 39
400 0.1 5.513307984790875 0.0 19.74050046339203 0.9861932938856016 7.934553675895406 40
410 0.1 4.234841193455245 0.0 19.74050046339203 0.9861932938856016 7.875498902941636 41
420 0.1 4.497607655502392 0.0 19.74050046339203 0.9861932938856016 7.788816576525293 42
430 0.1 2.9069767441860463 0.0 19.74050046339203 0.9861932938856016 7.712276834175923 43
440 0.1 2.1359223300970873 0.0 19.74050046339203 0.9861932938856016 7.603065468494336 44
450 0.1 1.744186046511628 0.0 19.74050046339203 0.9861932938856016 7.481573398752174 45
460 0.1 1.1787819253438114 0.0 19.74050046339203 0.9861932938856016 7.3568475867469445 46
470 0.1 1.1787819253438114 0.0 19.74050046339203 0.9861932938856016 7.225399381185175 47
480 0.1 1.1764705882352942 0.0 19.74050046339203 0.9861932938856016 7.09942818418848 48
490 0.1 0.8840864440078585 0.0 19.74050046339203 0.8840864440078585 6.978551498556783 49
500 0.1 1.0784313725490196 0.0 19.74050046339203 0.8840864440078585 6.856662197465804 50
510 0.1 1.1776251226692835 0.0 19.74050046339203 0.8840864440078585 6.743363553839984 51
520 0.1 0.8866995073891626 0.0 19.74050046339203 0.8840864440078585 6.636330122471317 52
