0 0.1 3170.6875 0 3170.6875 3170.6875 0 0
10 0.1 3170.9609375 0.0 3170.9609375 3170.6875 3170.6875 1
20 0.1 3169.16796875 0.0 3170.9609375 3169.16796875 3170.82421875 2
30 0.1 3167.80078125 0.0 3170.9609375 3167.80078125 3170.2721354166665 3
40 0.1 3164.6875 0.0 3170.9609375 3164.6875 3169.654296875 4
50 0.1 3157.67578125 0.0 3170.9609375 3157.67578125 3168.6609375 5
60 0.1 3156.95703125 0.0 3170.9609375 3156.95703125 3166.830078125 6
70 0.1 3158.04296875 0.0 3170.9609375 3156.95703125 3165.4196428571427 7
80 0.1 3158.31640625 0.0 3170.9609375 3156.95703125 3164.49755859375 8
90 0.1 3156.640625 0.0 3170.9609375 3156.640625 3163.8107638888887 9
100 0.1 3157.015625 0.0 3170.9609375 3156.640625 3163.09375 10
110 0.1 3157.6328125 0.0 3170.9609375 3156.640625 3162.541193181818 11
120 0.1 3156.68359375 0.0 3170.9609375 3156.640625 3162.1321614583335 12
130 0.1 3153.17578125 0.0 3170.9609375 3153.17578125 3161.7130408653848 13
140 0.1 3143.51953125 0.0 3170.9609375 3143.51953125 3161.1032366071427 14
150 0.1 3136.6484375 0.0 3170.9609375 3136.6484375 3159.9309895833335 15
160 0.1 3128.55859375 0.0 3170.9609375 3128.55859375 3158.475830078125 16
170 0.1 3126.0234375 0.0 3170.9609375 3126.0234375 3156.715992647059 17
180 0.1 3123.3671875 0.0 3170.9609375 3123.3671875 3155.0108506944443 18
190 0.1 3116.7890625 0.0 3170.9609375 3116.7890625 3153.345394736842 19
200 0.1 3105.73828125 0.0 3170.9609375 3105.73828125 3151.517578125 20
210 0.1 3099.8046875 0.0 3170.9609375 3099.8046875 3149.3376116071427 21
220 0.1 3083.92578125 0.0 3170.9609375 3083.92578125 3147.086115056818 22
230 0.1 3072.17578125 0.0 3170.9609375 3072.17578125 3144.3400135869565 23
240 0.1 3054.65625 0.0 3170.9609375 3054.65625 3141.3331705729165 24
250 0.1 3049.3671875 0.0 3170.9609375 3049.3671875 3137.86609375 25
260 0.1 3046.01171875 0.0 3170.9609375 3046.01171875 3134.4622896634614 26
270 0.1 3042.1796875 0.0 3170.9609375 3042.1796875 3131.1863425925926 27
280 0.1 3037.41015625 0.0 3170.9609375 3037.41015625 3128.0075334821427 28
290 0.1 3035.33203125 0.0 3170.9609375 3035.33203125 3124.8834859913795 29
300 0.1 3035.5234375 0.0 3170.9609375 3035.33203125 3121.8984375 30
310 0.1 3035.3359375 0.0 3170.9609375 3035.33203125 3119.1121471774195 31
320 0.1 3040.70703125 0.0 3170.9609375 3035.33203125 3116.494140625 32
330 0.1 3040.0859375 0.0 3170.9609375 3035.33203125 3114.1975615530305 33
340 0.1 3033.23828125 0.0 3170.9609375 3033.23828125 3112.0178079044117 34
350 0.1 3036.453125 0.0 3170.9609375 3033.23828125 3109.7669642857145 35
360 0.1 3042.15234375 0.0 3170.9609375 3033.23828125 3107.73046875 36
370 0.1 3045.8671875 0.0 3170.9609375 3033.23828125 3105.9580869932433 37
380 0.1 3055.26171875 0.0 3170.9609375 3033.23828125 3104.3767475328946 38
390 0.1 3053.625 0.0 3170.9609375 3033.23828125 3103.1173878205127 39
400 0.1 3045.421875 0.0 3170.9609375 3033.23828125 3101.880078125 40
410 0.1 3045.3125 0.0 3170.9609375 3033.23828125 3100.503048780488 41
420 0.1 3057.30078125 0.0 3170.9609375 3033.23828125 3099.188988095238 42
430 0.1 3064.78125 0.0 3170.9609375 3033.23828125 3098.21484375 43
440 0.1 3067.34375 0.0 3170.9609375 3033.23828125 3097.454989346591 44
450 0.1 3068.3359375 0.0 3170.9609375 3033.23828125 3096.7858506944444 45
460 0.1 3070.90234375 0.0 3170.9609375 3033.23828125 3096.167374320652 46
470 0.1 3073.453125 0.0 3170.9609375 3033.23828125 3095.6298204787236 47
480 0.1 3073.6796875 0.0 3170.9609375 3033.23828125 3095.1678059895835 48
490 0.1 3073.8828125 0.0 3170.9609375 3033.23828125 3094.7292729591836 49
500 0.1 3079.5234375 0.0 3170.9609375 3033.23828125 3094.31234375 50
510 0.1 3079.66796875 0.0 3170.9609375 3033.23828125 3094.022365196078 51
520 0.1 3079.7578125 0.0 3170.9609375 3033.23828125 3093.746319110577 52
