10 0.1 13.941162109375 0 13.941162109375 13.941162109375 0 0
20 0.3 9.490966796875 4.9405987387596015 16.47802734375 5.993896484375 13.941162109375 1
30 0.6 8.983194986979166 3.7620091058299465 16.47802734375 5.4150390625 10.603515625 4
40 0.9 17.32565646701389 9.085786839124273 33.5400390625 5.2880859375 9.6313232421875 10
50 0.6 13.384521484375 8.388344422219436 33.5400390625 5.26904296875 13.27600740131579 19
60 0.7 14.297572544642858 9.298816651647739 33.5400390625 5.26904296875 13.30205078125 25
70 0.5 12.906787109375 6.187796929295873 33.5400390625 5.26904296875 13.519821166992188 32
80 0.4 65.1728515625 53.29519741993533 148.109130859375 5.26904296875 13.43697872677365 37
90 0.4 40.720458984375 31.510543600830324 148.109130859375 5.26904296875 18.48438095464939 41
100 0.3 93.06803385416667 28.885091029359714 148.109130859375 5.26904296875 20.46092122395833 45
110 0.8 201.22967529296875 208.98476733481934 701.595947265625 5.26904296875 24.998865763346355 48
120 1 573.152490234375 187.73076241013948 707.673828125 5.26904296875 50.174695696149556 56
130 1.5 1389.248388671875 389.6222708962318 1923.23486328125 5.26904296875 129.41375547466856 66
140 1.6 1894.7772521972656 1364.0808887073206 4003.962158203125 0.642822265625 362.71646532600306 81
150 2.8 1306.1766357421875 1754.0609950387154 4003.962158203125 0.60400390625 615.4275229542526 97
160 4.1 1123.9054401676829 1275.6734778072155 4003.962158203125 0.59619140625 770.15532421875 125
170 5.7 754.5561780427631 1268.943241805946 4003.962158203125 0.59619140625 857.5273408085467 166
180 6.5 718.3743239182695 1086.232406248749 4003.962158203125 0.59619140625 831.2073575007007 223
190 8.8 422.6743136319247 781.2317949589119 4003.962158203125 0.59619140625 805.7415686713325 288
200 9.2 640.8762631623638 1018.4028756253508 4003.962158203125 0.59619140625 716.087530257854 376
210 8.6 857.2303580350654 1088.7404791967174 4532.96484375 0.59619140625 701.3024093758347 468
220 5.8 621.5631398168101 923.7536008256736 4532.96484375 0.59619140625 725.5078310088561 554
230 9 752.8844943576389 1112.5027367412815 5530.68310546875 0.59619140625 715.6568635429434 612
240 6.7 471.59473749416975 830.0014061231085 5530.68310546875 0.59619140625 720.4296367243146 702
250 7.2 551.7834642198353 906.0437099424222 5530.68310546875 0.5859375 698.74961299425 769
260 6 446.49924723307294 780.7237954237786 5530.68310546875 0.5859375 686.1674932418625 841
270 8.1 647.5473662953318 953.9391751013808 5530.68310546875 0.5859375 670.2073436741296 901
280 8.8 1592.5924072265627 7104.995519145248 67268.80590820313 0.5859375 668.3382416703795 982
290 6.7 682.1757375233209 914.543455561337 67268.80590820313 0.5859375 744.3516683703272 1070
300 7.1 371.88201130611793 665.8990974912123 67268.80590820313 0.5859375 740.6878272386215 1137
310 6 558.218631998698 803.9554479938957 67268.80590820313 0.5859375 719.0113264677541 1208
320 3.6 1415.5002577039932 1011.6198598390793 67268.80590820313 0.5859375 711.4028393477672 1268
330 1.7 1051.344051585478 690.9782457075058 67268.80590820313 0.5859375 730.8411116336753 1304
340 1.4 943.301007952009 496.2176266542643 67268.80590820313 0.5859375 734.9656763416091 1321
350 2 814.8101318359375 950.6081306763514 67268.80590820313 0.5859375 737.1504663360253 1335
360 4.6 1043.9185791015627 1102.9631140667589 67268.80590820313 0.5859375 738.2967344614852 1355
370 4.7 1476.4921978889631 1175.2020788453424 67268.80590820313 0.5859375 748.3314274332508 1401
380 2 1818.1639526367187 926.8074306335684 67268.80590820313 0.5859375 771.9664800654459 1448
390 0.8 2058.3878479003906 436.72396752879627 67268.80590820313 0.5859375 786.2198516263624 1468
400 0.2 1167.2779541015625 1.1109619140625 67268.80590820313 0.5859375 793.1150711183626 1476
410 0.3 449.90869140625 52.60799500676207 67268.80590820313 0.5859375 793.6213808382315 1478
420 0.1 383.416015625 0.0 67268.80590820313 0.5859375 792.9251363626772 1481
430 0 0 0 67268.80590820313 0.5859375 792.6488144188596 1482
440 0 0 0 67268.80590820313 0.5859375 792.6488144188596 1482
450 0 0 0 67268.80590820313 0.5859375 792.6488144188596 1482
460 0 0 0 67268.80590820313 0.5859375 792.6488144188596 1482
470 0 0 0 67268.80590820313 0.5859375 792.6488144188596 1482
480 0 0 0 67268.80590820313 0.5859375 792.6488144188596 1482
490 0 0 0 67268.80590820313 0.5859375 792.6488144188596 1482
500 0 0 0 67268.80590820313 0.5859375 792.6488144188596 1482
510 0 0 0 67268.80590820313 0.5859375 792.6488144188596 1482
520 0 0 0 67268.80590820313 0.5859375 792.6488144188596 1482
522 0 0 0 67268.80590820313 0.5859375 792.6488144188596 1482
