20 0.8 16.821075439453125 9.457211283906618 29.25390625 4.447998046875 0 0
30 0 0 0 29.25390625 4.447998046875 16.821075439453125 8
40 0.8 6.44976806640625 5.100952513228696 29.25390625 4.325927734375 16.821075439453125 8
50 0 0 0 29.25390625 4.325927734375 11.635421752929688 16
60 0 0 0 29.25390625 4.325927734375 11.635421752929688 16
70 1.6 10.998321533203125 5.789879662627294 29.25390625 4.325927734375 11.635421752929688 16
80 2.4 26.291941324869793 30.487858401681322 139.9990234375 4.325927734375 11.316871643066406 32
90 3.2 38.23364257812501 34.07970993542249 155.8759765625 4.325927734375 17.734758649553573 56
100 2.6 21.123075045072117 16.087533311255758 155.8759765625 4.325927734375 25.188898259943187 88
110 1.4 200.59629603794642 152.8822905996254 385.73486328125 4.325927734375 24.261605246025223 114
120 0.1 691.276123046875 0.0 691.276123046875 4.325927734375 43.5482120513916 128
130 0.2 1484.4654541015625 382.3695068359375 1866.8349609375 4.325927734375 48.569358648255815 129
140 1.1 916.5246803977273 1496.8775084752338 3621.798828125 0.73095703125 70.49143644143606 131
150 2.2 1471.124001242898 1771.2796875370461 3946.719970703125 0.718017578125 136.02922294509244 142
160 3 764.4628580729167 1164.4890693627185 3946.719970703125 0.673095703125 315.1273029606517 164
170 9.2 414.5219328507133 1027.7338654036578 3946.719970703125 0.673095703125 384.6121826171875 194
180 13.8 455.3343364328578 946.5877632767789 3946.719970703125 0.660888671875 394.23350087412587 286
190 19.7 340.03516988221793 706.6232362425785 3946.719970703125 0.660888671875 414.1200935795622 424
200 10.8 533.2737268518517 1069.3873962828784 5527.1728515625 0.660888671875 390.6181129541567 621
210 14.5 442.6679855872845 981.831293923349 5527.1728515625 0.660888671875 411.7522779760375 729
220 12.3 499.2284977610516 1060.2204600019115 5527.1728515625 0.660888671875 416.8813141357981 874
230 18 488.9149888780382 1099.463517923251 5535.1220703125 0.660888671875 427.04049526509215 997
240 16.7 299.32537805248865 709.1357668301512 5535.1220703125 0.660888671875 436.50303464515184 1177
250 16.7 461.5842826066617 1008.2258087566588 5535.1220703125 0.660888671875 419.4578942798432 1344
260 21.9 419.8312497770405 848.6841819338888 5535.1220703125 0.660888671875 424.113822043297 1511
270 33.9 373.8414454277286 843.8808741894798 5535.1220703125 0.660888671875 423.5716929529443 1730
280 25.7 416.35221702486626 843.7848604933132 5535.1220703125 0.660888671875 415.42352769869194 2069
290 26.5 307.7142209610848 738.8729653998298 5535.1220703125 0.64794921875 415.52613868614975 2326
300 25.6 403.32798194885254 813.4824252998837 5535.1220703125 0.64794921875 404.4994469852072 2591
310 34.7 306.4464297775579 639.9196612927176 5535.1220703125 0.64794921875 404.39410977083884 2847
320 9.7 627.8919212105347 993.7187140846534 5535.1220703125 0.64794921875 393.7529560583565 3194
330 13.6 670.6606319651883 714.9427914109601 5535.1220703125 0.64794921875 400.6540437580713 3291
340 17.7 668.74971999691 603.2614702283524 5535.1220703125 0.64794921875 411.36921621099447 3427
350 15.8 738.1464411095728 809.1090400208668 5535.1220703125 0.64794921875 424.0097126510908 3604
360 12.9 623.7131858648254 1009.0003963040732 5535.1220703125 0.64794921875 437.20312123600314 3762
370 8.5 748.8264361213236 1131.599556420027 5535.1220703125 0.64794921875 443.3865697934737 3891
380 7.3 934.1093950663527 1103.0540765630208 5535.1220703125 0.64794921875 449.91634560782666 3976
390 5.6 1607.4883335658483 397.23385959847536 5535.1220703125 0.64794921875 458.6459313352834 4049
400 9.2 1045.0052569845445 139.5650000357079 5535.1220703125 0.64794921875 474.31832464220463 4105
410 14.5 668.4748922413792 245.9280774429944 5535.1220703125 0.64794921875 486.8280215150889 4197
420 13.5 228.85163122106485 142.68145634883507 5535.1220703125 0.64794921875 492.8940731630189 4342
430 1.6 6.7775726318359375 3.914629707115327 5535.1220703125 0.64794921875 484.9321054028751 4477
440 4.8 13.929199218749998 12.950643921777337 5535.1220703125 0.64794921875 483.22935166943716 4493
450 0 0 0 5535.1220703125 0.64794921875 478.26868060191174 4541
460 0.8 6.702117919921875 4.734968694969198 5535.1220703125 0.64794921875 478.26868060191174 4541
470 0 0 0 5535.1220703125 0.64794921875 477.43937031361634 4549
480 0.8 9.491973876953125 3.9545251463272444 5535.1220703125 0.64794921875 477.43937031361634 4549
490 0 0 0 5535.1220703125 0.64794921875 476.61786950793424 4557
500 0.8 8.0572509765625 3.808173701279958 5535.1220703125 0.64794921875 476.61786950793424 4557
510 0 0 0 5535.1220703125 0.64794921875 475.796733703279 4565
520 0.8 10.127288818359375 3.474393116185929 5535.1220703125 0.64794921875 475.796733703279 4565
522 0 0 0 5535.1220703125 0.64794921875 474.98209220774453 4573
