20 0.2 113.4735107421875 3.9764404296875 117.449951171875 109.4970703125 0 0
30 0 0 0 117.449951171875 109.4970703125 113.4735107421875 2
40 0.2 105.4949951171875 2.1539306640625 117.449951171875 103.341064453125 113.4735107421875 2
50 0 0 0 117.449951171875 103.341064453125 109.4842529296875 4
60 0.1 109.43408203125 0.0 117.449951171875 103.341064453125 109.4842529296875 4
70 0.1 120.43896484375 0.0 120.43896484375 103.341064453125 109.47421875 5
80 0.2 429.3380126953125 321.8748779296875 751.212890625 103.341064453125 111.30167643229167 6
90 0.2 305.75 130.41796875 751.212890625 103.341064453125 190.81076049804688 8
100 0.4 284.29010009765625 31.23627179650637 751.212890625 103.341064453125 213.7986083984375 10
110 0.4 643.9685668945313 221.0458551103691 818.712158203125 103.341064453125 233.93903459821428 14
120 0.1 1172.842041015625 0.0 1172.842041015625 103.341064453125 325.05670844184027 18
130 0.3 1907.3583170572917 384.34358949186884 2449.796875 103.341064453125 369.67698910361844 19
140 0.3 3183.8993326822915 614.7471505180355 3775.60595703125 103.341064453125 579.3608065518466 22
150 0.9 1355.1551378038193 1921.5858763593906 4426.919189453125 0.7451171875 891.9054296875 25
160 1.4 1249.4189627511162 1442.4245507987034 4426.919189453125 0.673095703125 1014.5303524241727 34
170 1.8 844.1282145182291 1371.420444075799 4426.919189453125 0.673095703125 1083.039530436198 48
180 2.3 854.4456734035326 1180.8882362798995 4426.919189453125 0.673095703125 1017.8818988222065 66
190 2.8 478.2994471958705 830.2356142400282 4426.919189453125 0.673095703125 975.645570905021 89
200 2.4 946.1851399739584 1114.917826312025 4426.919189453125 0.673095703125 856.622566940438 117
210 2.9 739.4376767914871 1018.7513952724285 4426.919189453125 0.6689453125 871.8672602227393 141
220 2.6 295.7639629657452 789.7142343098121 4426.919189453125 0.6689453125 849.2763312844669 170
230 2.9 395.5346848060345 858.2869516255078 4426.919189453125 0.6689453125 775.8512212013711 196
240 2.5 628.78634765625 858.4497689825316 4426.919189453125 0.6689453125 726.8326453993055 225
250 3 476.9978271484375 780.5130011739737 4426.919189453125 0.6240234375 717.028015625 250
260 3.2 364.1059799194336 899.3964075376065 4426.919189453125 0.6240234375 691.3104954310826 280
270 3.8 1081.1465100740127 3351.138912774733 20719.56396484375 0.6240234375 657.7510579427084 312
280 2.6 952.670644906851 2089.8396520204565 20719.56396484375 0.6240234375 703.7197070312499 350
290 2.8 728.3537946428571 956.2966020291951 20719.56396484375 0.6240234375 720.9343995439244 376
300 2.8 2945.7546037946427 12281.911718708569 66642.55102539063 0.6240234375 721.4486150458306 404
310 2.7 447.6160662615741 827.0318100062984 66642.55102539063 0.6240234375 865.6165957980685 432
320 3.1 673.1605657762096 987.7291238019254 66642.55102539063 0.6240234375 841.0283293547452 459
330 1.7 938.5613511029412 702.0825886302785 66642.55102539063 0.6240234375 830.4081239038583 490
340 0.7 856.7509416852679 544.084434842088 66642.55102539063 0.6240234375 834.0345634746362 507
350 0.5 1564.749072265625 318.17702059266423 66642.55102539063 0.6240234375 834.3439304930689 514
360 0.7 1376.8143136160713 1196.528296731878 66642.55102539063 0.6240234375 841.3805888916485 519
370 0.8 1958.6358032226563 1169.3133111025077 66642.55102539063 0.6240234375 848.5061327568025 526
380 1.2 520.1247558593749 888.7989549977711 66642.55102539063 0.6240234375 865.1372888686504 534
390 0.8 2003.0406188964844 496.8929000910778 66642.55102539063 0.6240234375 857.5545958354795 546
400 0.6 1119.7545979817708 321.62649675034754 66642.55102539063 0.6240234375 874.0959102479128 554
410 0.4 1376.0267333984375 461.60219958807676 66642.55102539063 0.6240234375 876.7279676164899 560
420 0.2 593.59765625 367.801513671875 66642.55102539063 0.6240234375 880.2690936149434 564
430 0 0 0 66642.55102539063 0.6240234375 879.2561203380354 566
440 0 0 0 66642.55102539063 0.6240234375 879.2561203380354 566
450 0 0 0 66642.55102539063 0.6240234375 879.2561203380354 566
460 0 0 0 66642.55102539063 0.6240234375 879.2561203380354 566
470 0 0 0 66642.55102539063 0.6240234375 879.2561203380354 566
480 0 0 0 66642.55102539063 0.6240234375 879.2561203380354 566
490 0 0 0 66642.55102539063 0.6240234375 879.2561203380354 566
500 0 0 0 66642.55102539063 0.6240234375 879.2561203380354 566
510 0 0 0 66642.55102539063 0.6240234375 879.2561203380354 566
520 0 0 0 66642.55102539063 0.6240234375 879.2561203380354 566
522 0 0 0 66642.55102539063 0.6240234375 879.2561203380354 566
