0 0.9 19.03607855902778 36.03801469414685 120.847900390625 3.719970703125 0 0
10 5.8 20.79144918507544 52.975224869310736 397.69287109375 3.64697265625 19.03607855902778 9
20 9.7 13.816567332474227 16.466967603908117 397.69287109375 3.64697265625 20.55565313083023 67
30 5.8 16.400832603717678 19.244138815140126 397.69287109375 3.64697265625 16.569730433022105 164
40 5.7 28.247348718475877 60.80784037894332 436.343994140625 3.64697265625 16.525603973113743 222
50 10.7 20.62287574839369 24.886738200953893 436.343994140625 3.64697265625 18.920369028617834 279
60 18.2 17.95529409555289 20.48265879414905 436.343994140625 3.64697265625 19.392307419851036 386
70 21.1 14.689868511181873 18.12181366641047 436.343994140625 3.63818359375 18.93185596734705 568
80 24.3 11.97894161522634 12.12809355147728 436.343994140625 3.580078125 17.782870918244544 779
90 24.3 14.01106469425154 14.523335101190453 436.343994140625 3.580078125 16.402875986117905 1022
100 35.2 14.90419561212713 17.158744465649445 436.343994140625 3.4609375 15.943421326889823 1265
110 31.3 16.906331120207668 28.177854190216475 436.343994140625 3.4609375 15.717195320955087 1617
120 45.2 16.106352409430308 18.44520372193572 436.343994140625 3.4609375 15.910044805497085 1930
130 47.5 19.689345703125 39.68507360236457 551.7109375 3.4609375 15.94729545074386 2382
140 67.4 17.610197616260212 21.593866801333768 551.7109375 3.4609375 16.569442412550316 2857
150 90.6 22.168315020091747 25.527091512887324 551.7109375 3.4609375 16.768102567549032 3531
160 113.2 22.131274112121805 25.854387541050148 551.7109375 3.4609375 17.870782865498928 4437
170 143.5 26.138962461890245 29.178922779117045 551.7109375 3.4609375 18.73680478885628 5569
180 163 71.23333118649352 74.39466299675462 551.7109375 3.446044921875 20.253380497137798 7004
190 211.2 228.64571461533055 167.739349773575 1135.14892578125 0.739013671875 29.877809455169974 8634
200 212.3 656.9269567589351 757.7400274921747 4487.1171875 0.5380859375 68.94330505337015 10746
210 220 1008.3805220170455 1700.48055398133 8591.751953125 0.5380859375 165.94301696345752 12869
220 221.5 1301.7613884161615 2907.342368672174 19287.3759765625 0.535888671875 288.9347557064327 15069
230 226.7 707.5071843252024 1916.8216532702093 19287.3759765625 0.535888671875 418.7317350776459 17284
240 213.9 335.3312819357396 187.13858289751363 19287.3759765625 0.535888671875 452.21615753400164 19551
250 131.6 27.36358086026546 28.849928445620897 19287.3759765625 0.535888671875 440.68933646877883 21690
260 84.3 15.554536903173164 17.07663564132222 19287.3759765625 0.535888671875 417.04608277927156 23006
270 43.7 14.9440309013873 14.735301629366807 19287.3759765625 0.535888671875 402.8544029112037 23849
280 30.2 13.098320765211088 12.115098215906526 19287.3759765625 0.535888671875 395.87438015865945 24286
290 13.9 13.513408413893886 9.79977117183228 19287.3759765625 0.535888671875 391.17296605678774 24588
300 11.1 8.387171839808559 4.557334845557193 19287.3759765625 0.535888671875 389.0499960841925 24727
310 5.1 11.268444584865197 9.695575086231958 19287.3759765625 0.535888671875 387.3488295856368 24838
320 2.2 12.962113813920455 6.520571232194065 19287.3759765625 0.535888671875 386.578204022736 24889
330 0.5 28.077001953125 23.389121873627197 19287.3759765625 0.535888671875 386.24824721712423 24911
336 0.2 8.91552734375 1.195556640625 19287.3759765625 0.535888671875 386.1763714655461 24916
