10 0.1 115 0 115 115 0 0
20 0.1 308.0 0.0 308 115 115.0 1
30 0.1 519.0 0.0 519 115 211.5 2
40 0.1 364.0 0.0 519 115 314.0 3
50 0.1 335.0 0.0 519 115 326.5 4
60 0.1 658.0 0.0 658 115 328.2 5
70 0.1 1222.0 0.0 1222 115 383.1666666666667 6
80 0.1 1187.0 0.0 1222 115 503.0 7
90 0.1 1293.0 0.0 1293 115 588.5 8
100 0.1 1719.0 0.0 1719 115 666.7777777777778 9
110 0.1 1883.0 0.0 1883 115 772.0 10
120 0.1 1877.0 0.0 1883 115 873.0 11
130 0.1 2634.0 0.0 2634 115 956.6666666666666 12
140 0.1 2947.0 0.0 2947 115 1085.6923076923076 13
150 0.1 4291.0 0.0 4291 115 1218.642857142857 14
160 0.1 5416.0 0.0 5416 115 1423.4666666666667 15
170 0.1 7372.0 0.0 7372 115 1673.0 16
180 0.1 8918.0 0.0 8918 115 2008.235294117647 17
190 0.1 11696.0 0.0 11696 115 2392.1111111111113 18
200 0.1 15134.0 0.0 15134 115 2881.7894736842104 19
210 0.1 14923.0 0.0 15134 115 3494.4 20
220 0.1 14718.0 0.0 15134 115 4038.6190476190477 21
230 0.1 15158.0 0.0 15158 115 4524.045454545455 22
240 0.1 14432.0 0.0 15158 115 4986.391304347827 23
250 0.1 13687.0 0.0 15158 115 5379.958333333334 24
260 0.1 5577.0 0.0 15158 115 5712.24 25
270 0.1 4125.0 0.0 15158 115 5707.038461538462 26
280 0.1 2001.0 0.0 15158 115 5648.444444444444 27
290 0.1 1167.0 0.0 15158 115 5518.178571428572 28
300 0.1 672.0 0.0 15158 115 5368.137931034483 29
310 0.1 215.0 0.0 15158 115 5211.6 30
320 0.1 245.0 0.0 15158 115 5050.419354838709 31
330 0.1 131.0 0.0 15158 115 4900.25 32
336 0.1 66.0 0.0 15158 66 4755.727272727273 33
