0 7.8609375 7.8609375
10 105.66640625 113.52734375
20 185.95078125 299.478125
30 104.81953125 404.29765625
40 90.66875 494.96640625
50 230.7875 725.75390625
60 448.7765625 1174.53046875
70 435.67265625 1610.203125
80 476.9125 2087.115625
90 501.88203125 2588.99765625
100 704.696875 3293.69453125
110 516.88984375 3810.584375
120 913.53984375 4724.12421875
130 866.34296875 5590.4671875
140 1285.06875 6875.5359375
150 1910.65703125 8786.19296875
160 2152.909375 10939.10234375
170 2869.93515625 13809.0375
180 3238.103125 17047.140625
190 3796.57421875 20843.71484375
200 3639.52421875 24483.2390625
210 3826.946875 28310.1859375
220 3880.78671875 32190.97265625
230 4229.76328125 36420.7359375
240 4490.63046875 40911.36640625
250 2764.47265625 43675.8390625
260 1736.715625 45412.5546875
270 1069.26875 46481.8234375
280 667.79609375 47149.61953125
290 405.23515625 47554.8546875
300 173.99921875 47728.85390625
310 99.6234375 47828.47734375
320 62.7890625 47891.26640625
330 19.7546875 47911.02109375
336 2.58984375 47913.6109375
