0 1.85390625 1.85390625
10 51.81796875 53.671875
20 116.73671875 170.40859375
30 94.43671875 264.8453125
40 75.25859375 340.10390625
50 117.284375 457.38828125
60 215.759375 673.14765625
70 264.9453125 938.09296875
80 340.9375 1279.03046875
90 367.87109375 1646.9015625
100 461.4875 2108.3890625
110 465.309375 2573.6984375
120 601.33203125 3175.03046875
130 633.0546875 3808.08515625
140 849.95625 4658.04140625
150 1160.25078125 5818.2921875
160 1412.2078125 7230.5
170 1889.93671875 9120.43671875
180 2265.03203125 11385.46875
190 2923.73984375 14309.20859375
200 3223.4515625 17532.66015625
210 3415.45625 20948.11640625
220 3271.6828125 24219.79921875
230 3416.9875 27636.78671875
240 3118.84453125 30755.63125
250 2064.57578125 32820.20703125
260 1290.30390625 34110.5109375
270 651.56953125 34762.08046875
280 411.87109375 35173.9515625
290 182.98828125 35356.93984375
300 143.61640625 35500.55625
310 75.7171875 35576.2734375
320 29.6578125 35605.93125
330 9.1296875 35615.0609375
336 5.22890625 35620.28984375
