0 0.4 36.7469482421875 49.76176448008111 122.912109375 6.89990234375 0 0
10 0.6 8.7364501953125 2.947462057246102 122.912109375 6.89990234375 36.7469482421875 4
20 0.5 7.12060546875 0.9086574148372737 122.912109375 5.918212890625 19.9406494140625 10
30 0 0 0 122.912109375 5.918212890625 15.667301432291667 15
40 0.4 9.396728515625 1.4593669078365663 122.912109375 5.918212890625 15.667301432291667 15
50 0.9 8.30636935763889 2.309670167253422 122.912109375 5.719970703125 14.347180818256579 19
60 0.8 7.222076416015625 1.3878643190015127 122.912109375 5.719970703125 12.405491420200892 28
70 1.1 7.3364035866477275 1.6425953826461053 122.912109375 5.719970703125 11.253621419270834 36
80 1 6.82197265625 0.8536044761099718 122.912109375 5.719970703125 10.33682575631649 47
90 1.5 6.328515625 0.3239925444141544 122.912109375 5.719970703125 9.720184861567983 57
100 2 7.2926513671875 2.5511722003385766 122.912109375 5.719970703125 9.013587103949654 72
110 1.9 6.732755962171052 1.026785521824666 122.912109375 5.719970703125 8.63947063943614 92
120 3.4 9.2044677734375 9.082334866693623 122.912109375 5.719970703125 8.313096055039415 111
130 2.8 7.695425851004465 2.1237446373499003 122.912109375 5.719970703125 8.522107354525861 145
140 4.3 9.198878088662791 5.504790970340711 122.912109375 5.64599609375 8.388309192106213 173
150 5.3 10.566742519162736 8.296529159062004 122.912109375 5.64599609375 8.549672444661457 216
160 9.1 9.789368346497254 4.483474534645891 122.912109375 5.64599609375 8.947087738150557 269
170 8.4 13.489153180803571 10.259127700993457 122.912109375 5.64599609375 9.15999755859375 360
180 10.3 55.650805427032765 55.98722698850586 195.390869140625 5.64599609375 9.979027000633446 444
190 18 191.1621812608507 131.21277872322815 535.095947265625 1.6279296875 18.579014528821983 547
200 7.7 2318.8979460480923 1585.4384247771313 4487.156005859375 1.467041015625 61.30937217911795 727
210 9.4 6010.419012840758 1159.4544597708018 8533.600830078125 1.467041015625 277.521213208858 804
220 4.8 11261.409845987953 3924.021335908409 19287.416015625 1.467041015625 877.6241009208832 898
230 0.9 17539.33119032118 723.5444345048045 19287.416015625 1.467041015625 1404.4969505648785 946
240 0 0 0 19287.416015625 1.467041015625 1556.5529800494928 955
250 0 0 0 19287.416015625 1.467041015625 1556.5529800494928 955
260 0 0 0 19287.416015625 1.467041015625 1556.5529800494928 955
270 0 0 0 19287.416015625 1.467041015625 1556.5529800494928 955
280 0 0 0 19287.416015625 1.467041015625 1556.5529800494928 955
290 0 0 0 19287.416015625 1.467041015625 1556.5529800494928 955
300 0 0 0 19287.416015625 1.467041015625 1556.5529800494928 955
310 0 0 0 19287.416015625 1.467041015625 1556.5529800494928 955
320 0 0 0 19287.416015625 1.467041015625 1556.5529800494928 955
330 0 0 0 19287.416015625 1.467041015625 1556.5529800494928 955
336 0 0 0 19287.416015625 1.467041015625 1556.5529800494928 955
