10 0.4 10.79052734375 0.09170608901022292 10.860107421875 10.6328125 0 0
20 0.6 9.516886393229166 0.8000853629150569 10.860107421875 8.744140625 10.79052734375 4
30 0.3 9.686604817708334 0.4788694289079863 10.860107421875 8.744140625 10.0263427734375 10
40 0.3 11.529378255208334 2.597945472722774 15.14208984375 8.744140625 9.94794170673077 13
50 0.4 12.13214111328125 2.9865180922538928 17.204833984375 8.744140625 10.244461059570313 16
60 1 10.8326416015625 3.524282346966416 20.7119140625 8.522216796875 10.6219970703125 20
70 0.6 9.552408854166666 0.5915900086723361 20.7119140625 8.522216796875 10.6922119140625 30
80 1.4 9.917532784598214 1.68235809626007 20.7119140625 8.522216796875 10.502244737413195 36
90 1.3 9.921217698317308 1.5359308999374948 20.7119140625 8.522216796875 10.338525390625 50
100 1.3 11.155724158653847 2.787112747125616 20.7119140625 8.47900390625 10.25241427951389 63
110 1.9 10.105070415296053 2.1912731473594547 20.7119140625 8.47900390625 10.40692781147204 76
120 1.7 10.528679342830882 2.079631784067866 20.7119140625 8.439208984375 10.346556332236842 95
130 3.6 10.493333604600695 2.0891527682015063 20.7119140625 8.439208984375 10.374200003487724 112
140 3.3 12.146943063446969 9.055580082750222 49.471923828125 8.439208984375 10.40317844700169 148
150 3.3 12.908166133996213 4.737351204782354 49.471923828125 8.439208984375 10.721102382596685 181
160 6.6 14.642936937736742 6.716380781517017 49.471923828125 8.439208984375 11.058359876971378 214
170 7.8 16.731007111378204 7.0159936471544 49.471923828125 8.439208984375 11.9032958984375 280
180 8.6 49.556725790334305 47.19206802050066 193.548828125 8.439208984375 12.955143592877095 358
190 12.6 204.08275204613096 141.0309535926127 544.055908203125 1.093017578125 20.044639243735922 444
200 13.9 427.3897397706834 327.2565191816431 3902.593994140625 0.787841796875 60.72674838952851 570
210 8.4 388.4328729538691 145.69126963550065 3902.593994140625 0.787841796875 132.6113122851287 709
220 8.1 989.2332175925926 2881.143524992272 18546.29296875 0.761962890625 159.70968693351983 793
230 6.6 405.94467625473476 463.36417742623183 18546.29296875 0.73583984375 236.58772581611123 874
240 1.1 352.97090287642044 52.96155969668078 18546.29296875 0.73583984375 248.47874574052523 940
250 0.4 13.5474853515625 2.4650114005455794 18546.29296875 0.73583984375 249.68738267900562 951
260 0 0 0 18546.29296875 0.73583984375 248.69831504622053 955
270 0 0 0 18546.29296875 0.73583984375 248.69831504622053 955
280 0 0 0 18546.29296875 0.73583984375 248.69831504622053 955
290 0 0 0 18546.29296875 0.73583984375 248.69831504622053 955
300 0 0 0 18546.29296875 0.73583984375 248.69831504622053 955
310 0 0 0 18546.29296875 0.73583984375 248.69831504622053 955
320 0 0 0 18546.29296875 0.73583984375 248.69831504622053 955
330 0 0 0 18546.29296875 0.73583984375 248.69831504622053 955
336 0 0 0 18546.29296875 0.73583984375 248.69831504622053 955
