30 0.1 8.902099609375 0 8.902099609375 8.902099609375 0 0
40 0.3 14.052327473958334 3.1532500291914047 18.506103515625 8.902099609375 8.902099609375 1
50 0.2 8.939453125 0.467529296875 18.506103515625 8.471923828125 12.7647705078125 4
60 0.4 9.99334716796875 1.7548059935996172 18.506103515625 8.471923828125 11.489664713541666 6
70 0.1 9.458984375 0.0 18.506103515625 8.471923828125 10.8911376953125 10
80 0.6 8.982218424479166 1.4858906180394262 18.506103515625 8.06201171875 10.760941938920455 11
90 0.5 9.800927734375 1.674178086933827 18.506103515625 8.06201171875 10.133157169117647 17
100 0.7 9.255894252232142 1.0256448935759424 18.506103515625 8.06201171875 10.057650479403408 22
110 1.3 9.273399939903848 1.8034832311755846 18.506103515625 8.06201171875 9.864123114224139 29
120 1.6 9.537155151367188 1.715239080030273 18.506103515625 8.06201171875 9.681280226934524 42
130 1.3 14.068472055288462 9.908333022079544 44.031005859375 8.06201171875 9.641521585398706 58
140 1.4 11.290544782366071 1.9865348237132427 44.031005859375 8.06201171875 10.452089981294014 71
150 1.3 12.002666766826923 4.308014379830146 44.031005859375 8.06201171875 10.590188419117647 85
160 3.1 17.363060735887093 9.934422697252852 52.3759765625 8.06201171875 10.777557995854592 98
170 2.2 17.75719105113636 8.31978550762352 52.3759765625 8.06201171875 12.360120669815892 129
180 3.5 57.84460797991071 44.39521526229993 182.0048828125 8.06201171875 13.146448804842715 151
190 5 203.90833984375004 116.76161620590159 504.79296875 8.06201171875 21.55739273563508 186
200 7.9 498.19364369066454 525.0990803334485 3973.073974609375 0.7421875 60.1910679704052 236
210 8 367.27027587890626 155.50824049428118 3973.073974609375 0.7421875 170.0393329923115 315
220 8.3 340.3108174887049 204.2677990777107 3973.073974609375 0.7421875 209.98484041238132 395
230 11.5 355.1361667798913 178.27806307075184 3973.073974609375 0.7421875 232.61466488379315 478
240 11.1 280.32739917652054 114.29995171552653 3973.073974609375 0.7421875 256.3751585061393 593
250 9.1 15.666530734890115 11.454488421140345 3973.073974609375 0.7421875 260.15171918002045 704
260 8.3 11.183949665850898 5.3232131096492115 3973.073974609375 0.7421875 232.16662213787347 795
270 4.4 9.255637428977272 3.0498617861946307 3973.073974609375 0.7421875 211.27646061716973 878
280 1.8 8.669501410590279 2.853827486287178 3973.073974609375 0.7421875 201.6355536537419 922
290 0.6 8.377400716145834 1.8849000104345084 3973.073974609375 0.7421875 197.94045903631985 940
300 0.4 8.8472900390625 0.43214388891421185 3973.073974609375 0.7421875 196.73815634084306 946
310 0.4 10.06298828125 0.2220321743306324 3973.073974609375 0.7421875 195.94703690378293 950
320 0 0 0 3973.073974609375 0.7421875 195.167648859244 954
330 0 0 0 3973.073974609375 0.7421875 195.167648859244 954
336 0.1 10.2099609375 0.0 3973.073974609375 0.7421875 195.167648859244 954
