10 0.8 8.656890869140625 1.0754732258718933 11.470947265625 7.985107421875 0 0
20 1.6 7.991302490234375 0.72299907839087 11.470947265625 7.609130859375 8.656890869140625 8
30 0 0 0 11.470947265625 7.609130859375 8.213165283203125 24
40 0 0 0 11.470947265625 7.609130859375 8.213165283203125 24
50 0.8 8.307769775390625 1.0475865403998834 11.470947265625 7.609130859375 8.213165283203125 24
60 2.4 8.351511637369791 0.9941970793656476 11.546875 7.56298828125 8.23681640625 32
70 4 8.235998535156252 1.0346310799158391 11.546875 7.56298828125 8.285971505301339 56
80 4 8.076086425781247 0.9405407683307889 12.406982421875 7.51708984375 8.265149434407553 96
90 3.2 8.473731994628906 1.5820814040668443 15.85498046875 7.51708984375 8.209542667164522 136
100 4.8 9.033045450846355 2.551156139373723 21.9599609375 7.51708984375 8.259864443824405 168
110 0.8 8.142303466796875 0.8594102023240735 21.9599609375 7.51708984375 8.431682445384839 216
120 5.6 9.155308314732142 2.2700988309439585 21.9599609375 7.51708984375 8.42134748186384 224
130 1.6 8.576065063476563 1.0346939132942659 21.9599609375 7.51708984375 8.5681396484375 280
140 6.4 9.993656158447266 3.107113330603175 21.9599609375 7.51708984375 8.568568049250421 296
150 11.2 12.563064575195313 6.863215966850587 46.76904296875 7.51708984375 8.821917046440971 360
160 9.1 11.44154307606456 4.5721224888142205 46.76904296875 7.51708984375 9.709646968518273 472
170 15.7 15.661818583300157 9.427670043031009 49.77587890625 7.51708984375 9.989580442384547 563
180 14.8 49.0508653795397 49.197463652727166 188.945068359375 7.51708984375 11.226443481445312 720
190 15.1 159.5262944303601 106.59062146611372 528.226806640625 0.14306640625 17.67576887420795 868
200 13.6 415.3589262120864 116.35707637901291 562.641845703125 0.129150390625 38.695817312852675 1019
210 19.2 411.0909487406413 450.29984962401824 6313.992919921875 0.129150390625 83.04749074168019 1155
220 26.4 414.6727803548177 514.6358300890157 6394.005126953125 0.1259765625 129.8064691646947 1347
230 35.9 353.1371485463092 278.516573441524 6394.005126953125 0.12109375 176.48847174333682 1611
240 50.7 233.24900080513453 111.74919081780757 6394.005126953125 0.12109375 208.67977883585817 1970
250 25.9 16.300453215492272 12.687968865861238 6394.005126953125 0.12109375 213.70868296925468 2477
260 17.6 7.646290172230113 3.118615999129684 6394.005126953125 0.12109375 195.02128110294458 2736
270 8.8 8.728990034623576 1.5566176162738659 6394.005126953125 0.12109375 183.69641901372557 2912
280 8.8 7.189525257457387 2.4872565832513884 6394.005126953125 0.12109375 178.56404109700526 3000
290 4.8 7.8655548095703125 0.3840580133158773 6394.005126953125 0.12109375 173.68031137100778 3088
300 4 5.26322021484375 2.2483935790911707 6394.005126953125 0.12109375 171.14233040323066 3136
310 1.6 5.921600341796875 2.5699979071800523 6394.005126953125 0.12109375 169.05317284418297 3176
320 0.8 8.279205322265625 1.2667812783883554 6394.005126953125 0.12109375 168.23547072637652 3192
330 0 0 0 6394.005126953125 0.12109375 167.83558006286626 3200
336 0 0 0 6394.005126953125 0.12109375 167.83558006286626 3200
