0 0.1 5.811162679314677 0 5.811162679314677 5.811162679314677 0 0
10 0.1 2.753195673549656 0.0 5.811162679314677 2.753195673549656 5.811162679314677 1
20 0.1 1.7699115044247788 0.0 5.811162679314677 1.7699115044247788 4.282179176432166 2
30 0.1 1.678183613030602 0.0 5.811162679314677 1.678183613030602 3.4447566190963705 3
40 0.1 1.8756169792694966 0.0 5.811162679314677 1.678183613030602 3.003113367579928 4
50 0.1 1.8793273986152326 0.0 5.811162679314677 1.678183613030602 2.777614089917842 5
60 0.1 2.371541501976284 0.0 5.811162679314677 1.678183613030602 2.627899641367407 6
70 0.1 2.9440628066732093 0.0 5.811162679314677 1.678183613030602 2.5912770500258184 7
80 0.1 2.3692003948667324 0.0 5.811162679314677 1.678183613030602 2.635375269606742 8
90 0.1 2.371541501976284 0.0 5.811162679314677 1.678183613030602 2.6058002835245184 9
100 0.1 3.251231527093596 0.0 5.811162679314677 1.678183613030602 2.5823744053696953 10
110 0.1 4.317958783120707 0.0 5.811162679314677 1.678183613030602 2.6431795982536865 11
120 0.1 4.424778761061947 0.0 5.811162679314677 1.678183613030602 2.7827445303259384 12
130 0.1 5.9171597633136095 0.0 5.9171597633136095 1.678183613030602 2.9090548557671694 13
140 0.1 6.811451135241856 0.0 6.811451135241856 1.678183613030602 3.123919492020487 14
150 0.1 5.888223552894212 0.0 6.811451135241856 1.678183613030602 3.3697549349019114 15
160 0.1 10.206084396467125 0.0 10.206084396467125 1.678183613030602 3.52715922352643 16
170 0.1 11.787819253438114 0.0 11.787819253438114 1.678183613030602 3.920037174875883 17
180 0.1 12.94820717131474 0.0 12.94820717131474 1.678183613030602 4.3571361792404515 18
190 0.1 18.41332027424094 0.0 18.41332027424094 1.678183613030602 4.8092978104022555 19
200 0.1 21.463897131552915 0.0 21.463897131552915 1.678183613030602 5.48949893359419 20
210 0.1 22.52427184466019 0.0 22.52427184466019 1.678183613030602 6.250184562068416 21
220 0.1 17.797443461160274 0.0 22.52427184466019 1.678183613030602 6.989915802186224 22
230 0.1 16.8141592920354 0.0 22.52427184466019 1.678183613030602 7.459808309098139 23
240 0.1 12.121212121212121 0.0 22.52427184466019 1.678183613030602 7.849572933387191 24
250 0.1 8.05168986083499 0.0 22.52427184466019 1.678183613030602 8.02043850090019 25
260 0.1 4.757185332011893 0.0 22.52427184466019 1.678183613030602 8.021640476282297 26
270 0.1 2.766798418972332 0.0 22.52427184466019 1.678183613030602 7.900734730198208 27
280 0.1 2.0812685827552033 0.0 22.52427184466019 1.678183613030602 7.717379861940141 28
290 0.1 1.9627085377821394 0.0 22.52427184466019 1.678183613030602 7.523031197140661 29
300 0.1 1.3847675568743818 0.0 22.52427184466019 1.3847675568743818 7.337687108495376 30
310 0.1 1.1869436201780417 0.0 22.52427184466019 1.1869436201780417 7.14565744553986 31
