0 3.1 40.77245306199597 85.28523664207607 314.448974609375 3.966796875 0 0
10 4.7 39.898479055851034 82.45490544450796 355.0791015625 3.966796875 40.77245306199597 31
20 5.8 16.12418760102371 19.536116236246784 355.0791015625 3.966796875 40.245827699318895 78
30 8.4 19.106881277901785 30.48903021772554 355.0791015625 3.966796875 29.95865765739889 136
40 9.8 13.01946647799745 16.118018781862684 355.0791015625 3.966796875 25.815252130681813 220
50 12.5 19.208277343749998 37.60255915628348 355.0791015625 3.8701171875 21.871896803753927 318
60 13.5 14.42276837384259 18.243590353239885 355.0791015625 3.64990234375 21.120311177341982 443
70 12 14.359079996744791 21.69123428821772 355.0791015625 3.649169921875 19.556006197285896 578
80 14.6 14.002683874678931 20.52297126938891 355.0791015625 3.550048828125 18.662551836161352 698
90 17.2 14.875410213026894 20.40889989021192 355.0791015625 3.550048828125 17.856460932871737 844
100 25.4 17.72712959830216 24.672723436900217 355.0791015625 3.550048828125 17.35179486612635 1016
110 29.5 17.084737486758467 24.052753920265822 355.0791015625 3.550048828125 17.42686181256151 1270
120 46 15.835000743036685 31.712608387928455 557.27783203125 3.550048828125 17.362371923672114 1565
130 43.4 15.625401088169648 22.16860648421762 557.27783203125 3.550048828125 17.015413532021597 2025
140 61.8 17.16699534789644 29.398099977618408 557.27783203125 3.426025390625 16.77008396690092 2459
150 68.3 17.014046486090784 30.425799124952956 557.27783203125 3.41796875 16.84980162483242 3077
160 95.9 17.32102048235462 23.27315511715368 557.27783203125 3.41796875 16.879636529151426 3760
170 129.7 26.007116407454713 34.446631310347975 557.27783203125 3.41796875 16.9693350269522 4719
180 142.7 22.716611074916777 29.169135578599892 557.27783203125 3.41796875 18.91780617896546 6016
190 181.5 78.82642381736412 79.10150687114698 573.60107421875 3.41796875 19.646127364847835 7443
200 204 341.17844992244966 183.0265144540784 1115.110107421875 0.68798828125 31.248226961015156 9258
210 190.7 499.13886544638177 263.636339838831 1419.2451171875 0.654052734375 87.21013657699378 11298
220 185.6 357.77137927351265 157.27498537880825 1419.2451171875 0.654052734375 146.6988216170485 13205
230 154 74.94700198483154 88.88684392568021 1419.2451171875 0.654052734375 172.70975495549862 15061
240 89.7 16.775796709517806 21.32086101382108 1419.2451171875 0.654052734375 163.6407446805256 16601
250 69.3 15.326699965615981 17.867614231628682 1419.2451171875 0.654052734375 156.11200663446354 17498
260 32.9 12.77914178262728 11.354053559489078 1419.2451171875 0.654052734375 150.7486831491405 18191
270 17.6 12.818012584339492 13.407782994703194 1419.2451171875 0.654052734375 148.29771235488656 18520
280 11.9 11.448812532825634 4.462772225268534 1419.2451171875 0.654052734375 147.02233649055108 18696
290 8 12.207150268554686 8.844200078341732 1419.2451171875 0.654052734375 146.16486907885994 18815
300 7 11.792728097098216 2.6841599714031426 1419.2451171875 0.654052734375 145.59770223552442 18895
310 3.6 11.498006184895834 2.900181456450614 1419.2451171875 0.654052734375 145.1038267707372 18965
312 1.7 11.568991268382353 2.5249500136668455 1419.2451171875 0.654052734375 144.85069222302442 19001
