10 0.6 11.873046875 2.934622738624318 18.383056640625 10.0830078125 0 0
20 0.3 12.506591796875 2.9029207747026855 18.383056640625 10.013916015625 11.873046875 6
30 0.5 12.658154296875 2.5738650339143083 18.383056640625 10.013916015625 12.084228515625 9
40 0.4 10.69830322265625 0.42813531817929174 18.383056640625 10.013916015625 12.289202008928571 14
50 0.5 12.16142578125 1.6812310894891733 18.383056640625 10.013916015625 11.9356689453125 18
60 0.7 10.879499162946429 0.7596978720269799 18.383056640625 9.9169921875 11.98474651834239 23
70 0.6 11.1300048828125 0.8330027172772055 18.383056640625 9.9169921875 11.72685546875 30
80 0.5 10.436767578125 0.15157196959181576 18.383056640625 9.9169921875 11.62738037109375 36
90 0.4 11.0269775390625 0.8393951903703492 18.383056640625 9.9169921875 11.48218368902439 41
100 1.3 11.692476712740385 1.9805685663535957 18.383056640625 9.90185546875 11.44172092013889 45
110 1.7 12.181812959558824 1.8979039819866146 18.383056640625 9.90185546875 11.4979248046875 58
120 1.3 15.302584134615385 7.903823546038677 40.822021484375 9.90185546875 11.652939453125 75
130 2.2 11.621060458096592 1.3920279670299864 40.822021484375 9.90185546875 12.19209150834517 88
140 3.8 14.27258943256579 4.731434043222942 40.822021484375 9.90185546875 12.077885298295454 110
150 2.9 12.768798828125 3.14013403449665 40.822021484375 9.90185546875 12.64139041385135 148
160 4.5 15.246771918402779 5.103912420594015 40.822021484375 9.90185546875 12.662265238788843 177
170 5.9 21.608986030190678 14.11851138573732 87.0810546875 9.90185546875 13.186151727899775 222
180 7.6 19.020906147203945 9.380080208446193 87.0810546875 9.90185546875 14.9546471863879 281
190 9.7 62.609996677673976 51.58404293546231 184.5380859375 9.90185546875 15.820293351715685 357
200 11.7 308.29355719150635 114.85167929368806 509.513916015625 1.003173828125 25.817212344266245 454
210 11.3 432.0480524923949 128.15876325452578 605.883056640625 0.880126953125 83.69765428319285 571
220 7.2 279.5924580891927 62.46884273662746 605.883056640625 0.880126953125 141.24676977681835 684
230 2 79.93773193359375 71.38654963104526 605.883056640625 0.880126953125 154.42254961609208 756
240 0.5 13.4486328125 3.585437145023208 605.883056640625 0.880126953125 152.5028378201514 776
250 0 0 0 605.883056640625 0.880126953125 151.61260603393083 781
260 0 0 0 605.883056640625 0.880126953125 151.61260603393083 781
270 0 0 0 605.883056640625 0.880126953125 151.61260603393083 781
280 0 0 0 605.883056640625 0.880126953125 151.61260603393083 781
290 0 0 0 605.883056640625 0.880126953125 151.61260603393083 781
300 0 0 0 605.883056640625 0.880126953125 151.61260603393083 781
310 0 0 0 605.883056640625 0.880126953125 151.61260603393083 781
312 0 0 0 605.883056640625 0.880126953125 151.61260603393083 781
