0 0.7 11.598005022321429 8.848427644983463 33.2099609375 7.013916015625 0 0
10 0.3 9.435953776041666 2.0407883740165693 33.2099609375 7.013916015625 11.598005022321429 7
20 0.2 8.0225830078125 0.3895263671875 33.2099609375 7.013916015625 10.9493896484375 10
30 0.4 8.58428955078125 1.2203765478067683 33.2099609375 7.013916015625 10.461588541666666 12
40 0.8 7.850494384765625 0.3657162173001025 33.2099609375 7.013916015625 9.992263793945313 16
50 0.7 9.027657645089286 0.3657180629103031 33.2099609375 7.013916015625 9.278340657552084 24
60 0.4 7.82305908203125 0.47011872970017476 33.2099609375 7.013916015625 9.221734816028226 31
70 0.4 8.18731689453125 0.6205002059926575 33.2099609375 7.013916015625 9.061886160714286 35
80 0.6 8.022664388020834 1.00370672216448 33.2099609375 7.013916015625 8.972186748798077 39
90 1.2 8.114237467447918 1.2502910492069788 33.2099609375 7.013916015625 8.845583767361111 45
100 1.5 8.840559895833335 1.7609299488163348 33.2099609375 7.013916015625 8.691616125274123 57
110 1 7.7768798828125 0.46458289833504646 33.2099609375 7.013916015625 8.722646077473959 72
120 2.3 8.323709239130435 1.8889951941259653 33.2099609375 7.013916015625 8.607308736661585 82
130 3.5 10.771665736607144 10.767360339273093 72.696044921875 7.013916015625 8.545186941964285 105
140 3.2 9.228302001953129 1.8321565895780842 72.696044921875 7.013916015625 9.101806640625 140
150 4.7 9.77708922041223 3.002157054678666 72.696044921875 7.013916015625 9.125340661337209 172
160 5.6 10.051430838448661 3.5903318839943634 72.696044921875 7.013916015625 9.265213639768833 219
170 7.2 16.947119818793404 13.5836402983356 92.80810546875 7.013916015625 9.42531605113636 275
180 9.2 14.907874065896738 11.228334478195281 92.80810546875 7.013916015625 10.9860361412554 347
190 11.2 55.116444178989944 47.94595508265807 178.7041015625 7.013916015625 11.80792472682944 439
200 12.8 290.56518173217773 109.61371609077165 515.09814453125 0.77392578125 20.611108354128852 551
210 8.8 411.9678095037287 142.46782687376694 579.0400390625 0.740234375 71.50083058150773 679
220 1.2 259.48974609375 35.07181038479355 579.0400390625 0.740234375 110.56353481247963 767
230 0.1 203.122802734375 0.0 579.0400390625 0.740234375 112.85764846507944 779
240 0.1 11.27783203125 0.0 579.0400390625 0.740234375 112.97337302183493 780
250 0 0 0 579.0400390625 0.740234375 112.84316106153969 781
260 0 0 0 579.0400390625 0.740234375 112.84316106153969 781
270 0 0 0 579.0400390625 0.740234375 112.84316106153969 781
280 0 0 0 579.0400390625 0.740234375 112.84316106153969 781
290 0 0 0 579.0400390625 0.740234375 112.84316106153969 781
300 0 0 0 579.0400390625 0.740234375 112.84316106153969 781
310 0 0 0 579.0400390625 0.740234375 112.84316106153969 781
312 0 0 0 579.0400390625 0.740234375 112.84316106153969 781
