0 1.5 15
10 1.7 32
20 5.1 83
30 7 153
40 6.4 217
50 9.8 315
60 14 455
70 19.3 648
80 23.2 880
90 15.9 1039
100 27.3 1312
110 23 1542
120 34.5 1887
130 46.9 2356
140 59.7 2953
150 70.8 3661
160 104.6 4707
170 111.7 5824
180 154.5 7369
190 192.8 9297
200 218.9 11486
210 231 13796
220 234.1 16137
230 258 18717
240 265.2 21369
250 250.2 23871
260 257.6 26447
270 255.3 29000
280 257.7 31577
290 255.9 34136
300 219.2 36328
310 180.5 38133
320 129.2 39425
330 109.3 40518
340 66.2 41180
350 45.6 41636
360 34.1 41977
370 15.7 42134
380 6.3 42197
390 6.9 42266
400 1.5 42281
410 0.6 42287
420 3.7 42324
424 0 42324
