0 0.1 1
10 0.3 4
20 0.5 9
30 1 19
40 1.4 33
50 1.5 48
60 1.5 63
70 1.7 80
80 2.4 104
90 1.5 119
100 2.3 142
110 2.6 168
120 3.7 205
130 6.9 274
140 6.6 340
150 6.9 409
160 11.5 524
170 13.3 657
180 16.5 822
190 20.9 1031
200 29.5 1326
210 24.6 1572
220 24.1 1813
230 20.3 2016
240 23.8 2254
250 22.5 2479
260 25.7 2736
270 25.1 2987
280 25.7 3244
290 23.1 3475
300 19.6 3671
310 12.5 3796
320 7.3 3869
330 1.6 3885
340 3.2 3917
350 0.4 3921
360 0.3 3924
370 0.2 3926
380 0 3926
390 0 3926
400 0.1 3927
410 0 3927
420 0 3927
424 0 3927
