20 0.8 8
30 0.8 16
40 0 16
50 0 16
60 0.8 24
70 2.4 48
80 4 88
90 0.8 96
100 3.2 128
110 1.6 144
120 3.2 176
130 3.2 208
140 4.8 256
150 6.7 323
160 10.1 424
170 7.8 502
180 13 632
190 16.2 794
200 17.3 967
210 25.4 1221
220 25.3 1474
230 28.8 1762
240 30.8 2070
250 26.5 2335
260 29.4 2629
270 28.4 2913
280 24.4 3157
290 29.1 3448
300 29.2 3740
310 27.1 4011
320 16.5 4176
330 17 4346
340 10.1 4447
350 6.4 4511
360 6.4 4575
370 3.2 4607
380 0 4607
390 1.6 4623
400 0 4623
410 0 4623
420 1.6 4639
424 0 4639
