0 0.1 22.752582466111132 0 22.752582466111132 22.752582466111132 0 0
10 0.1 2.359882005899705 0.0 22.752582466111132 2.359882005899705 22.752582466111132 1
20 0.1 1.3806706114398422 0.0 22.752582466111132 1.3806706114398422 12.55623223600542 2
30 0.1 1.4807502467917077 0.0 22.752582466111132 1.3806706114398422 8.831045027816893 3
40 0.1 1.8737672583826428 0.0 22.752582466111132 1.3806706114398422 6.993471332560597 4
50 0.1 1.87192118226601 0.0 22.752582466111132 1.3806706114398422 5.969530517725007 5
60 0.1 2.359882005899705 0.0 22.752582466111132 1.3806706114398422 5.28659562848184 6
70 0.1 2.857142857142857 0.0 22.752582466111132 1.3806706114398422 4.868493682398678 7
80 0.1 2.9585798816568047 0.0 22.752582466111132 1.3806706114398422 4.6170748292417 8
90 0.1 2.967359050445104 0.0 22.752582466111132 1.3806706114398422 4.432797612843378 9
100 0.1 3.2480314960629917 0.0 22.752582466111132 1.3806706114398422 4.286253756603551 10
110 0.1 4.2198233562316 0.0 22.752582466111132 1.3806706114398422 4.191869914736227 11
120 0.1 3.4482758620689653 0.0 22.752582466111132 1.3806706114398422 4.194199368194174 12
130 0.1 6.3352826510721245 0.0 22.752582466111132 1.3806706114398422 4.1368206369537734 13
140 0.1 7.7073170731707314 0.0 22.752582466111132 1.3806706114398422 4.293853637962227 14
150 0.1 8.10546875 0.0 22.752582466111132 1.3806706114398422 4.521417866976127 15
160 0.1 10.44921875 0.0 22.752582466111132 1.3806706114398422 4.745421047165119 16
170 0.1 13.565891472868216 0.0 22.752582466111132 1.3806706114398422 5.080938559096583 17
180 0.1 15.384615384615385 0.0 22.752582466111132 1.3806706114398422 5.552324832083896 18
190 0.1 20.057859209257472 0.0 22.752582466111132 1.3806706114398422 6.069813808532921 19
200 0.1 23.82324687800192 0.0 23.82324687800192 1.3806706114398422 6.7692160785691495 20
210 0.1 26.204238921001927 0.0 26.204238921001927 1.3806706114398422 7.581312783304044 21
220 0.1 31.368821292775667 0.0 31.368821292775667 1.3806706114398422 8.427809425926675 22
230 0.1 31.21998078770413 0.0 31.368821292775667 1.3806706114398422 9.425244724485326 23
240 0.1 32.88718929254302 0.0 32.88718929254302 1.3806706114398422 10.333358727119444 24
250 0.1 26.431297709923662 0.0 32.88718929254302 1.3806706114398422 11.235511949736388 25
260 0.1 23.934108527131784 0.0 32.88718929254302 1.3806706114398422 11.81996524820513 26
270 0.1 25.26416906820365 0.0 32.88718929254302 1.3806706114398422 12.26863722149871 27
280 0.1 25.311601150527324 0.0 32.88718929254302 1.3806706114398422 12.73276335888103 28
290 0.1 25.0 0.0 32.88718929254302 1.3806706114398422 13.166516386179179 29
300 0.1 23.99232245681382 0.0 32.88718929254302 1.3806706114398422 13.560965839973205 30
310 0.1 20.463320463320464 0.0 32.88718929254302 1.3806706114398422 13.89746121471 31
320 0.1 16.55306718597858 0.0 32.88718929254302 1.3806706114398422 14.102644316229078 32
330 0.1 13.13229571984436 0.0 32.88718929254302 1.3806706114398422 14.176899554706337 33
340 0.1 8.489634748272458 0.0 32.88718929254302 1.3806706114398422 14.146175912504514 34
350 0.1 6.1946902654867255 0.0 32.88718929254302 1.3806706114398422 13.984560450669312 35
360 0.1 4.150197628458498 0.0 32.88718929254302 1.3806706114398422 13.768175167747573 36
370 0.1 3.0693069306930694 0.0 32.88718929254302 1.3806706114398422 13.508229828847869 37
380 0.1 1.8737672583826428 0.0 32.88718929254302 1.3806706114398422 13.233521331528005 38
390 0.1 1.5794669299111548 0.0 32.88718929254302 1.3806706114398422 12.94224558606274 39
400 0.1 1.4822134387351777 0.0 32.88718929254302 1.3806706114398422 12.65817611965895 40
410 0.1 1.183431952662722 0.0 32.88718929254302 1.183431952662722 12.385591664026663 41
420 0.1 1.0869565217391304 0.0 32.88718929254302 1.0869565217391304 12.118873575660855 42
