0 4.4765625 4.4765625
10 8.278125 12.7546875
20 33.84453125 46.59921875
30 53.57421875 100.1734375
40 45.60625 145.7796875
50 131.38828125 277.16796875
60 170.77109375 447.9390625
70 250.121875 698.0609375
80 292.8609375 990.921875
90 225.6453125 1216.5671875
100 336.0046875 1552.571875
110 268.87421875 1821.44609375
120 363.3171875 2184.76328125
130 521.1390625 2705.90234375
140 688.27890625 3394.18125
150 867.01953125 4261.20078125
160 1163.26640625 5424.4671875
170 1350.865625 6775.3328125
180 1766.409375 8541.7421875
190 2073.6953125 10615.4375
200 2679.6734375 13295.1109375
210 3117.175 16412.2859375
220 3373.903125 19786.1890625
230 3898.11171875 23684.30078125
240 3966.45703125 27650.7578125
250 3747.71328125 31398.47109375
260 3876.4453125 35274.91640625
270 3924.0640625 39198.98046875
280 3915.6953125 43114.67578125
290 3793.6765625 46908.35234375
300 3579.2125 50487.56484375
310 3171.0203125 53658.58515625
320 2499.5265625 56158.11171875
330 2155.79609375 58313.9078125
340 1348.121875 59662.0296875
350 947.8109375 60609.840625
360 665.97890625 61275.81953125
370 291.8703125 61567.68984375
380 165.9046875 61733.59453125
390 127.10390625 61860.6984375
400 37.73125 61898.4296875
410 16.34921875 61914.77890625
420 39.1328125 61953.91171875
424 0 61953.91171875
