10 0.1 38.653076171875 0 38.653076171875 38.653076171875 0 0
20 0.2 36.3760986328125 0.0159912109375 38.653076171875 36.360107421875 38.653076171875 1
30 0.1 57.72412109375 0.0 57.72412109375 36.360107421875 37.135091145833336 3
40 0.4 35.936767578125 1.4815569479113533 57.72412109375 34.150146484375 42.2823486328125 4
50 0.1 35.006103515625 0.0 57.72412109375 34.150146484375 39.10955810546875 8
60 0.5 36.00625 1.4978059267042698 57.72412109375 34.150146484375 38.65361870659722 9
70 0.5 40.1162109375 2.8778117983839255 57.72412109375 34.150146484375 37.7081298828125 14
80 0.8 38.602294921875 4.423661248636429 57.72412109375 34.150146484375 38.34183542351974 19
90 0.1 35.338134765625 0.0 57.72412109375 34.150146484375 38.419008608217595 27
100 0.5 36.33779296875 1.18456015435476 57.72412109375 34.150146484375 38.30897739955357 28
110 0.5 38.130859375 3.424739258997513 57.72412109375 34.150146484375 38.01031309185606 33
120 0.9 37.50537109375 1.865376032254005 57.72412109375 34.150146484375 38.026174444901315 38
130 1.5 39.802229817708344 3.7349955645337287 57.72412109375 34.150146484375 37.92644614361702 47
140 1.2 41.07897949218749 5.716384146001467 57.72412109375 34.150146484375 38.380264774445564 62
150 1 41.2216552734375 5.33820572220029 57.72412109375 34.150146484375 38.817894188133444 74
160 3 42.3767822265625 5.770616756195617 57.72412109375 34.150146484375 39.104056222098215 84
170 3.2 43.873504638671875 6.3360738962281795 61.862060546875 34.150146484375 39.965299907483555 114
180 2.9 45.88323343211207 8.415367927030015 76.2080078125 34.150146484375 40.82189272527825 146
190 4.5 65.46312391493055 22.011724613716154 123.2138671875 34.150146484375 41.66062918526786 175
200 4.4 83.54981023615059 24.694583729764723 128.221923828125 34.150146484375 46.5293212890625 220
210 5.1 91.60122740502452 34.63925410322625 164.9560546875 0.626953125 52.699402780243844 264
220 4.3 83.56326081031976 34.76199546642075 197.574951171875 0.626953125 58.99779343377976 315
230 4.8 66.08753967285158 17.67135203273134 197.574951171875 0.626953125 61.948394263922836 358
240 3.7 86.01229940878379 39.13907274868826 197.574951171875 0.626953125 62.43775135660406 406
250 5.1 71.34565046721819 31.789833783474982 197.574951171875 0.626953125 64.40673166795993 443
260 2.7 271.7479021990741 963.0481674034907 5180.670166015625 0.626953125 65.12309777881453 494
270 5 857.8715283203124 4823.146156654279 34241.5439453125 0.626953125 75.83110107890475 521
280 5.8 118.68627508755388 359.9559099918861 34241.5439453125 0.626953125 144.31099838550787 571
290 5.1 79.1149232153799 26.22772619831365 34241.5439453125 0.626953125 141.94814631669814 629
300 4.3 66.5362406885901 26.701883639228342 34241.5439453125 0.626953125 137.23565458409925 680
310 3 49.746044921875 11.586690572288088 34241.5439453125 0.626953125 133.0308485017937 723
320 1.7 45.890768612132355 7.883733794876376 34241.5439453125 0.626953125 129.71272883725513 753
330 0.2 42.01611328125 3.8349609375 34241.5439453125 0.626953125 127.86211413098619 770
340 0 0 0 34241.5439453125 0.626953125 127.63971516505423 772
350 0.1 39.567138671875 0.0 34241.5439453125 0.626953125 127.63971516505423 772
360 0 0 0 34241.5439453125 0.626953125 127.52577910232048 773
370 0 0 0 34241.5439453125 0.626953125 127.52577910232048 773
380 0 0 0 34241.5439453125 0.626953125 127.52577910232048 773
390 0 0 0 34241.5439453125 0.626953125 127.52577910232048 773
400 0 0 0 34241.5439453125 0.626953125 127.52577910232048 773
410 0 0 0 34241.5439453125 0.626953125 127.52577910232048 773
420 0 0 0 34241.5439453125 0.626953125 127.52577910232048 773
424 0 0 0 34241.5439453125 0.626953125 127.52577910232048 773
