20 0.1 5.552001953125 0 5.552001953125 5.552001953125 0 0
30 0.5 5.98017578125 0.9003008074863486 7.759033203125 5.385009765625 5.552001953125 1
40 0.6 5.42578125 0.26718058140294687 7.759033203125 5.137939453125 5.9088134765625 6
50 0.8 5.57257080078125 0.2498761332139371 7.759033203125 5.010986328125 5.66729736328125 12
60 0.2 5.58837890625 0.343505859375 7.759033203125 5.010986328125 5.62940673828125 20
70 0.6 5.996297200520833 0.38629253846260336 7.759033203125 5.010986328125 5.625676935369318 22
80 0.9 5.401665581597222 0.15191903222029227 7.759033203125 5.010986328125 5.705095563616071 28
90 0.4 5.60748291015625 0.11103559844533732 7.759033203125 5.010986328125 5.6312882706925675 37
100 0.7 6.206298828125 1.3148847959034196 9.39599609375 5.010986328125 5.628965796493903 41
110 1.1 6.041703657670454 1.0447359414210098 9.39599609375 5.010986328125 5.7131601969401045 48
120 1.6 5.984405517578125 1.4978457266708418 11.697998046875 5.010986328125 5.7744140625 59
130 2.7 5.7094907407407405 0.761816333127099 11.697998046875 5.010986328125 5.819212239583333 75
140 2.7 6.189046223958333 0.9836036669733643 11.697998046875 5.010986328125 5.790168313419118 102
150 2.6 5.864539513221154 0.6336599136953487 11.697998046875 5.010986328125 5.873654387718023 129
160 4 6.676751708984375 1.3162395207434212 11.907958984375 5.010986328125 5.872125441028226 155
170 5.1 6.688883463541667 1.9796421336144263 18.044189453125 5.010986328125 6.037176983173077 195
180 5.2 9.493506798377403 6.872256558117267 36.3740234375 5.010986328125 6.172286863249492 246
190 8.6 20.74942939226018 19.32940737753907 75.383056640625 5.010986328125 6.751828596895973 298
200 11.6 41.802906957165945 28.760186422322917 115.39794921875 5.010986328125 9.886707941691082 384
210 11.1 138.15054238809122 447.9414277472999 2970.072998046875 0.661865234375 17.29126611328125 500
220 10.6 133.08818313310726 687.2513109470472 5575.68896484375 0.661865234375 39.24769764602087 611
230 9.1 90.60492949433379 574.9517299569925 5575.68896484375 0.661865234375 53.12090749487883 717
240 9.5 54.95239514802632 36.78095827612569 5575.68896484375 0.661865234375 57.3424990814511 808
250 9.5 37.83344469572369 25.634524073425673 5575.68896484375 0.661865234375 57.09104850152269 903
260 10.2 840.514607747396 5034.213454449703 36419.49609375 0.661865234375 55.257909862694135 998
270 9 77.79048394097224 485.2140901848647 36419.49609375 0.570068359375 128.07262184836648 1100
280 9 36.37566189236114 18.7003573787198 36419.49609375 0.570068359375 124.26977108226103 1190
290 7.5 59.51366536458331 216.54030087471205 36419.49609375 0.570068359375 118.08971652984619 1280
300 8.1 28.823546609760786 31.618263652195264 36419.49609375 0.570068359375 114.84749967568035 1355
310 4.4 12.200861150568185 10.228377028893913 36419.49609375 0.570068359375 109.99517363226846 1436
320 2.2 6.123135653409091 0.851179205430545 36419.49609375 0.570068359375 107.08777515308277 1480
330 0.9 6.244113498263889 0.8325990815307004 36419.49609375 0.570068359375 105.60893223098368 1502
340 0.9 5.967692057291667 0.29966599538527783 36419.49609375 0.570068359375 105.01708354230435 1511
350 0.2 5.6668701171875 0.2730712890625 36419.49609375 0.570068359375 104.43060688219572 1520
360 0.1 5.883056640625 0.0 36419.49609375 0.570068359375 104.30082536213658 1522
370 0 0 0 36419.49609375 0.570068359375 104.23620437151182 1523
380 0 0 0 36419.49609375 0.570068359375 104.23620437151182 1523
390 0 0 0 36419.49609375 0.570068359375 104.23620437151182 1523
400 0.1 5.4970703125 0.0 36419.49609375 0.570068359375 104.23620437151182 1523
410 0 0 0 36419.49609375 0.570068359375 104.17141491346784 1524
420 0 0 0 36419.49609375 0.570068359375 104.17141491346784 1524
424 0 0 0 36419.49609375 0.570068359375 104.17141491346784 1524
