10 0.1 31.468994140625 0 31.468994140625 31.468994140625 0 0
20 0 0 0 31.468994140625 31.468994140625 31.468994140625 1
30 0.1 10.404052734375 0.0 31.468994140625 10.404052734375 31.468994140625 1
40 0.1 9.087158203125 0.0 31.468994140625 9.087158203125 20.9365234375 2
50 0.2 9.8280029296875 1.0880126953125 31.468994140625 8.739990234375 16.986735026041668 3
60 0.5 9.332275390625 0.5676928410180666 31.468994140625 8.739990234375 14.1232421875 5
70 0.2 9.74609375 0.531982421875 31.468994140625 8.739990234375 11.7277587890625 10
80 0.3 9.242024739583334 0.04673293449460229 31.468994140625 8.739990234375 11.397481282552084 12
90 0.5 9.160302734375 0.19180142461349106 31.468994140625 8.739990234375 10.966389973958334 15
100 0.4 11.27178955078125 2.096790969056028 31.468994140625 8.739990234375 10.5148681640625 20
110 0.2 9.156982421875 0.011962890625 31.468994140625 8.739990234375 10.641021728515625 24
120 0.2 10.1539306640625 0.2120361328125 31.468994140625 8.739990234375 10.526864858774038 26
130 1 10.1812255859375 1.7839831416336918 31.468994140625 8.47998046875 10.500226702008929 28
140 1.2 10.658772786458334 3.0990199219169434 31.468994140625 8.47998046875 10.416279039884868 38
150 1 9.7669677734375 1.3241455294190598 31.468994140625 8.47998046875 10.4744775390625 50
160 1 11.593798828125 3.7888367981692173 31.468994140625 8.47998046875 10.356559244791667 60
170 2.4 10.361104329427084 1.8541459597411796 31.468994140625 8.47998046875 10.533307756696429 70
180 3.6 14.09259033203125 6.334983147391315 34.77392578125 8.47998046875 10.489340924202128 94
190 2 17.50574951171875 8.295385866268251 35.27294921875 8.47998046875 11.487163837139423 130
200 4.3 48.20016692405523 28.902589146143573 112.590087890625 8.47998046875 12.289641927083334 150
210 3.6 53.27999538845486 33.57959337384029 112.590087890625 0.68310546875 20.290432470450128 193
220 4 50.81633300781249 58.36408435855949 272.005859375 0.68310546875 25.476564632232527 229
230 2.9 36.6637173356681 19.805523710637967 272.005859375 0.68310546875 29.244559929716537 269
240 3.3 43.25307025331439 33.308742328286144 272.005859375 0.64892578125 29.96655846922189 298
250 3.8 36.66730700041119 23.70047416715855 272.005859375 0.64892578125 31.291195595732624 331
260 4 49.999029541015624 26.683992944974356 272.005859375 0.64892578125 31.84483308456131 369
270 3.1 31.86261183215726 17.23538612304627 272.005859375 0.64892578125 33.62030462064486 409
280 3.2 41.35931396484375 25.46137268210107 272.005859375 0.64892578125 33.49646717418324 440
290 4.5 31.45255533854167 15.754111520132106 272.005859375 0.64892578125 34.02954153287209 472
300 2.1 32.69169689360118 34.822980883228105 272.005859375 0.64892578125 33.805239059477756 517
310 1.2 12.760152180989584 2.24920906509644 272.005859375 0.64892578125 33.76177365895098 538
320 1.8 10.4847412109375 1.9623850026255252 272.005859375 0.64892578125 33.30355646306818 550
330 0.3 11.561604817708334 4.127128785493023 272.005859375 0.64892578125 32.58042499381052 568
340 0.2 9.512939453125 0.27685546875 272.005859375 0.64892578125 32.46999336416375 571
350 0 0 0 272.005859375 0.64892578125 32.389864031140924 573
360 0 0 0 272.005859375 0.64892578125 32.389864031140924 573
370 0 0 0 272.005859375 0.64892578125 32.389864031140924 573
380 0 0 0 272.005859375 0.64892578125 32.389864031140924 573
390 0 0 0 272.005859375 0.64892578125 32.389864031140924 573
400 0 0 0 272.005859375 0.64892578125 32.389864031140924 573
410 0 0 0 272.005859375 0.64892578125 32.389864031140924 573
420 0 0 0 272.005859375 0.64892578125 32.389864031140924 573
424 0 0 0 272.005859375 0.64892578125 32.389864031140924 573
