20 0.1 54.04296875 0 54.04296875 54.04296875 0 0
30 0 0 0 54.04296875 54.04296875 54.04296875 1
40 0.1 53.59912109375 0.0 54.04296875 53.59912109375 54.04296875 1
50 0.1 53.007080078125 0.0 54.04296875 53.007080078125 53.821044921875 2
60 0.1 56.760009765625 0.0 56.760009765625 53.007080078125 53.549723307291664 3
70 0.2 57.489501953125 0.0166015625 57.506103515625 53.007080078125 54.352294921875 4
80 0.1 58.14404296875 0.0 58.14404296875 53.007080078125 55.398030598958336 6
90 0.2 53.197998046875 0.64990234375 58.14404296875 52.548095703125 55.790318080357146 7
100 0.3 55.023356119791664 2.8636357630217875 58.968017578125 52.257080078125 55.21424696180556 9
110 0.4 56.4927978515625 2.3162068897163373 59.358154296875 52.257080078125 55.166524251302086 12
120 0.5 58.395556640625 5.669290209836239 68.410888671875 52.257080078125 55.49809265136719 16
130 0.4 61.5267333984375 11.63712181335729 81.635009765625 52.257080078125 56.187965029761905 21
140 0.8 57.64849853515625 3.140793384834859 81.635009765625 52.257080078125 57.04216796875 25
150 0.8 57.796783447265625 4.533926811022921 81.635009765625 52.257080078125 57.189157196969695 33
160 1.2 61.719645182291664 7.544740701092735 81.635009765625 52.257080078125 57.307718416539636 41
170 1.4 60.170567103794646 6.044160618520543 81.635009765625 52.257080078125 58.306645231426884 53
180 2.7 70.27757884837963 10.943424297556572 91.291015625 52.257080078125 58.696121443563435 67
190 3.5 86.90731724330355 21.34852623606012 148.49609375 52.257080078125 62.02271027260638 94
200 2.8 108.32875279017857 29.9874632915854 192.762939453125 52.257080078125 68.77434782279555 129
210 4.3 113.68608057776163 38.32839430242645 199.339111328125 0.6650390625 75.82863660678743 157
220 3.3 127.40509588068181 59.245713603788616 325.220947265625 0.6650390625 83.96798706054688 200
230 2.7 92.0182472511574 18.05550438228829 325.220947265625 0.6650390625 90.12002393206814 233
240 3.4 109.51355698529412 33.31985101036211 325.220947265625 0.6650390625 90.31714712289663 260
250 3.3 213.2389618844697 669.0685626851895 3995.010986328125 0.6650390625 92.5371401001807 294
260 4.2 107.96790132068452 35.927035795380746 3995.010986328125 0.6650390625 104.71805789492547 327
270 2.5 89.814345703125 34.3743563573109 3995.010986328125 0.6650390625 105.08795877265413 369
280 3.7 95.71684966216216 24.950355210284723 3995.010986328125 0.6650390625 104.11882088753173 394
290 3.8 93.7305201480263 22.955797979573767 3995.010986328125 0.6650390625 103.39753797491299 431
300 2.8 81.12330845424107 27.814025393068256 3995.010986328125 0.6650390625 102.61428279917378 469
310 3.7 76.47362621410473 19.894966648186287 3995.010986328125 0.6650390625 101.4035236811494 497
320 2 66.87467041015626 7.377459155374487 3995.010986328125 0.6650390625 99.67617123493095 534
330 1 63.206494140625 7.5033542815689485 3995.010986328125 0.6650390625 98.49200153006544 554
340 0.4 58.39556884765625 1.4861028590788996 3995.010986328125 0.6650390625 97.86637196642288 564
350 0.4 54.0660400390625 1.6685646163107397 3995.010986328125 0.6650390625 97.58840856417804 568
360 0 0 0 3995.010986328125 0.6650390625 97.28405633672968 572
370 0.1 56.385009765625 0.0 3995.010986328125 0.6650390625 97.28405633672968 572
380 0 0 0 3995.010986328125 0.6650390625 97.21267929210296 573
390 0 0 0 3995.010986328125 0.6650390625 97.21267929210296 573
400 0 0 0 3995.010986328125 0.6650390625 97.21267929210296 573
410 0 0 0 3995.010986328125 0.6650390625 97.21267929210296 573
420 0 0 0 3995.010986328125 0.6650390625 97.21267929210296 573
424 0 0 0 3995.010986328125 0.6650390625 97.21267929210296 573
