20 0.3 98.59977213541667 33.693021092044575 146.027099609375 70.9091796875 0 0
30 0 0 0 146.027099609375 70.9091796875 98.59977213541667 3
40 0.5 125.010791015625 108.47131851267625 340.9541015625 55.98779296875 98.59977213541667 3
50 0.2 173.9305419921875 109.3885498046875 340.9541015625 55.98779296875 115.10665893554688 8
60 0.4 64.80029296875 6.919651158631088 340.9541015625 55.98779296875 126.871435546875 10
70 0.3 156.840087890625 66.06069608641671 340.9541015625 55.98779296875 109.13682338169643 14
80 0.4 189.835205078125 131.85789641489168 410.281005859375 55.98779296875 117.55504653033088 17
90 0.6 188.93513997395834 87.4401850061656 410.281005859375 55.98779296875 131.32269577752976 21
100 0.6 179.143310546875 143.51770903476412 493.590087890625 55.98779296875 144.12546115451389 27
110 0.6 540.9804280598959 199.28097384663425 899.7431640625 55.98779296875 150.4923428622159 33
120 1.1 817.6527654474431 245.26138623458323 1217.156982421875 55.98779296875 210.5674328926282 39
130 0.5 1906.5724609375 389.2810172537391 2397.837158203125 55.98779296875 344.1262060546875 50
140 0.4 2047.481689453125 1225.5921538871169 3246.346923828125 0.69482421875 486.16677468039774 55
150 1.5 1961.6871419270833 2111.588080433817 4629.364990234375 0.69482421875 592.0186333090572 59
160 1.6 834.3151245117188 1441.9866998811542 4629.364990234375 0.69482421875 869.6541418127111 74
170 2.9 1090.3807920258625 1626.2043379098552 4629.364990234375 0.69482421875 863.3716498480903 90
180 3.7 762.9158968538851 1333.1122720083854 4629.364990234375 0.68310546875 918.6932055048583 119
190 4.5 484.8494086371528 1006.8831204556772 4629.364990234375 0.618896484375 881.7460233248197 156
200 5.7 1009.8932120339914 1444.8629951646672 4831.56005859375 0.618896484375 792.8885722753421 201
210 3.2 528.6237487792969 1087.2323133544062 4831.56005859375 0.618896484375 840.8314578034157 258
220 4.3 450.7474961391715 999.687479309418 4831.56005859375 0.618896484375 806.3809519800647 290
230 2.2 829.8138316761364 1216.1749714570665 4831.56005859375 0.618896484375 760.4583135381475 333
240 3.4 1036.6968994140625 1261.3269269525754 4831.56005859375 0.618896484375 764.7564019861355 355
250 3.9 637.7166341145834 1104.4534876832859 4831.56005859375 0.618896484375 788.5249801674968 389
260 3.8 675.2393863075658 1051.8883282362071 4831.56005859375 0.618896484375 774.7830981673482 428
270 3.2 1079.3186416625979 1315.861639270022 4831.56005859375 0.618896484375 766.6657997753487 466
280 4 570.0548461914062 967.4095850650616 4831.56005859375 0.618896484375 786.755942225935 498
290 3.2 988.7911071777346 1195.3922899180113 4831.56005859375 0.618896484375 770.6443365728102 538
300 2.9 631.2714675377155 1017.9414764827412 4831.56005859375 0.618896484375 782.8911728172972 570
310 4 507.61390380859376 941.1896875386524 4831.56005859375 0.618896484375 775.5506528621922 599
320 2.4 1286.36659749349 1426.6810080354762 4831.56005859375 0.618896484375 758.7783994003081 639
330 1.7 1553.3620461856617 899.1045243667436 4831.56005859375 0.618896484375 777.8766147158984 663
340 0.4 804.0575561523438 801.3844032488875 4831.56005859375 0.618896484375 797.2637505026424 680
350 0.8 1070.9090270996094 1066.9343475785843 4831.56005859375 0.618896484375 797.303480360243 684
360 1.3 1312.0457481971155 1419.2039012557482 4831.56005859375 0.618896484375 800.4665502647445 692
370 1.8 1175.6018473307292 1476.5131198926765 4831.56005859375 0.618896484375 809.8999255457668 705
380 1.5 2530.0207356770834 1007.22276490878 4831.56005859375 0.618896484375 819.0045377063883 723
390 0.9 2268.6821017795137 516.5328500695658 4831.56005859375 0.618896484375 853.7812896976626 738
400 0.5 1590.34384765625 214.2659942394884 4831.56005859375 0.618896484375 870.8282874335886 747
410 0.2 1577.442626953125 33.8095703125 4831.56005859375 0.618896484375 875.6123004669839 752
420 0.2 868.2906494140625 133.1275634765625 4831.56005859375 0.618896484375 877.4739193701301 754
430 0 0 0 4831.56005859375 0.618896484375 877.449625005167 756
440 0 0 0 4831.56005859375 0.618896484375 877.449625005167 756
450 0 0 0 4831.56005859375 0.618896484375 877.449625005167 756
460 0 0 0 4831.56005859375 0.618896484375 877.449625005167 756
470 0 0 0 4831.56005859375 0.618896484375 877.449625005167 756
480 0 0 0 4831.56005859375 0.618896484375 877.449625005167 756
490 0 0 0 4831.56005859375 0.618896484375 877.449625005167 756
500 0 0 0 4831.56005859375 0.618896484375 877.449625005167 756
510 0 0 0 4831.56005859375 0.618896484375 877.449625005167 756
520 0 0 0 4831.56005859375 0.618896484375 877.449625005167 756
522 0 0 0 4831.56005859375 0.618896484375 877.449625005167 756
