20 0.2 8.9339599609375 0.3089599609375 9.242919921875 8.625 0 0
30 0.5 18.2759765625 12.886453318896201 40.504150390625 8.331787109375 8.9339599609375 2
40 1.1 23.737526633522727 20.207869641821258 67.942138671875 7.60498046875 15.606828962053571 7
50 0.5 8.0419921875 0.36819864206804453 67.942138671875 7.52197265625 20.57558865017361 18
60 0.6 31.984700520833332 27.504129497345193 74.580810546875 7.52197265625 17.850893766983695 23
70 0.5 33.82197265625 24.068123375069074 74.580810546875 7.52197265625 20.775129647090516 29
80 0.4 61.35406494140625 35.64384733923526 97.296142578125 7.52197265625 22.693783030790442 34
90 0.5 127.7755859375 129.50128550456648 361.342041015625 7.52197265625 26.76328638980263 38
100 0.3 44.288004557291664 37.62667621601191 361.342041015625 7.52197265625 38.50890261627907 43
110 0.8 248.88278198242188 151.60923360645978 416.343994140625 7.52197265625 38.88580056895381 46
120 0.8 574.8192749023438 181.5946179838313 816.51416015625 7.52197265625 69.99646448206019 54
130 1.2 1645.1574300130208 336.7867441517064 2112.16796875 7.52197265625 135.1348916330645 62
140 1.3 2279.9754356971152 1357.4605454428693 3709.33203125 0.713134765625 380.00341137035474 74
150 2 1969.297314453125 1789.5716186343902 3904.504150390625 0.69189453125 663.9072770743535 87
160 4.1 1330.1742330411587 1379.4225999166833 3904.504150390625 0.680908203125 907.9054149021612 107
170 4.3 965.7399277797965 1330.879217749026 3904.504150390625 0.680908203125 1024.885290197424 148
180 5.5 572.7702015269886 1026.7766412549067 3904.504150390625 0.680908203125 1011.5698421138743 191
190 9 480.94976128472246 826.4953641873545 3904.504150390625 0.680908203125 913.4642314135543 246
200 9.4 470.2377046625664 917.6820520044041 3904.504150390625 0.621826171875 797.6121412004743 336
210 7.6 505.71231560958057 908.1694884961867 3904.504150390625 0.621826171875 726.0465667014898 430
220 7.1 493.0534599196743 839.2746407768552 3904.504150390625 0.621826171875 692.9528847193059 506
230 8.5 742.157706227022 1271.2150006039537 8526.324951171875 0.621826171875 668.3552085307897 577
240 7.1 552.1866541043133 899.2499312663257 8526.324951171875 0.621826171875 677.8313600476775 662
250 7 745.3484549386161 966.9642179998987 8526.324951171875 0.621826171875 665.6611361432044 733
260 7 468.32476632254463 909.1784296714768 8526.324951171875 0.621826171875 672.6077268227547 803
270 6.9 382.709086984828 780.7621913340676 8526.324951171875 0.621826171875 656.2276498067012 873
280 7.4 473.0320385082348 766.7847001165782 8526.324951171875 0.621826171875 636.1928506191117 942
290 8.8 578.9907836914065 851.533389747803 8526.324951171875 0.621826171875 624.3090906819021 1016
300 6.5 731.479766376202 920.8378400652975 8526.324951171875 0.621826171875 620.6967618638191 1104
310 7 384.8107666015625 684.796385397659 8526.324951171875 0.621826171875 626.8566380770825 1169
320 4.3 2380.3165481922238 9675.949532154387 64718.200927734375 0.621826171875 613.1817300841153 1239
330 3.4 1108.17482622932 677.3521350804307 64718.200927734375 0.621826171875 672.4538027663685 1282
340 0.9 1098.905490451389 383.99193003681813 64718.200927734375 0.621826171875 683.711032855837 1316
350 1.8 1100.98291015625 811.5035853735505 64718.200927734375 0.621826171875 686.5312216244105 1325
360 3.1 786.520499936996 1054.136355052933 64718.200927734375 0.621826171875 692.0860469360807 1343
370 4 1295.4557617187502 1237.762523260392 64718.200927734375 0.621826171875 694.2166641435249 1374
380 3.6 1715.251024034288 938.7647337678969 64718.200927734375 0.621826171875 711.2248422927534 1414
390 2.4 1967.3539021809893 619.7934756603657 64718.200927734375 0.621826171875 736.1523888739224 1450
400 0.2 1158.2869873046875 50.3800048828125 64718.200927734375 0.621826171875 756.1990892262763 1474
410 0.1 651.149169921875 0.0 64718.200927734375 0.621826171875 756.743923776518 1476
420 0.5 403.708544921875 124.7770223288192 64718.200927734375 0.621826171875 756.672431052175 1477
430 0 0 0 64718.200927734375 0.621826171875 755.4815947291983 1482
440 0 0 0 64718.200927734375 0.621826171875 755.4815947291983 1482
450 0 0 0 64718.200927734375 0.621826171875 755.4815947291983 1482
460 0 0 0 64718.200927734375 0.621826171875 755.4815947291983 1482
470 0 0 0 64718.200927734375 0.621826171875 755.4815947291983 1482
480 0 0 0 64718.200927734375 0.621826171875 755.4815947291983 1482
490 0 0 0 64718.200927734375 0.621826171875 755.4815947291983 1482
500 0 0 0 64718.200927734375 0.621826171875 755.4815947291983 1482
510 0 0 0 64718.200927734375 0.621826171875 755.4815947291983 1482
520 0 0 0 64718.200927734375 0.621826171875 755.4815947291983 1482
522 0 0 0 64718.200927734375 0.621826171875 755.4815947291983 1482
