50 0.6 20.4178466796875 14.568301950199956 49.822998046875 10.64501953125 0 0
60 0.2 11.435546875 0.71142578125 49.822998046875 10.64501953125 20.4178466796875 6
70 0.5 56.164501953125 48.38188952797109 140.97705078125 10.64501953125 18.172271728515625 8
80 0.6 71.89436848958333 35.54504733397674 140.97705078125 10.64501953125 32.78466796875 13
90 0.5 98.80361328125 131.76372061197443 359.8330078125 10.64501953125 45.135099712171055 19
100 0.2 51.9365234375 11.613525390625 359.8330078125 10.64501953125 56.3160400390625 24
110 0.7 289.80262974330356 179.32932755620948 455.2529296875 10.589111328125 55.97915414663461 26
120 0.5 610.495654296875 246.79678996420782 825.822021484375 10.589111328125 105.5780732125947 33
130 0.3 1444.425048828125 466.466481666206 1776.93212890625 10.589111328125 172.01459703947367 38
140 0.2 2651.5216064453125 590.8834228515625 3242.405029296875 10.589111328125 265.1178008288872 41
150 0.5 698.84560546875 1385.4589556813871 3469.758056640625 1.90087890625 376.11332667151163 43
160 0.7 1105.011997767857 1279.3875637420604 3469.758056640625 0.946044921875 409.7312723795573 48
170 0.8 1702.7859802246094 1342.350339299972 3469.758056640625 0.946044921875 498.2215465198864 55
180 1 489.76201171875 972.8814390705144 3469.758056640625 0.796875 651.1821095300099 63
190 2.6 681.8661827674279 928.5243230104688 3469.758056640625 0.711181640625 629.0697673640839 73
200 4.1 745.4238400342988 1085.586928911205 3469.758056640625 0.711181640625 642.9354926215278 99
210 4.5 441.56443684895834 870.2711517815319 3469.758056640625 0.69580078125 672.9499372209822 140
220 5.4 612.3420636212385 981.5486797060694 3469.758056640625 0.684814453125 616.6669776710304 185
230 8 461.9324493408203 835.4854244820436 3469.758056640625 0.684814453125 615.689800438023 239
240 7.1 776.8793670224471 1576.33221301221 11584.114990234375 0.684814453125 577.1299631722668 319
250 7.7 328.6356724330357 672.8745623862313 11584.114990234375 0.672119140625 613.4945982321714 390
260 6.7 607.8705471665115 1051.9170036769221 11584.114990234375 0.670166015625 566.526424171072 467
270 9.4 1275.9102627368677 6775.798585048028 66056.12915039063 0.660888671875 571.7137954083274 534
280 7.1 459.9756375165053 747.5584552070338 66056.12915039063 0.660888671875 677.1189991167396 628
290 6.7 470.32310371968293 772.128200864244 66056.12915039063 0.6240234375 655.0629495121378 699
300 7.3 640.8126304312929 821.036062229568 66056.12915039063 0.6240234375 638.9042423736333 766
310 8.6 478.4995486237282 721.2361315833615 66056.12915039063 0.6240234375 639.0702880568385 839
320 5.9 707.3276863744702 948.6261893561891 66056.12915039063 0.6240234375 624.1415490392736 925
330 7.1 1024.9600537797098 668.6205349445397 66056.12915039063 0.6240234375 629.1293357290873 984
340 7.1 883.1384414887764 537.3151151953541 66056.12915039063 0.6240234375 655.768180261404 1055
350 7 828.6570138113839 773.6762992180816 66056.12915039063 0.6240234375 670.1050262180146 1126
360 4.2 573.9168817429314 956.6923670184623 66056.12915039063 0.6240234375 679.3848248229776 1196
370 3.6 1155.1757880316845 1216.877871528221 66056.12915039063 0.6240234375 675.8067524406174 1238
380 2.9 1558.9537732354527 983.9529228246781 66056.12915039063 0.6240234375 689.3525022689364 1274
390 2.2 1675.4685613458807 628.2475256014374 66056.12915039063 0.6240234375 708.7066364654283 1303
400 2.4 1148.9263712565105 136.8057455252818 66056.12915039063 0.6240234375 724.758532576651 1325
410 3.9 682.7826021634615 218.61404791606944 66056.12915039063 0.6240234375 732.304884043157 1349
420 3.4 241.84102855009192 152.560852166778 66056.12915039063 0.6240234375 730.9134078231945 1388
430 2.8 13.256731305803573 13.201172623286082 66056.12915039063 0.6240234375 719.2196941134297 1422
440 1.7 16.403406479779413 15.759959700398207 66056.12915039063 0.6240234375 705.58730586611 1450
450 0.6 11.652180989583334 1.803820032293644 66056.12915039063 0.6240234375 697.6008530443188 1467
460 0.4 16.1995849609375 11.271520231510836 66056.12915039063 0.6240234375 694.80676476711 1473
470 0.2 15.844482421875 3.89453125 66056.12915039063 0.6240234375 692.9689660404854 1477
480 0.2 47.0064697265625 20.2845458984375 66056.12915039063 0.6240234375 692.0533142708862 1479
490 0 0 0 66056.12915039063 0.6240234375 691.1822179244388 1481
500 0 0 0 66056.12915039063 0.6240234375 691.1822179244388 1481
510 0.1 5.23193359375 0.0 66056.12915039063 0.6240234375 691.1822179244388 1481
520 0 0 0 66056.12915039063 0.6240234375 690.7193634815706 1482
522 0 0 0 66056.12915039063 0.6240234375 690.7193634815706 1482
