20 0.1 11.05078125 0 11.05078125 11.05078125 0 0
30 0.6 12.1126708984375 5.310684228046563 23.841796875 8.97509765625 11.05078125 1
40 0.9 23.317735460069443 13.096078194855048 52.7138671875 8.93017578125 11.960972377232142 7
50 0.7 22.52734375 14.980764755646888 52.7138671875 8.93017578125 18.349151611328125 16
60 0.5 26.849267578125 22.08298225216126 64.51318359375 8.907958984375 19.620775305706523 23
70 0.4 41.975341796875 34.34304833107578 98.962158203125 8.907958984375 20.911577497209823 28
80 0.6 60.9320068359375 96.18019964617172 275.416015625 8.907958984375 23.54454803466797 32
90 0.4 78.99273681640625 76.58535420834235 275.416015625 8.907958984375 29.447831003289473 38
100 0.4 70.28631591796875 20.483060467538238 275.416015625 8.907958984375 34.16639346168155 42
110 0.6 190.32218424479166 147.29345866081724 441.279052734375 8.907958984375 37.3072562839674 46
120 0.7 681.0017438616071 237.89524406730501 950.882080078125 8.907958984375 54.96282489483173 52
130 0.8 1363.0950927734375 366.3093428582078 1902.475830078125 8.907958984375 129.23862884004237 59
140 1.3 2703.820744441106 983.7899791904359 3946.5771484375 0.926025390625 276.5647737873134 67
150 1.6 2008.3479309082031 1787.590142076622 3981.373046875 0.681884765625 670.9938690185547 80
160 3.8 1362.536197060033 1375.8949902376587 3981.373046875 0.681884765625 893.8862126668295 96
170 3.9 979.4597919170673 1390.9969549189059 3981.373046875 0.671875 1026.7869545096783 134
180 6.1 469.2005755315062 940.0815290956225 3981.373046875 0.671875 1016.1178253703034 173
190 7.9 428.2170410156249 766.5581011361915 3981.373046875 0.657958984375 873.5453798995059 234
200 9.1 436.5605978494162 897.1035671207985 3981.373046875 0.657958984375 761.1462144943091 313
210 8 319.5250518798828 706.3598061136166 3981.373046875 0.626953125 688.0341077747911 404
220 7.8 590.6213973607775 908.2392728405205 3981.373046875 0.626953125 627.1235200235666 484
230 7.9 484.21794031843353 831.8101333946372 3981.373046875 0.626953125 622.0573891201901 562
240 7.6 410.882677580181 800.9600489526119 3981.373046875 0.626953125 605.069375929334 641
250 7 465.9477957589286 819.2090469465999 3981.373046875 0.626953125 584.4861275687542 717
260 6.6 420.27207253196025 744.0448459964242 3981.373046875 0.626953125 573.9426927190874 787
270 6.5 685.0508976862981 974.8325657373491 3981.373046875 0.626953125 562.0525861160975 853
280 7.6 593.6904971474096 797.1222605139769 3981.373046875 0.626953125 570.7616168917652 918
290 8.8 809.067646373402 897.0528453080418 3981.373046875 0.626953125 572.5147304726797 994
300 6.8 657.344575769761 904.1932928782331 3981.373046875 0.626953125 591.753784630964 1082
310 7.2 612.9566107855903 831.980990425933 3981.373046875 0.626953125 595.6321966287363 1150
320 4.9 628.5497548628824 875.5971730090849 3981.373046875 0.626953125 596.6529477083545 1222
330 3.3 1206.8621123342803 583.3597239667399 3981.373046875 0.626953125 597.8826436568769 1271
340 1.9 1079.2187243009869 472.0575655652025 3981.373046875 0.626953125 613.2939338918112 1304
350 1.2 697.4007975260416 700.6186368721675 3981.373046875 0.626953125 619.9852196195318 1323
360 2.7 1057.4815538194443 1111.1261867093647 3981.373046875 0.626953125 620.6810899827364 1335
370 3.6 1479.4502088758682 1182.822300749243 3981.373046875 0.626953125 629.3401300147416 1362
380 4.2 1368.144775390625 1093.2462635619154 3981.373046875 0.626953125 651.2313766806933 1398
390 2.6 1675.0540583683894 465.6944918695022 3981.373046875 0.626953125 672.141350809733 1440
400 0.9 999.4257541232639 81.4337148844304 3981.373046875 0.626953125 689.9283428946751 1466
410 0.2 689.8480224609375 5.5150146484375 3981.373046875 0.626953125 691.816801675053 1475
420 0.5 322.118896484375 94.47973526226632 3981.373046875 0.626953125 691.814135758717 1477
430 0 0 0 3981.373046875 0.626953125 690.5668508758752 1482
440 0 0 0 3981.373046875 0.626953125 690.5668508758752 1482
450 0 0 0 3981.373046875 0.626953125 690.5668508758752 1482
460 0 0 0 3981.373046875 0.626953125 690.5668508758752 1482
470 0 0 0 3981.373046875 0.626953125 690.5668508758752 1482
480 0 0 0 3981.373046875 0.626953125 690.5668508758752 1482
490 0 0 0 3981.373046875 0.626953125 690.5668508758752 1482
500 0 0 0 3981.373046875 0.626953125 690.5668508758752 1482
510 0 0 0 3981.373046875 0.626953125 690.5668508758752 1482
520 0 0 0 3981.373046875 0.626953125 690.5668508758752 1482
522 0 0 0 3981.373046875 0.626953125 690.5668508758752 1482
