0 0.1 3163.97265625 0 3163.97265625 3163.97265625 0 0
10 0.1 3164.21484375 0.0 3164.21484375 3163.97265625 3163.97265625 1
20 0.1 3160.19921875 0.0 3164.21484375 3160.19921875 3164.09375 2
30 0.1 3157.1953125 0.0 3164.21484375 3157.1953125 3162.7955729166665 3
40 0.1 3156.6015625 0.0 3164.21484375 3156.6015625 3161.3955078125 4
50 0.1 3150.19921875 0.0 3164.21484375 3150.19921875 3160.43671875 5
60 0.1 3149.359375 0.0 3164.21484375 3149.359375 3158.73046875 6
70 0.1 3148.890625 0.0 3164.21484375 3148.890625 3157.3917410714284 7
80 0.1 3146.01953125 0.0 3164.21484375 3146.01953125 3156.3291015625 8
90 0.1 3144.828125 0.0 3164.21484375 3144.828125 3155.18359375 9
100 0.1 3143.58984375 0.0 3164.21484375 3143.58984375 3154.148046875 10
110 0.1 3137.28125 0.0 3164.21484375 3137.28125 3153.1882102272725 11
120 0.1 3136.7734375 0.0 3164.21484375 3136.7734375 3151.8626302083335 12
130 0.1 3126.1875 0.0 3164.21484375 3126.1875 3150.701923076923 13
140 0.1 3113.12109375 0.0 3164.21484375 3113.12109375 3148.9508928571427 14
150 0.1 3089.8828125 0.0 3164.21484375 3089.8828125 3146.5622395833334 15
160 0.1 3085.63671875 0.0 3164.21484375 3085.63671875 3143.019775390625 16
170 0.1 3060.921875 0.0 3164.21484375 3060.921875 3139.6443014705883 17
180 0.1 3038.390625 0.0 3164.21484375 3038.390625 3135.2708333333335 18
190 0.1 3006.390625 0.0 3164.21484375 3006.390625 3130.171875 19
200 0.1 2961.953125 0.0 3164.21484375 2961.953125 3123.9828125 20
210 0.1 2937.546875 0.0 3164.21484375 2937.546875 3116.267113095238 21
220 0.1 2917.28125 0.0 3164.21484375 2917.28125 3108.143465909091 22
230 0.1 2895.2734375 0.0 3164.21484375 2895.2734375 3099.845108695652 23
240 0.1 2881.46484375 0.0 3164.21484375 2881.46484375 3091.3212890625 24
250 0.1 2891.16015625 0.0 3164.21484375 2881.46484375 3082.92703125 25
260 0.1 2904.6328125 0.0 3164.21484375 2881.46484375 3075.5513822115386 26
270 0.1 2955.125 0.0 3164.21484375 2881.46484375 3069.221064814815 27
280 0.1 2994.11328125 0.0 3164.21484375 2881.46484375 3065.1462053571427 28
290 0.1 3032.83203125 0.0 3164.21484375 2881.46484375 3062.6967941810344 29
300 0.1 3045.359375 0.0 3164.21484375 2881.46484375 3061.7013020833333 30
310 0.1 3047.19140625 0.0 3164.21484375 2881.46484375 3061.1741431451615 31
320 0.1 3067.7265625 0.0 3164.21484375 2881.46484375 3060.7371826171875 32
330 0.1 3068.484375 0.0 3164.21484375 2881.46484375 3060.948982007576 33
340 0.1 3068.54296875 0.0 3164.21484375 2881.46484375 3061.170611213235 34
350 0.1 3068.8671875 0.0 3164.21484375 2881.46484375 3061.38125 35
360 0.1 3068.93359375 0.0 3164.21484375 2881.46484375 3061.5891927083335 36
370 0.1 3068.9375 0.0 3164.21484375 2881.46484375 3061.7876900337837 37
380 0.1 3068.9765625 0.0 3164.21484375 2881.46484375 3061.9758429276317 38
389 0.1 3076.5 0.0 3164.21484375 2881.46484375 3062.1553485576924 39
