10 0.1 102 0 102 102 0 0
20 0.1 317.0 0.0 317 102 102.0 1
30 0.1 437.0 0.0 437 102 209.5 2
40 0.1 628.0 0.0 628 102 285.3333333333333 3
50 0.1 555.0 0.0 628 102 371.0 4
60 0.1 686.0 0.0 686 102 407.8 5
70 0.1 1134.0 0.0 1134 102 454.1666666666667 6
80 0.1 1041.0 0.0 1134 102 551.2857142857143 7
90 0.1 1034.0 0.0 1134 102 612.5 8
100 0.1 1610.0 0.0 1610 102 659.3333333333334 9
110 0.1 1799.0 0.0 1799 102 754.4 10
120 0.1 1946.0 0.0 1946 102 849.3636363636364 11
130 0.1 3120.0 0.0 3120 102 940.75 12
140 0.1 3551.0 0.0 3551 102 1108.3846153846155 13
150 0.1 4408.0 0.0 4408 102 1282.857142857143 14
160 0.1 6490.0 0.0 6490 102 1491.2 15
170 0.1 7076.0 0.0 7076 102 1803.625 16
180 0.1 8015.0 0.0 8015 102 2113.764705882353 17
190 0.1 7995.0 0.0 8015 102 2441.6111111111113 18
200 0.1 8719.0 0.0 8719 102 2733.8947368421054 19
210 0.1 10395.0 0.0 10395 102 3033.15 20
220 0.1 9528.0 0.0 10395 102 3383.714285714286 21
230 0.1 10570.0 0.0 10570 102 3663.0 22
240 0.1 11184.0 0.0 11184 102 3963.304347826087 23
250 0.1 11380.0 0.0 11380 102 4264.166666666667 24
260 0.1 12448.0 0.0 12448 102 4548.8 25
270 0.1 11209.0 0.0 12448 102 4852.615384615385 26
280 0.1 3108.0 0.0 12448 102 5088.037037037037 27
290 0.1 1093.0 0.0 12448 102 5017.321428571428 28
300 0.1 448.0 0.0 12448 102 4882.0 29
310 0.1 283.0 0.0 12448 102 4734.2 30
320 0.1 131.0 0.0 12448 102 4590.612903225807 31
330 0.1 42.0 0.0 12448 42 4451.25 32
340 0.1 1.0 0.0 12448 1 4317.636363636364 33
350 0.1 31.0 0.0 12448 1 4190.676470588235 34
360 0.1 2.0 0.0 12448 1 4071.8285714285716 35
370 0.1 1.0 0.0 12448 1 3958.777777777778 36
380 0.1 0.0 0.0 12448 0 3851.810810810811 37
389 0.1 24.0 0.0 12448 0 3750.4473684210525 38
