20 0.3 13880.794596354166 3544.5725797869272 16641.2138671875 8876.905029296875 0 0
30 0.5 24113.1169921875 5090.153933767873 28460.8310546875 8876.905029296875 13880.794596354166 3
40 0.2 33540.951904296875 2305.488037109375 35846.43994140625 8876.905029296875 20275.99609375 8
50 0.6 40201.880696614586 9294.37041437572 48487.448974609375 8876.905029296875 22928.987255859374 10
60 1.6 40248.44059753418 12956.125517217237 64712.631103515625 8876.905029296875 29406.322296142578 16
70 0.9 35863.70369466146 9769.222760784827 64712.631103515625 8876.905029296875 34827.38144683838 32
80 0.8 38303.10287475586 10751.165236390167 64712.631103515625 8876.905029296875 35054.86681831174 41
90 2 45136.592736816405 18572.415897834915 83389.81298828125 8876.905029296875 35585.19107242506 49
100 1.7 42804.53922047334 18634.347300891965 87792.90502929688 8876.905029296875 38353.71329398777 69
110 1.7 43122.89849494485 13905.759056328227 87792.90502929688 8876.905029296875 39233.52772131631 86
120 2 38851.598132324216 19837.623897908783 87792.90502929688 8876.905029296875 39875.46270337151 103
130 2.9 38718.67285998116 17862.09173940576 87792.90502929688 8876.905029296875 39708.98065929878 123
140 2.3 40489.00004245924 23850.573852558988 103358.205078125 8876.905029296875 39520.0403554816 152
150 4.8 38742.66766357421 12906.431252387585 103358.205078125 8876.905029296875 39647.389342912946 175
160 4.4 40177.03101695667 16409.52425275559 103358.205078125 8876.905029296875 39452.6510442212 223
170 4.7 45548.22322244847 15889.654647930107 103358.205078125 8876.905029296875 39572.02452287424 267
180 5.3 44147.565139482605 15799.913194847963 103358.205078125 8876.905029296875 40466.551079816876 314
190 3.2 52763.39863586426 18405.929871428667 103358.205078125 8876.905029296875 40998.14166609013 367
200 7.6 55185.73354620682 17848.676833379985 103358.205078125 8876.905029296875 41941.72117243793 399
210 8.1 54334.52287688079 17424.43312914021 111622.4189453125 8876.905029296875 44060.76315224096 475
220 10 54957.1911328125 17156.98309299478 111622.4189453125 8876.905029296875 45557.479946657906 556
230 15 56925.25255533854 18669.922373545636 113979.07202148438 8876.905029296875 46990.362749425374 656
240 17.6 61860.35177751021 17390.355884506826 113979.07202148438 8876.905029296875 48839.28765127026 806
250 22.2 67885.76366197738 19083.62348519995 141624.72900390625 8876.905029296875 51173.00179202202 982
260 30.9 71157.3906005069 13055.749803000488 141624.72900390625 8876.905029296875 54254.59077468821 1204
270 19.9 76510.32063147769 12392.786672498987 141624.72900390625 8876.905029296875 57706.649694832275 1513
280 6.7 83496.23176961872 9731.648744665525 141624.72900390625 8876.905029296875 59892.35677216431 1712
290 3.5 92807.22345842634 10464.483791436405 141624.72900390625 8876.905029296875 60781.31665121402 1779
300 1.9 101319.0956902755 8863.5646662373 141624.72900390625 8876.905029296875 61399.23657307314 1814
310 1.1 113410.57532848012 8980.963942281562 141624.72900390625 8876.905029296875 61813.02671122199 1833
320 0.2 133474.51110839844 4761.0050048828125 141624.72900390625 8876.905029296875 62120.82119863514 1844
330 0.1 126399.23583984375 0.0 141624.72900390625 8876.905029296875 62198.127471560125 1846
340 0.1 143638.35278320313 0.0 143638.35278320313 8876.905029296875 62232.88714041139 1847
350 0 0 0 143638.35278320313 8876.905029296875 62276.93771705792 1848
360 0 0 0 143638.35278320313 8876.905029296875 62276.93771705792 1848
370 0 0 0 143638.35278320313 8876.905029296875 62276.93771705792 1848
380 0 0 0 143638.35278320313 8876.905029296875 62276.93771705792 1848
389 0.1 207206.876953125 0.0 207206.876953125 8876.905029296875 62276.93771705792 1848
