0 34.28125 34.28125
10 144.0953125 178.3765625
20 209.7171875 388.09375
30 295.07734375 683.17109375
40 331.89453125 1015.065625
50 322.83046875 1337.89609375
60 652.425 1990.32109375
70 599.84609375 2590.1671875
80 488.49375 3078.6609375
90 885.62890625 3964.28984375
100 949.7734375 4914.06328125
110 951.7546875 5865.81796875
120 1586.90703125 7452.725
130 1584.28671875 9037.01171875
140 2089.9875 11126.99921875
150 2347.2515625 13474.25078125
160 2732.4703125 16206.72109375
170 2680.59296875 18887.3140625
180 2503.09375 21390.4078125
190 2686.84296875 24077.25078125
200 2975.68515625 27052.9359375
210 3031.459375 30084.3953125
220 2957.4859375 33041.88125
230 2915.5140625 35957.3953125
240 3419.59765625 39376.99296875
250 3606.725 42983.71796875
260 3927.66015625 46911.378125
270 2455.55 49366.928125
280 812.87265625 50179.80078125
290 351.59296875 50531.39375
300 158.1859375 50689.5796875
310 127.88125 50817.4609375
320 64.0515625 50881.5125
330 1.978125 50883.490625
340 22.7390625 50906.2296875
350 0 50906.2296875
360 0 50906.2296875
370 0 50906.2296875
380 0 50906.2296875
389 67.8875 50974.1171875
