0 0.2 497.323974609375 395.450927734375 892.77490234375 101.873046875 0 0
10 0.8 405.9403076171875 491.5583975850524 1677.360107421875 100.14501953125 497.323974609375 2
20 0.5 150.21181640625 70.27876756499775 1677.360107421875 92.30908203125 424.217041015625 10
30 0.7 121.11286272321429 49.690850835115995 1677.360107421875 92.096923828125 332.88196614583336 15
40 0.7 114.51942661830357 32.1176577076352 1677.360107421875 92.096923828125 265.50088778409093 22
50 0.6 246.25638834635416 256.69364785529143 1677.360107421875 92.096923828125 229.05708681303884 29
60 0.8 128.11453247070313 38.783528394812414 1677.360107421875 92.096923828125 232.0055385044643 35
70 0.7 148.94866071428572 49.976152110307915 1677.360107421875 92.096923828125 212.67697924236919 43
80 0.9 102.60281032986111 6.9534487001928005 1677.360107421875 89.447998046875 203.7550146484375 50
90 1.5 164.65799153645833 101.3141561767719 1677.360107421875 89.447998046875 188.32501737950213 59
100 1.6 158.538818359375 94.06028007916709 1677.360107421875 89.447998046875 183.52764727618242 74
110 2.4 174.0029703776042 84.85901273526079 1677.360107421875 89.447998046875 179.08518880208334 90
120 2.6 468.44973520132214 836.9646971803652 3438.461181640625 87.8291015625 178.01524808114036 114
130 3.5 434.3767647879464 848.0113218330932 4131.550048828125 87.8291015625 231.95308140345983 140
140 5 216.5001318359375 153.48777978862276 4131.550048828125 87.8291015625 272.43781808035715 175
150 4.3 713.5208484738372 785.4493273894648 5254.867919921875 87.8291015625 260.0072211371528 225
160 7.1 561.1084259463029 325.9558378285581 5254.867919921875 87.8291015625 332.7724673143074 268
170 7.5 1028.9554134114583 324.1086850473872 5254.867919921875 87.8291015625 380.5950427210085 339
180 6.2 1866.150382749496 710.113386760009 5254.867919921875 87.8291015625 498.0516316142059 414
190 13.1 2758.3783322399804 1516.4697206346068 5254.867919921875 1.39404296875 676.2493681066177 476
200 16.4 2046.4320127905876 2001.0471010235062 5254.867919921875 1.39404296875 1125.6050424088755 607
210 13.8 2275.275710838429 1924.9746419272624 5254.867919921875 1.39404296875 1321.4748519323525 771
220 1.2 4084.3057250976563 273.65188214053245 5254.867919921875 1.39404296875 1466.2763024593476 909
230 0.1 3906.60498046875 0.0 5254.867919921875 1.39404296875 1500.3874350018662 921
240 0 0 0 5254.867919921875 1.39404296875 1502.9972154199431 922
250 0 0 0 5254.867919921875 1.39404296875 1502.9972154199431 922
260 0 0 0 5254.867919921875 1.39404296875 1502.9972154199431 922
270 0 0 0 5254.867919921875 1.39404296875 1502.9972154199431 922
280 0 0 0 5254.867919921875 1.39404296875 1502.9972154199431 922
290 0 0 0 5254.867919921875 1.39404296875 1502.9972154199431 922
300 0 0 0 5254.867919921875 1.39404296875 1502.9972154199431 922
310 0 0 0 5254.867919921875 1.39404296875 1502.9972154199431 922
320 0 0 0 5254.867919921875 1.39404296875 1502.9972154199431 922
330 0 0 0 5254.867919921875 1.39404296875 1502.9972154199431 922
340 0 0 0 5254.867919921875 1.39404296875 1502.9972154199431 922
350 0 0 0 5254.867919921875 1.39404296875 1502.9972154199431 922
360 0 0 0 5254.867919921875 1.39404296875 1502.9972154199431 922
370 0 0 0 5254.867919921875 1.39404296875 1502.9972154199431 922
380 0 0 0 5254.867919921875 1.39404296875 1502.9972154199431 922
389 0 0 0 5254.867919921875 1.39404296875 1502.9972154199431 922
