20 0.4 71.8145751953125 10.652119393218957 83.58203125 55.3271484375 0 0
30 0.2 63.5009765625 0.81298828125 83.58203125 55.3271484375 71.8145751953125 4
40 0.2 58.1224365234375 1.2076416015625 83.58203125 55.3271484375 69.04337565104167 6
50 0.3 71.90006510416667 10.734495798684009 83.58203125 55.3271484375 66.31314086914063 8
60 0.5 107.385009765625 42.75740559553524 184.260009765625 55.3271484375 67.83684747869319 11
70 0.2 81.360107421875 7.282958984375 184.260009765625 55.3271484375 80.19564819335938 16
80 0.3 92.86726888020833 53.389441604729804 184.260009765625 52.77685546875 80.32503255208333 18
90 0.6 101.57413736979167 32.08722979707944 184.260009765625 52.77685546875 82.11678059895833 21
100 0.7 103.2734375 55.17532209673593 202.530029296875 51.619140625 86.44063765914352 27
110 0.7 113.43464006696429 61.67858325459726 206.1181640625 51.619140625 89.9062140969669 34
120 0.9 194.632080078125 141.92643170595045 410.5087890625 51.619140625 93.92326243330793 41
130 0.6 160.59159342447916 43.065667233728085 410.5087890625 51.619140625 112.050849609375 50
140 1.5 164.190087890625 90.77980292820065 449.233154296875 51.619140625 117.25164358956474 56
150 2.3 397.21880307404894 284.63472236355364 1020.218994140625 51.619140625 127.16821632922536 71
160 1.7 446.9443359375 210.4174932176485 1020.218994140625 51.619140625 193.24442372423536 94
170 2.4 781.6764933268229 343.5549187984914 1282.01904296875 51.619140625 232.099365234375 111
180 2.1 1605.2278645833333 645.9424479663837 2949.22509765625 51.619140625 329.80196578414353 135
190 2.5 2391.231962890625 1523.3181151191627 4312.119873046875 1.72216796875 501.49391369941907 156
200 3.9 1896.0896872495994 1856.8243341255363 4406.157958984375 1.411865234375 762.5074564053867 181
210 4.7 1602.7354242852393 1737.1688715421387 4406.157958984375 1.411865234375 963.4606700550427 220
220 8.4 2096.2112107049834 1091.5136887582864 4406.157958984375 1.411865234375 1075.9921810993094 267
230 7.7 2030.5141886921672 817.7128688070685 4406.157958984375 1.411865234375 1320.1471625434024 351
240 6.9 1773.131786401721 341.8644266771726 4406.157958984375 1.411865234375 1447.946837808484 428
250 4.1 1516.2504346894054 323.53355491520995 4406.157958984375 1.411865234375 1493.0932391222332 497
260 2.4 964.7536824544271 367.4863481700027 4406.157958984375 1.411865234375 1494.8580068141553 538
270 1.2 272.22865804036456 329.9608816773924 4406.157958984375 1.411865234375 1472.22009972406 562
280 0.3 63.983642578125 9.945091187161506 4406.157958984375 1.411865234375 1447.1331706296273 574
290 0.2 45.5340576171875 38.4119873046875 4406.157958984375 1.411865234375 1439.941751939585 577
300 0.1 9.037841796875 0.0 4406.157958984375 1.411865234375 1435.1251450507339 579
310 0 0 0 4406.157958984375 1.411865234375 1432.6663738382272 580
320 0 0 0 4406.157958984375 1.411865234375 1432.6663738382272 580
330 0 0 0 4406.157958984375 1.411865234375 1432.6663738382272 580
340 0.1 75.965087890625 0.0 4406.157958984375 1.411865234375 1432.6663738382272 580
350 0 0 0 4406.157958984375 1.411865234375 1430.3312597488166 581
360 0 0 0 4406.157958984375 1.411865234375 1430.3312597488166 581
370 0 0 0 4406.157958984375 1.411865234375 1430.3312597488166 581
380 0 0 0 4406.157958984375 1.411865234375 1430.3312597488166 581
389 0 0 0 4406.157958984375 1.411865234375 1430.3312597488166 581
