30 0.2 23.9549560546875 4.3489990234375 28.303955078125 19.60595703125 0 0
40 0 0 0 28.303955078125 19.60595703125 23.9549560546875 2
50 0.5 177.034814453125 323.56648678542655 824.1669921875 14.632080078125 23.9549560546875 2
60 1 17.222509765625 6.197130001782992 824.1669921875 12.829833984375 133.29771205357142 7
70 0.2 14.5306396484375 0.4925537109375 824.1669921875 12.829833984375 65.01818129595588 17
80 0.6 14.519856770833334 0.6725270658117806 824.1669921875 12.829833984375 59.703703227796055 19
90 0.9 42.132242838541664 71.8144079857214 824.1669921875 11.69384765625 48.859580078125 25
100 0.5 24.850048828125 25.438969449426697 824.1669921875 10.693115234375 47.0788143382353 34
110 1 24.8072021484375 13.92109609368695 824.1669921875 10.693115234375 44.22897260616987 39
120 0.8 27.95501708984375 14.944080421518334 824.1669921875 10.693115234375 40.265345982142854 49
130 0.9 59.02015516493056 128.92465357373976 824.1669921875 10.693115234375 38.53758052357456 57
140 1.3 50.64218374399039 30.318115771243107 824.1669921875 10.693115234375 41.33065888375947 66
150 2.2 154.38432173295453 190.2997521506503 824.1669921875 10.693115234375 42.86293512658228 79
160 2 201.32003173828124 191.0146944498167 824.1669921875 10.693115234375 67.15472230816832 101
170 3.6 526.2956339518229 297.39304585279194 1144.440185546875 10.693115234375 89.33080651149277 121
180 2.9 1299.8641736260777 748.4731707889191 2832.1689453125 10.693115234375 189.52656312201432 157
190 2.2 1806.8908358487215 1442.9206231117641 4000.445068359375 2.340087890625 362.6437174479167 186
200 3.3 1524.0909608783145 1670.56467548345 4000.445068359375 1.867919921875 515.4006242018479 208
210 4.7 2054.03312520778 1560.1303616136179 4000.445068359375 1.867919921875 653.5200478961359 241
220 6.4 2066.7090988159175 1119.5600921739265 4000.445068359375 1.781005859375 882.076001485189 288
230 5.8 1768.9443106815734 771.1873955750295 4000.445068359375 1.781005859375 1097.4638373635032 352
240 9.5 1609.0354158100336 298.66860113107674 4000.445068359375 1.781005859375 1192.4537579792302 410
250 12.3 1259.7379180163869 336.41107677912146 4000.445068359375 1.781005859375 1270.8206045018565 505
260 13.3 764.7864687353149 309.6843506766141 4000.445068359375 1.781005859375 1268.6499509386197 628
270 9.6 186.58925628662107 227.84404407177064 4000.445068359375 1.781005859375 1180.5897102907359 761
280 4.1 32.52260980373475 61.8091369676321 4000.445068359375 1.781005859375 1069.2431016741723 857
290 1.8 20.48859320746528 31.862082040566946 4000.445068359375 1.781005859375 1021.9095380141634 898
300 0.4 13.97076416015625 4.94749849037224 4000.445068359375 1.781005859375 1002.2309604961279 916
310 0.1 15.14306640625 0.0 4000.445068359375 1.781005859375 997.9341770337976 920
320 0.1 12.7451171875 0.0 4000.445068359375 1.781005859375 996.8670857084691 921
330 0 0 0 4000.445068359375 1.781005859375 995.7997083022641 922
340 0 0 0 4000.445068359375 1.781005859375 995.7997083022641 922
350 0 0 0 4000.445068359375 1.781005859375 995.7997083022641 922
360 0 0 0 4000.445068359375 1.781005859375 995.7997083022641 922
370 0 0 0 4000.445068359375 1.781005859375 995.7997083022641 922
380 0 0 0 4000.445068359375 1.781005859375 995.7997083022641 922
389 0 0 0 4000.445068359375 1.781005859375 995.7997083022641 922
