10 0.6 105.6724853515625 73.4261170179169 263.473876953125 46.89501953125 0 0
20 0.4 18.12371826171875 5.455446632727736 263.473876953125 13.078857421875 105.6724853515625 6
30 0.5 27.85400390625 24.066678828729938 263.473876953125 12.7880859375 70.652978515625 10
40 0.9 38.343668619791664 57.5144681524318 263.473876953125 11.05810546875 56.386653645833334 15
50 0.4 13.71124267578125 0.48176914721700803 263.473876953125 11.05810546875 49.62053426106771 24
60 0.7 18.734723772321427 8.688147467665921 263.473876953125 11.05810546875 44.490635463169646 28
70 1.3 20.870812049278847 10.961593931137566 263.473876953125 10.898193359375 39.339453125 35
80 0.5 13.8484375 1.3345319025850726 263.473876953125 10.898193359375 34.33752950032552 48
90 0.9 20.73779296875 13.111589664759075 263.473876953125 10.898193359375 32.40459629274764 53
100 1.4 17.845703125000004 7.842086058603253 263.473876953125 10.898193359375 30.711028068296372 62
110 1.8 52.244723849826386 104.63453457848485 395.2919921875 10.898193359375 28.341099789268092 76
120 2.6 48.89628718449519 57.25228625714145 395.2919921875 10.898193359375 32.91838950299202 94
130 2.8 68.76738630022321 106.68475544519704 434.615966796875 10.739013671875 36.38026733398438 120
140 3.9 66.19194461137819 109.13120050076641 584.947021484375 10.739013671875 42.50756011138091 148
150 4.5 193.38172200520833 290.47690301781876 1241.3388671875 10.739013671875 47.4470841514873 187
160 5.9 190.97431971663136 163.56650498804814 1241.3388671875 10.739013671875 75.75337166621767 232
170 7 485.5148158482143 242.1520264974456 1348.114013671875 10.739013671875 99.11431989637028 291
180 4.8 1207.4412231445313 702.7042194672955 2656.863037109375 10.739013671875 174.03962382055056 361
190 5.9 2333.318297305349 1409.4595893381647 4328.802978515625 3.02685546875 295.3190291201864 409
200 12.9 1536.0850442102712 1703.8930454447313 4328.802978515625 1.571044921875 552.2462872888287 468
210 16.5 1730.7592255563447 1651.0909884228101 4328.802978515625 1.48779296875 764.8345613974822 597
220 11.9 2010.9209312631297 1188.6259258453879 4328.802978515625 1.48779296875 973.9914768649525 762
230 3.4 1818.0056295955883 817.2752000737706 4328.802978515625 1.48779296875 1114.0534576519935 881
240 0.6 1253.0914713541667 578.8777377121913 4328.802978515625 1.48779296875 1140.211243276127 915
250 0.1 1985.369873046875 0.0 4328.802978515625 1.48779296875 1140.9466193548114 921
260 0 0 0 4328.802978515625 1.48779296875 1141.8624797167333 922
270 0 0 0 4328.802978515625 1.48779296875 1141.8624797167333 922
280 0 0 0 4328.802978515625 1.48779296875 1141.8624797167333 922
290 0 0 0 4328.802978515625 1.48779296875 1141.8624797167333 922
300 0 0 0 4328.802978515625 1.48779296875 1141.8624797167333 922
310 0 0 0 4328.802978515625 1.48779296875 1141.8624797167333 922
320 0 0 0 4328.802978515625 1.48779296875 1141.8624797167333 922
330 0 0 0 4328.802978515625 1.48779296875 1141.8624797167333 922
340 0 0 0 4328.802978515625 1.48779296875 1141.8624797167333 922
350 0 0 0 4328.802978515625 1.48779296875 1141.8624797167333 922
360 0 0 0 4328.802978515625 1.48779296875 1141.8624797167333 922
370 0 0 0 4328.802978515625 1.48779296875 1141.8624797167333 922
380 0 0 0 4328.802978515625 1.48779296875 1141.8624797167333 922
389 0 0 0 4328.802978515625 1.48779296875 1141.8624797167333 922
