40 0.8 13.801116943359375 1.6526513137515544 16.696044921875 12.22705078125 0 0
50 0 0 0 16.696044921875 12.22705078125 13.801116943359375 8
60 2.8 16.770595005580358 8.181556709871664 51.5390625 11.70703125 13.801116943359375 8
70 2.8 18.214477539062496 12.211377318288662 72.953857421875 11.427001953125 16.11071099175347 36
80 0.8 24.595703125 16.933012897160644 72.953857421875 11.427001953125 17.031108856201172 64
90 3.2 23.470474243164063 13.873068560559231 72.953857421875 9.632080078125 17.871619330512154 72
100 3.7 21.57447608741554 21.762966090181152 108.75390625 9.632080078125 19.59434391902043 104
110 1.1 26.533025568181817 26.1936204546695 108.75390625 9.632080078125 20.1139530695922 141
120 8 24.067395019531254 20.006817425061847 108.75390625 9.632080078125 20.5784912109375 152
130 4 80.11865844726563 116.97583587125634 668.43896484375 9.632080078125 21.781561489762932 232
140 6.4 36.06345367431639 36.33030112557141 668.43896484375 9.632080078125 30.360546336454505 272
150 7.3 90.78301249464899 100.23109803560139 668.43896484375 9.632080078125 31.446814400809153 336
160 7.7 150.98607130174514 138.03352538815776 683.7841796875 9.632080078125 42.03738276474633 409
170 5.1 358.56598498774497 316.03725273288563 1420.036865234375 9.632080078125 59.29880049591692 486
180 2.8 1221.3533848353795 638.476039101864 2530.9970703125 9.632080078125 87.72082360407936 537
190 2.6 2015.5824068509614 1495.2089799295968 4233.12890625 1.47900390625 143.90084433766592 565
200 6.3 1376.9673355344742 1702.3694040105952 4233.12890625 1.4248046875 226.24216519273477 591
210 10.9 1265.4464391305912 1553.9934372976957 4233.12890625 1.342041015625 337.0918375651042 654
220 11.5 1815.313419242526 1223.4826672715988 4233.12890625 1.342041015625 469.71392350303086 763
230 14.4 1881.6415252685547 713.6253115259294 4233.12890625 1.303955078125 645.9598711226686 878
240 23.1 1556.771093327246 299.89084182953144 4233.12890625 1.303955078125 820.0676580081946 1022
250 39.2 1185.6398832360094 315.14341775795924 4233.12890625 1.303955078125 955.884492452489 1253
260 63 649.629757641989 286.57017163145116 4233.12890625 1.303955078125 1010.6347132349449 1645
270 34.1 222.57089600325338 194.5111324822995 4233.12890625 1.303955078125 910.6641101476648 2275
280 5.6 15.686676025390625 8.912682265997049 4233.12890625 1.303955078125 820.9700023406142 2616
290 2.4 23.696584065755207 14.325960676162294 4233.12890625 1.303955078125 804.0928068789179 2672
300 2.4 9.357655843098959 4.182494282008372 4233.12890625 1.303955078125 797.1456594948245 2696
310 2.4 16.150319417317707 11.342479435530748 4233.12890625 1.303955078125 790.1945888743682 2720
320 1.6 6.6298675537109375 0.816119761913122 4233.12890625 1.303955078125 783.4245223776592 2744
330 0 0 0 4233.12890625 1.303955078125 778.92136495839 2760
340 0 0 0 4233.12890625 1.303955078125 778.92136495839 2760
350 0 0 0 4233.12890625 1.303955078125 778.92136495839 2760
360 0 0 0 4233.12890625 1.303955078125 778.92136495839 2760
370 0 0 0 4233.12890625 1.303955078125 778.92136495839 2760
380 0 0 0 4233.12890625 1.303955078125 778.92136495839 2760
389 0.8 16.1287841796875 2.640534354239779 4233.12890625 1.303955078125 778.92136495839 2760
