40 0.1 18.513916015625 0 18.513916015625 18.513916015625 0 0
50 0 0 0 18.513916015625 18.513916015625 18.513916015625 1
60 0.4 19.1707763671875 2.3677543018212566 22.919921875 16.572021484375 18.513916015625 1
70 0.3 23.114013671875 6.007958498446979 30.343017578125 15.633056640625 19.039404296875 5
80 0.1 21.658203125 0.0 30.343017578125 15.633056640625 20.5673828125 8
90 0.4 36.230712890625 24.123463256839976 74.369140625 15.4658203125 20.688585069444443 9
100 0.5 27.00263671875 8.110358472808521 74.369140625 15.4658203125 25.470778245192307 13
110 0.2 30.7225341796875 12.5584716796875 74.369140625 15.4658203125 25.89629448784722 18
120 0.9 39.41954210069444 39.30211137670867 143.6220703125 14.31201171875 26.37891845703125 20
130 0.6 135.05684407552084 118.13482603739557 308.966064453125 14.31201171875 30.426008553340516 29
140 0.8 63.367218017578125 59.24938884382151 308.966064453125 13.91796875 48.362723214285715 35
150 1 184.08359375 275.0471917230643 986.751953125 13.566162109375 51.154257131177324 43
160 1 244.534521484375 156.26010476279865 986.751953125 13.566162109375 76.23526404038915 53
170 0.9 552.5349392361111 226.33220404919552 986.751953125 13.566162109375 102.94943188864087 63
180 1.1 1200.7122913707387 723.3644723596061 2655.300048828125 13.566162109375 159.14762030707465 72
190 1.4 2768.39883858817 1257.0241534973434 4061.55908203125 3.9150390625 297.18631165286143 83
200 1.7 2020.1016917509191 1690.5225583554732 4061.55908203125 2.02392578125 653.8561609012564 97
210 2.7 2022.870288990162 1564.866373216956 4061.55908203125 1.72509765625 857.5945295367325 114
220 2.5 1889.666767578125 1147.5147272712738 4061.55908203125 1.72509765625 1080.7324409214318 141
230 3.1 1777.828353389617 652.6298502252947 4061.55908203125 1.72509765625 1202.559899755271 166
240 4.8 1604.2571512858074 314.6741024844552 4061.55908203125 1.72509765625 1293.0843772307264 197
250 3.9 1262.074982471955 336.7280010907684 4061.55908203125 1.72509765625 1354.048839086416 245
260 2.9 858.0892881196121 351.2673754051554 4061.55908203125 1.72509765625 1341.4186263823174 284
270 1.4 166.80001395089283 228.72718154975968 4061.55908203125 1.72509765625 1296.6373138915235 313
280 0.7 14.356549944196429 3.2441633808368233 4061.55908203125 1.72509765625 1248.2650747503344 327
290 0.3 35.213297526041664 12.33445048910882 4061.55908203125 1.72509765625 1222.4047164460142 334
300 0.3 11.284098307291666 2.3777427089809646 4061.55908203125 1.72509765625 1211.8362468413854 337
310 0.3 15.516031901041666 5.579632133713165 4061.55908203125 1.72509765625 1201.2431396484376 340
320 0.2 10.430419921875 0.954345703125 4061.55908203125 1.72509765625 1190.872348618577 343
330 0 0 0 4061.55908203125 1.72509765625 1184.029207002944 345
340 0 0 0 4061.55908203125 1.72509765625 1184.029207002944 345
350 0 0 0 4061.55908203125 1.72509765625 1184.029207002944 345
360 0 0 0 4061.55908203125 1.72509765625 1184.029207002944 345
370 0 0 0 4061.55908203125 1.72509765625 1184.029207002944 345
380 0 0 0 4061.55908203125 1.72509765625 1184.029207002944 345
389 0.1 33.061767578125 0.0 4061.55908203125 1.72509765625 1184.029207002944 345
