20 0.1 26.052978515625 0 26.052978515625 26.052978515625 0 0
30 0.1 16.010009765625 0.0 26.052978515625 16.010009765625 26.052978515625 1
40 0.2 16.1500244140625 2.0460205078125 26.052978515625 14.10400390625 21.031494140625 2
50 0.3 46.285725911458336 45.89903334874301 111.195068359375 13.425048828125 18.59075927734375 4
60 0.1 13.45703125 0.0 111.195068359375 13.425048828125 30.460030691964285 7
70 0.4 21.45477294921875 12.90787497995265 111.195068359375 13.425048828125 28.33465576171875 8
80 0.6 15.137898763020834 4.004750454404886 111.195068359375 10.529052734375 26.041361490885418 12
90 0.7 23.176164899553573 25.18998434912479 111.195068359375 10.529052734375 22.406873914930557 18
100 0.3 11.802978515625 1.3448074674773807 111.195068359375 10.529052734375 22.622275390625 25
110 0.9 72.44235568576389 125.58925579450792 421.115966796875 10.529052734375 21.463065011160715 28
120 0.3 23.323404947916668 8.453493229744442 421.115966796875 10.529052734375 33.86343301309122 37
130 1.1 26.297962535511363 11.649942673485395 421.115966796875 10.529052734375 33.072930908203126 40
140 0.8 60.99847412109375 60.43417715740082 421.115966796875 10.529052734375 31.61166321997549 51
150 1.7 133.906982421875 139.09769167448448 589.779052734375 10.529052734375 35.596315545550844 59
160 1 212.8837646484375 142.4833034028921 589.779052734375 10.529052734375 57.58685945209704 76
170 1.7 390.7359834558824 186.2695190274781 671.157958984375 10.529052734375 75.64463912609011 86
180 1.7 1133.9623018152574 614.9981094029424 2141.359130859375 10.529052734375 127.65000663683253 103
190 2.1 2467.136928013392 1064.1331490288576 4069.614013671875 3.953125 270.21091512044273 120
200 2.9 1650.3976124730607 1712.6646536027927 4069.614013671875 1.738037109375 597.4126617215203 141
210 5.4 1500.2867431640625 1628.6348869299832 4069.614013671875 1.541015625 777.039506261489 170
220 5.1 1965.243824678309 1236.9693223531845 4069.614013671875 1.541015625 951.3937508719308 224
230 3.4 2036.4606789981617 726.3073823985678 4069.614013671875 1.541015625 1139.41685546875 275
240 2.6 1666.4272930438701 306.26535508238027 4069.614013671875 1.541015625 1238.120706601436 309
250 0.7 1265.019496372768 253.93046901742883 4069.614013671875 1.541015625 1271.3624118178639 335
260 0.4 824.8184814453125 246.8796463694815 4069.614013671875 1.541015625 1271.2325860631397 342
270 0 0 0 4069.614013671875 1.541015625 1266.0717293623557 346
280 0 0 0 4069.614013671875 1.541015625 1266.0717293623557 346
290 0 0 0 4069.614013671875 1.541015625 1266.0717293623557 346
300 0 0 0 4069.614013671875 1.541015625 1266.0717293623557 346
310 0 0 0 4069.614013671875 1.541015625 1266.0717293623557 346
320 0 0 0 4069.614013671875 1.541015625 1266.0717293623557 346
330 0 0 0 4069.614013671875 1.541015625 1266.0717293623557 346
340 0 0 0 4069.614013671875 1.541015625 1266.0717293623557 346
350 0 0 0 4069.614013671875 1.541015625 1266.0717293623557 346
360 0 0 0 4069.614013671875 1.541015625 1266.0717293623557 346
370 0 0 0 4069.614013671875 1.541015625 1266.0717293623557 346
380 0 0 0 4069.614013671875 1.541015625 1266.0717293623557 346
389 0 0 0 4069.614013671875 1.541015625 1266.0717293623557 346
