20 0.2 169.5714111328125 132.2545166015625 301.825927734375 37.31689453125 0 0
30 0.3 9.836588541666666 0.1426127259700026 301.825927734375 9.642822265625 169.5714111328125 2
40 0.7 9.856270926339286 0.6502924889101007 301.825927734375 8.912841796875 73.730517578125 5
50 0.5 12.041259765625 2.5669001320350966 301.825927734375 8.844970703125 36.470540364583336 12
60 0.8 13.421661376953125 5.520248732855148 301.825927734375 8.844970703125 29.285457835477942 17
70 1 11.2722412109375 2.454465330937248 301.825927734375 8.551025390625 24.20904296875 25
80 1 12.408984375 2.3099835720551503 301.825927734375 8.551025390625 20.512813895089284 35
90 0.9 11.529106987847221 2.6326295184176045 301.825927734375 8.551025390625 18.711962890624996 45
100 0.6 19.471476236979168 8.208875933191653 301.825927734375 8.551025390625 17.514820240162035 54
110 1.9 13.140946237664474 4.9148902352680315 301.825927734375 8.54296875 17.71048583984375 60
120 1.8 25.706922743055557 25.23213518150085 301.825927734375 8.54296875 16.61148264438291 79
130 1.6 25.36358642578125 19.495978675411724 301.825927734375 8.54296875 18.299296270940722 97
140 1.5 142.60849609375 106.98846375410562 320.60009765625 8.54296875 19.29954974419248 113
150 2.4 94.9166259765625 70.63125328273605 320.60009765625 8.54296875 33.74981689453125 128
160 3.1 206.08602413054436 216.28563431178392 680.58203125 8.54296875 43.40773411800987 152
170 3 803.562646484375 487.66713341273453 1409.266845703125 0.80908203125 70.96525865565232 183
180 4.5 724.6168728298611 542.8946285752123 1778.2451171875 0.73291015625 174.14798933575412 213
190 9.1 465.32213416466345 486.90401249584954 1778.2451171875 0.6708984375 270.16000389867975 258
200 8.7 618.4600507363508 447.828189671046 1828.822998046875 0.6708984375 321.0475507588646 349
210 10.3 440.54095873786406 406.52934390512445 1828.822998046875 0.6708984375 380.3936230020785 436
220 8.7 471.82174928160913 414.23499752319185 1828.822998046875 0.6708984375 391.8874552484346 539
230 5.1 561.3475988051472 249.52749992084586 1828.822998046875 0.6708984375 402.9965344511282 626
240 4.4 499.64373779296875 195.13929540140472 1828.822998046875 0.6708984375 414.9254920317116 677
250 1.4 175.19939313616072 125.08507364507324 1828.822998046875 0.6708984375 420.0955375428008 721
260 1 14.8946044921875 6.7507644468137435 1828.822998046875 0.6708984375 415.4308490779124 735
270 0.5 18.327587890625 8.40057046661829 1828.822998046875 0.6708984375 410.0545236472315 745
280 0.4 10.8074951171875 2.5156185345537017 1828.822998046875 0.6708984375 407.4430107421875 750
290 0.1 8.85400390625 0.0 1828.822998046875 0.6708984375 405.33884355054295 754
300 0 0 0 1828.822998046875 0.6708984375 404.8136980675704 755
310 0 0 0 1828.822998046875 0.6708984375 404.8136980675704 755
320 0 0 0 1828.822998046875 0.6708984375 404.8136980675704 755
330 0 0 0 1828.822998046875 0.6708984375 404.8136980675704 755
340 0 0 0 1828.822998046875 0.6708984375 404.8136980675704 755
350 0 0 0 1828.822998046875 0.6708984375 404.8136980675704 755
360 0 0 0 1828.822998046875 0.6708984375 404.8136980675704 755
361 0 0 0 1828.822998046875 0.6708984375 404.8136980675704 755
