10 0.2 21.5615234375 11.216552734375 32.778076171875 10.344970703125 0 0
20 0 0 0 32.778076171875 10.344970703125 21.5615234375 2
30 0.4 9.26800537109375 1.6704510870822094 32.778076171875 8.094970703125 21.5615234375 2
40 0.8 14.68115234375 15.452962418887992 55.4130859375 7.7919921875 13.3658447265625 6
50 0.3 8.69775390625 0.5437737222225031 55.4130859375 7.7919921875 14.117449079241071 14
60 0.9 14.701009114583334 9.952054717259866 55.4130859375 7.7919921875 13.161032284007353 17
70 1 9.9053955078125 2.2044251231083245 55.4130859375 7.7919921875 13.694101186899038 26
80 1 9.817626953125 2.952400271986817 55.4130859375 7.6630859375 12.641682942708334 36
90 0.9 12.27267795138889 5.92281295479428 55.4130859375 7.6220703125 12.027757727581522 46
100 0.9 9.83010525173611 2.6502226329259164 55.4130859375 7.6220703125 12.067835582386364 55
110 1.9 10.456851356907896 4.730459077607662 55.4130859375 7.469970703125 11.753154754638672 64
120 1.7 19.79568301930147 12.184220503937317 55.4130859375 7.469970703125 11.456410603350903 83
130 1.4 18.720389229910715 17.142465964853926 71.0830078125 7.469970703125 12.8740869140625 100
140 2 57.2781982421875 73.01862575073841 343.3759765625 7.469970703125 13.592053865131579 114
150 2.8 64.65807233537946 59.58014769565086 343.3759765625 7.469970703125 20.112373921408583 134
160 2.8 235.50755092075897 192.57073052918446 676.051025390625 7.469970703125 27.81163043740355 162
170 3 809.0973795572917 468.49654360993173 1434.0439453125 0.74609375 58.41945029810855 190
180 5.4 763.3703161168983 653.9364861685926 1792.923095703125 0.708984375 160.78462246981533 220
190 9 435.11991916232637 470.0237025769833 1792.923095703125 0.6318359375 279.5423869112112 274
200 9.7 477.9408298767719 470.8211213487995 1792.923095703125 0.6318359375 318.00935917110235 364
210 10.4 517.836669921875 397.7453421443651 1792.923095703125 0.6318359375 351.6608833759829 461
220 7.1 675.9609031139966 1652.6282510802935 14068.142822265625 0.6318359375 382.24899275788164 565
230 5.5 521.4339355468747 282.2366699321183 14068.142822265625 0.6318359375 415.0375865240517 636
240 3.7 424.4821513407939 210.47248480198243 14068.142822265625 0.6318359375 423.5061815982272 691
250 0.9 115.04500325520833 119.49870051835045 14068.142822265625 0.6318359375 423.5557844560225 728
260 0.8 13.716064453125 4.850438148945892 14068.142822265625 0.6318359375 419.7883529352527 737
270 0.7 10.891392299107142 6.643951643740125 14068.142822265625 0.6318359375 415.42784513947146 745
280 0.2 9.087890625 0.9990234375 14068.142822265625 0.6318359375 411.66221326462767 752
290 0.1 12.328125 0.0 14068.142822265625 0.6318359375 410.59437686505305 754
300 0 0 0 14068.142822265625 0.6318359375 410.0668718956954 755
310 0 0 0 14068.142822265625 0.6318359375 410.0668718956954 755
320 0 0 0 14068.142822265625 0.6318359375 410.0668718956954 755
330 0 0 0 14068.142822265625 0.6318359375 410.0668718956954 755
340 0 0 0 14068.142822265625 0.6318359375 410.0668718956954 755
350 0 0 0 14068.142822265625 0.6318359375 410.0668718956954 755
360 0 0 0 14068.142822265625 0.6318359375 410.0668718956954 755
361 0 0 0 14068.142822265625 0.6318359375 410.0668718956954 755
