40 0.1 33.762939453125 0 33.762939453125 33.762939453125 0 0
50 0.3 18.527262369791668 8.801053742003038 33.762939453125 10.94189453125 33.762939453125 1
60 0.6 22.404988606770832 13.008715828213733 49.113037109375 10.94189453125 22.336181640625 4
70 0.3 12.755045572916666 1.319865861597113 49.113037109375 10.94189453125 22.3774658203125 10
80 0.5 14.95244140625 1.2574552741922604 49.113037109375 10.94189453125 20.156907301682693 13
90 0.5 15.068603515625 4.249602728395886 49.113037109375 10.94189453125 18.711222330729168 18
100 1 98.13955078125001 240.4990852211717 819.26611328125 10.94189453125 17.91934867527174 23
110 0.9 18.786376953125 6.458218242276063 819.26611328125 10.94189453125 42.228500828598484 33
120 1 46.4102294921875 42.75657802691412 819.26611328125 10.94189453125 37.20518856956845 42
130 1.3 18.875957782451923 9.102292607279763 819.26611328125 10.94189453125 38.975388746995186 52
140 1.6 84.41323852539063 93.74633311037908 819.26611328125 10.94189453125 34.955502554086536 65
150 1.2 101.95918782552083 51.94762856196272 819.26611328125 10.94189453125 44.724931881751544 81
160 1 305.16650390625 163.9616378665252 819.26611328125 10.94189453125 52.10999716481855 93
170 1.8 873.2542995876736 489.57795246823144 1325.94091796875 0.883056640625 76.67859005233616 103
180 1.2 725.1722615559896 662.7292137837088 1795.7119140625 0.883056640625 195.17745593362602 121
190 2.2 544.4488858309659 500.888695123725 1795.7119140625 0.85888671875 242.9965361401551 133
200 3 439.74595540364584 478.86662658862974 1795.7119140625 0.798095703125 285.7833212575605 155
210 4.3 656.1244208757266 347.18090456884687 1795.7119140625 0.781005859375 310.7502349028716 185
220 6.2 421.8957992061492 388.5814907233645 1795.7119140625 0.700927734375 375.88659453810305 228
230 7.1 525.0220998844632 255.19055160446933 1795.7119140625 0.700927734375 385.7230451912715 290
240 8.6 472.3017209075218 159.2438782736117 1795.7119140625 0.700927734375 413.1198121807912 361
250 8.8 170.29016390713775 125.6136475141794 1795.7119140625 0.700927734375 424.5060407053971 447
260 7.7 11.266506442775976 7.637546490839437 1795.7119140625 0.700927734375 382.6910927460572 535
270 5.5 13.447736150568181 10.376175320503437 1795.7119140625 0.700927734375 335.959567998749 612
280 3.3 11.871345288825758 4.813137636156077 1795.7119140625 0.700927734375 309.3656388358555 667
290 2.6 11.663546048677885 6.730843479911545 1795.7119140625 0.700927734375 295.3409078543527 700
300 1.4 9.192888532366071 4.143759044160085 1795.7119140625 0.700927734375 285.18166349216597 726
310 0.8 9.167999267578125 3.552107179291684 1795.7119140625 0.700927734375 279.96025423616976 740
320 0.2 7.55859375 4.232421875 1795.7119140625 0.700927734375 277.0640803862383 748
330 0.2 10.7205810546875 1.9534912109375 1795.7119140625 0.700927734375 276.3453990885417 750
340 0.3 10.315999348958334 1.6928600067263655 1795.7119140625 0.700927734375 275.63895010440905 752
350 0 0 0 1795.7119140625 0.700927734375 274.5846867239238 755
360 0 0 0 1795.7119140625 0.700927734375 274.5846867239238 755
361 0 0 0 1795.7119140625 0.700927734375 274.5846867239238 755
