50 0.8 7.123260498046875 2.917425175067016 12.3330078125 4.60693359375 0 0
60 3.2 5.952484130859375 2.232256476673881 15.33203125 4.484130859375 7.123260498046875 8
70 3.2 7.035301208496094 3.878440461067418 20.4521484375 4.47802734375 6.186639404296875 40
80 1.6 5.416168212890625 1.5947033771831423 20.4521484375 4.401123046875 6.563822428385417 72
90 0.8 4.989288330078125 0.7330067797713776 20.4521484375 4.401123046875 6.355158025568182 88
100 0.8 10.2919921875 6.423027540768354 24.421875 4.401123046875 6.241335550944011 96
110 3.9 6.84980969551282 4.193523817057978 26.510986328125 4.401123046875 6.552924522986779 104
120 8.1 14.441225405092593 14.150911724809632 71.580078125 4.401123046875 6.633893206402972 143
130 4.8 7.256266276041667 4.166760315140699 71.580078125 4.386962890625 9.457080296107701 224
140 7.2 35.89156426323784 53.357214123270595 320.1220703125 4.386962890625 9.068701351390166 272
150 5.6 48.16618129185268 60.42378209237105 320.1220703125 4.386962890625 14.682788937590843 344
160 3.5 130.47606724330356 154.42659130937878 682.85498046875 4.386962890625 19.3704638671875 400
170 4.4 442.4108054421165 543.5382826519102 1268.2900390625 0.69189453125 28.30999517331178 435
180 10 491.89805419921873 552.1886677988246 1708.673095703125 0.69189453125 66.34848296418319 479
190 12.6 440.93314034598217 473.9126955688103 1708.673095703125 0.69189453125 139.84581823793718 579
200 10.1 689.4309033686574 783.2672808152437 5503.439208984375 0.69189453125 193.65716942320478 705
210 13.3 615.6543574512453 801.3104668867003 6511.47900390625 0.69189453125 255.7826621384538 806
220 36.8 323.0300916588826 545.2945014177022 6511.47900390625 0.69189453125 306.75490439255526 939
230 15.8 578.0101225647746 222.47253049305237 6511.47900390625 0.69189453125 311.3373595677721 1307
240 24.8 449.15356445312506 158.56919409599556 6511.47900390625 0.69189453125 340.0979715497014 1465
250 23.9 181.24806117612448 114.21945491292342 6511.47900390625 0.69189453125 355.8865220692864 1713
260 5.3 7.0099775206367925 3.1497465086500718 6511.47900390625 0.69189453125 334.5040465808306 1952
270 4.3 5.31584983648256 1.7580982422143887 6511.47900390625 0.69189453125 325.8470961268704 2005
280 6.9 6.094415194746377 4.038634658263188 6511.47900390625 0.69189453125 319.11719202995306 2048
290 3.2 4.342575073242186 0.7512322783856847 6511.47900390625 0.69189453125 308.9147491383001 2117
300 0 0 0 6511.47900390625 0.69189453125 304.37947246539096 2149
310 0.8 4.027862548828125 0.1243042919732124 6511.47900390625 0.69189453125 304.37947246539096 2149
320 0.8 4.0570068359375 0.06775672112800683 6511.47900390625 0.69189453125 303.26551192791646 2157
330 0 0 0 6511.47900390625 0.69189453125 302.1598915857752 2165
340 0 0 0 6511.47900390625 0.69189453125 302.1598915857752 2165
350 0 0 0 6511.47900390625 0.69189453125 302.1598915857752 2165
360 0 0 0 6511.47900390625 0.69189453125 302.1598915857752 2165
361 0 0 0 6511.47900390625 0.69189453125 302.1598915857752 2165
