50 0.1 14.01611328125 0 14.01611328125 14.01611328125 0 0
60 0.4 14.80157470703125 3.77485361784501 21.262939453125 11.74609375 14.01611328125 1
70 0.4 18.58380126953125 5.9955509210337805 28.37109375 11.74609375 14.644482421875 5
80 0.2 12.1939697265625 1.1529541015625 28.37109375 11.041015625 16.39529079861111 9
90 0.1 17.851806640625 0.0 28.37109375 11.041015625 15.631414240056818 11
100 0.1 50.74609375 0.0 50.74609375 11.041015625 15.816446940104166 12
110 0.5 18.049560546875 7.980945329818012 50.74609375 11.041015625 18.503342848557693 13
120 1.1 27.531494140625 20.515509354365065 69.50390625 11.041015625 18.37729220920139 18
130 0.5 16.706640625 7.881145683826416 69.50390625 11.041015625 21.849575700431036 29
140 0.9 64.75021701388889 44.74338218826896 168.257080078125 11.041015625 21.09326171875 34
150 0.7 77.95908900669643 79.8146677099289 235.965087890625 11.041015625 30.230763989825583 43
160 0.6 225.34122721354166 212.16782133164855 681.01416015625 11.041015625 36.9127294921875 50
170 1.3 637.6305776742788 535.712365848227 1377.708984375 0.89697265625 57.10149710518973 56
180 1.5 624.1685546875 524.4057751167189 1377.708984375 0.89697265625 166.47654127038044 69
190 1.6 434.5743408203125 493.3722571621225 1377.708984375 0.89697265625 248.20725795200892 84
200 2.5 498.655283203125 487.74415282076126 1377.708984375 0.89697265625 278.0259912109375 100
210 2.7 755.1460413049768 1183.5415342816063 6463.796142578125 0.89697265625 322.151849609375 125
220 3.1 639.9326723160282 688.6331838224872 6463.796142578125 0.88916015625 399.06529155530427 152
230 2.7 622.2788176359953 62.14946072871793 6463.796142578125 0.88916015625 439.86796261313185 183
240 2 416.13319091796876 214.95442796269788 6463.796142578125 0.88916015625 463.3207868303571 210
250 1.8 196.76401095920144 139.1223914490137 6463.796142578125 0.88916015625 459.21751762058426 230
260 0.6 8.790730794270834 5.668864000781232 6463.796142578125 0.88916015625 440.16847278225805 248
270 0.6 6.335286458333333 2.798967792025088 6463.796142578125 0.88916015625 429.97844738096705 254
280 0.8 9.375579833984375 4.475265115101053 6463.796142578125 0.88916015625 420.20206674429085 260
290 0.4 4.80419921875 0.28418645162495987 6463.796142578125 0.88916015625 407.93858952308767 268
300 0 0 0 6463.796142578125 0.88916015625 402.0101426068474 272
310 0.1 5.9638671875 0.0 6463.796142578125 0.88916015625 402.0101426068474 272
320 0.1 5.336181640625 0.0 6463.796142578125 0.88916015625 400.5594236492674 273
330 0 0 0 6463.796142578125 0.88916015625 399.11700305799496 274
340 0 0 0 6463.796142578125 0.88916015625 399.11700305799496 274
350 0 0 0 6463.796142578125 0.88916015625 399.11700305799496 274
360 0 0 0 6463.796142578125 0.88916015625 399.11700305799496 274
361 0 0 0 6463.796142578125 0.88916015625 399.11700305799496 274
