30 0.1 10.762939453125 0 10.762939453125 10.762939453125 0 0
40 0.3 9.865397135416666 1.9944296326555102 12.669921875 8.203125 10.762939453125 1
50 0.1 9.658935546875 0.0 12.669921875 8.203125 10.08978271484375 4
60 0.4 22.2208251953125 20.438598869760124 57.4521484375 8.10302734375 10.00361328125 5
70 0.2 10.489990234375 1.89501953125 57.4521484375 8.10302734375 15.433485243055555 9
80 0.4 10.11505126953125 1.246189668306075 57.4521484375 8.10302734375 14.53466796875 11
90 0.1 10.72509765625 0.0 57.4521484375 8.10302734375 13.356103515625 15
100 0.8 15.459869384765625 10.73334819273303 57.4521484375 8.10302734375 13.191665649414063 16
110 1.2 13.95513916015625 8.205309273768343 57.4521484375 7.6591796875 13.947733561197916 24
120 0.3 28.629964192708332 27.061207905886672 66.885009765625 7.6591796875 13.950202094184029 36
130 1.1 17.080921519886363 7.061708987096566 66.885009765625 7.6591796875 15.079414563301283 39
140 0.8 32.510406494140625 19.91600513259235 66.885009765625 7.6591796875 15.51974609375 50
150 0.9 78.54996744791667 51.572114387574096 173.803955078125 7.6591796875 17.86328545932112 58
160 1.6 253.21620178222656 228.83014949848507 687.651123046875 7.6591796875 26.015227815998134 67
170 1.2 853.3884887695313 420.9292710622939 1322.241943359375 0.72802734375 69.81300592996988 83
180 2.4 703.0946655273439 476.0642822406184 1373.318115234375 0.70703125 168.79096165707236 95
190 3.6 490.043952094184 497.82926339199133 1373.318115234375 0.677001953125 276.549691849396 119
200 2.8 357.7955845424107 450.1908770095164 1373.318115234375 0.677001953125 326.13545551915325 155
210 2.4 640.5141906738281 336.2960324901206 1373.318115234375 0.67578125 330.97962826588116 183
220 3.5 390.4107142857143 406.4200874256432 1373.318115234375 0.67578125 366.8676934725996 207
230 1.4 328.56698172433033 331.24922384991936 1373.318115234375 0.67578125 370.2726758216038 242
240 0.8 547.1199951171875 115.39482479336401 1373.318115234375 0.67578125 367.9918956756592 256
250 0.5 185.17744140625 85.04422812482693 1373.318115234375 0.67578125 373.42001990116006 264
260 0.1 3.406005859375 0.0 1373.318115234375 0.67578125 369.921087215381 269
270 0.4 6.12274169921875 2.249125001728465 1373.318115234375 0.67578125 368.56362395109954 270
280 0 0 0 1373.318115234375 0.67578125 363.2725161809991 274
290 0 0 0 1373.318115234375 0.67578125 363.2725161809991 274
300 0 0 0 1373.318115234375 0.67578125 363.2725161809991 274
310 0 0 0 1373.318115234375 0.67578125 363.2725161809991 274
320 0 0 0 1373.318115234375 0.67578125 363.2725161809991 274
330 0 0 0 1373.318115234375 0.67578125 363.2725161809991 274
340 0 0 0 1373.318115234375 0.67578125 363.2725161809991 274
350 0 0 0 1373.318115234375 0.67578125 363.2725161809991 274
360 0 0 0 1373.318115234375 0.67578125 363.2725161809991 274
361 0 0 0 1373.318115234375 0.67578125 363.2725161809991 274
