0 0.1 3642.82080078125 0 3642.82080078125 3642.82080078125 0 0
10 0.1 13258.9130859375 0.0 13258.9130859375 3642.82080078125 3642.82080078125 1
20 0.1 19289.77392578125 0.0 19289.77392578125 3642.82080078125 8450.866943359375 2
30 0.2 16102.148071289063 6928.1370849609375 23030.28515625 3642.82080078125 12063.8359375 3
40 0.5 22911.936181640624 9317.553912840887 34321.390869140625 3642.82080078125 13679.160791015625 5
50 0.6 13381.242146809896 11032.275597582226 37887.51806640625 3642.82080078125 18295.548486328124 10
60 1 28808.136791992187 18047.700513174033 61861.498046875 3642.82080078125 16452.68360900879 16
70 1.4 26686.597516741072 18855.646543325867 66350.34790039063 3642.82080078125 21204.780987079328 26
80 1.7 27094.576760684744 16332.209200167037 76711.0380859375 3642.82080078125 23123.416772460936 40
90 1.5 42850.05706380208 20067.60939691421 89831.291015625 3642.82080078125 24307.79782158032 57
100 1.5 37658.7567220052 26481.411301783784 89831.291015625 3642.82080078125 28170.768497043187 72
110 1.7 32217.226792279405 25142.524458100736 96742.63793945313 3642.82080078125 29806.628535829743 87
120 2.2 34011.84590287643 21990.2013419667 98691.671875 3642.82080078125 30200.668635441707 104
130 3.6 30158.384501139324 22825.965980591216 98691.671875 3642.82080078125 30866.11228531126 126
140 4.6 31819.86752717392 20814.970886248662 98691.671875 3642.82080078125 30708.839444384164 162
150 5.1 27634.465528301163 14643.879521290768 98691.671875 3642.82080078125 30954.54757807805 208
160 5.5 34450.28378018466 19331.414956957644 98691.671875 2360.739013671875 30300.786247813103 259
170 8.7 32538.839181483476 23767.769670040892 135608.50708007813 1494.606201171875 31027.609063992833 314
180 10.3 34520.546353534584 21942.80870233957 135608.50708007813 1494.606201171875 31355.48193237609 401
190 10.9 30468.02752741543 19056.94540591197 135608.50708007813 1494.606201171875 32002.310574001734 504
200 12.2 29659.735115426487 20983.634200992743 135608.50708007813 1494.606201171875 31729.49352330368 613
210 13.1 36832.04210400766 19946.90353046217 135608.50708007813 1494.606201171875 31385.941787574404 735
220 16.8 40516.883036295585 20795.27779523071 135608.50708007813 1494.606201171875 32209.774514425164 866
230 18.8 48010.23039862449 20207.487927182196 135608.50708007813 1494.606201171875 33559.47880037703 1034
240 17 54602.5637393727 18393.47180260345 135608.50708007813 1494.606201171875 35782.67135395356 1222
250 13.6 62432.60546336455 13355.778375480659 135608.50708007813 1494.606201171875 38081.077751598146 1392
260 11.7 69478.29532877608 13674.243320382478 135608.50708007813 1494.606201171875 40248.49121285484 1528
270 9 76490.58639322917 11554.657248097094 135608.50708007813 1494.606201171875 42327.44992505106 1645
280 5.9 85190.37529793433 11690.983789800399 135608.50708007813 1494.606201171875 44099.601096311024 1735
290 3.6 95467.02286783855 11889.111360010624 135608.50708007813 1494.606201171875 45450.96992456954 1794
300 1.9 103368.20930561266 10090.512274839313 135608.50708007813 1494.606201171875 46434.89227755188 1830
310 1 121647.21245117187 11709.953619584066 145087.2841796875 1494.606201171875 47019.9290669154 1849
320 0.2 128430.99645996094 1875.4014892578125 145087.2841796875 1494.606201171875 47421.36684735788 1859
330 0.4 144007.12072753906 19606.283691425248 172473.75 1494.606201171875 47508.427169348855 1861
340 0.3 141779.0382486979 4569.331958501955 172473.75 1494.606201171875 47715.394876712264 1865
344 0 0 0 172473.75 1494.606201171875 47866.460685125516 1868
