20 0.3 13.760660807291666 0.5217839149484774 14.489013671875 13.2939453125 0 0
30 0.2 14.3795166015625 0.1756591796875 14.55517578125 13.2939453125 13.760660807291666 3
40 0.6 20.5177001953125 8.763337827714505 38.89697265625 13.2939453125 14.008203125 5
50 0.1 14.263916015625 0.0 38.89697265625 13.2939453125 17.558837890625 11
60 0.5 33.78759765625 33.111952529678504 98.829833984375 11.052978515625 17.284261067708332 12
70 0.5 16.489794921875 3.977071066002022 98.829833984375 11.052978515625 22.13818359375 17
80 0.6 19.932210286458332 7.6945193515058605 98.829833984375 11.052978515625 20.85445889559659 22
90 0.5 16.157275390625 3.139336576596886 98.829833984375 11.052978515625 20.656834193638392 28
100 0.7 29.775181361607142 37.50903083697691 121.6220703125 11.052978515625 19.975082859848484 33
110 1.3 20.06944861778846 8.570846805572767 121.6220703125 11.052978515625 21.69010009765625 40
120 1.7 22.793500114889707 16.214160115206564 121.6220703125 11.052978515625 21.29258181014151 53
130 1.7 26.939855238970587 14.71575424136943 121.6220703125 11.052978515625 21.657090541294643 70
140 3 79.15419108072916 206.48772866829432 1093.715087890625 11.052978515625 22.689354907507184 87
150 3 74.78643391927083 124.59428256594819 1093.715087890625 11.052978515625 37.16751802884615 117
160 3.1 57.103980279737904 83.21530437003888 1093.715087890625 11.052978515625 44.844847802402214 147
170 5.1 82.43609738817402 200.99523193225923 1323.221923828125 11.052978515625 46.979865256320224 178
180 5.4 120.04574924045139 155.08665798435854 1323.221923828125 11.052978515625 54.87623136428766 229
190 5.9 191.42573159427968 176.68999760427008 1323.221923828125 11.052978515625 67.31140438659452 283
200 6.6 507.18943093039775 389.38838820838424 1649.977783203125 11.052978515625 88.72294036686769 342
210 8.2 839.2032262290396 468.5092883335039 1782.025146484375 11.052978515625 156.41604913449754 408
220 10.6 767.4750193469929 693.7921238825141 2682.552978515625 11.052978515625 270.67839305644134 490
230 8.4 395.3174670991443 503.2717012455518 2682.552978515625 11.052978515625 359.0348400141569 596
240 4.1 86.66140077172255 127.57310937861122 2682.552978515625 11.052978515625 363.51681159524355 680
250 1.5 25.151416015625 16.887579090404746 2682.552978515625 11.052978515625 347.7733000227549 721
260 0.7 19.875453404017858 6.520177319795638 2682.552978515625 11.052978515625 341.1981257563052 736
270 0.2 27.8624267578125 7.5675048828125 2682.552978515625 11.052978515625 338.17085966415715 743
280 0.2 16.7545166015625 2.9996337890625 2682.552978515625 11.052978515625 337.3378168912542 745
290 0.1 15.5859375 0.0 2682.552978515625 11.052978515625 336.47949480212515 747
300 0 0 0 2682.552978515625 11.052978515625 336.05049272017044 748
310 0 0 0 2682.552978515625 11.052978515625 336.05049272017044 748
320 0 0 0 2682.552978515625 11.052978515625 336.05049272017044 748
330 0 0 0 2682.552978515625 11.052978515625 336.05049272017044 748
340 0 0 0 2682.552978515625 11.052978515625 336.05049272017044 748
344 0 0 0 2682.552978515625 11.052978515625 336.05049272017044 748
