0 0.1 11.509033203125 0 11.509033203125 11.509033203125 0 0
10 0.4 11.38848876953125 0.19014106788618143 11.672119140625 11.138916015625 11.509033203125 1
20 0.3 12.817708333333334 0.8889575615489069 13.971923828125 11.138916015625 11.41259765625 5
30 0.4 12.0872802734375 0.8509784848180757 13.971923828125 11.12109375 11.93951416015625 8
40 0.7 11.423863002232142 1.0582514652698585 13.971923828125 10.083984375 11.98876953125 12
50 0.3 12.615641276041666 0.9410659013000275 13.971923828125 10.083984375 11.78064607319079 19
60 0.6 12.9388427734375 5.00656448966706 23.68408203125 9.343017578125 11.894509055397727 22
70 0.4 12.28759765625 1.1735489270453905 23.68408203125 9.343017578125 12.118294852120536 28
80 0.7 15.546003069196429 8.484427446011212 36.010009765625 9.343017578125 12.139457702636719 32
90 0.8 14.1483154296875 5.698255716420566 36.010009765625 9.343017578125 12.75088892227564 39
100 1.9 12.839612458881579 5.0089032702840885 36.010009765625 9.119873046875 12.988748753324469 47
110 2 16.151074218750004 11.171445794990788 57.923095703125 8.697998046875 12.945815577651516 66
120 1.7 15.499411190257353 9.024598954450145 57.923095703125 8.697998046875 13.691224563953488 86
130 3.2 17.87528991699219 12.42900157906018 57.923095703125 8.697998046875 13.989663133343447 103
140 3.7 26.246186127533782 19.013727836252883 76.201904296875 8.697998046875 14.910700593171295 135
150 3.8 84.30859375 343.8349575964639 2164.0048828125 8.697998046875 17.349148062772528 172
160 6.2 45.313783707157256 80.65865120639636 2164.0048828125 8.697998046875 29.465619187127977 210
170 6 107.52757568359375 267.0628199474514 2164.0048828125 8.697998046875 33.07806845272289 272
180 7.5 140.23801432291665 542.3385735730701 4736.323974609375 8.697998046875 46.53279867516943 332
190 11.6 146.81204749797942 142.5084589924442 4736.323974609375 8.697998046875 63.80034455620393 407
200 12.4 428.52855657762103 365.5084326914985 4736.323974609375 8.697998046875 82.21211805763024 523
210 7.1 826.7042803697183 507.233244666048 4736.323974609375 8.697998046875 148.58497489917409 647
220 2.6 1178.0313908503606 839.9645548520905 4736.323974609375 8.697998046875 215.64134076046744 718
230 0.4 545.8779907226563 831.039498370251 4736.323974609375 8.697998046875 249.27325111307124 744
240 0 0 0 4736.323974609375 8.697998046875 250.85937271526154 748
250 0 0 0 4736.323974609375 8.697998046875 250.85937271526154 748
260 0 0 0 4736.323974609375 8.697998046875 250.85937271526154 748
270 0 0 0 4736.323974609375 8.697998046875 250.85937271526154 748
280 0 0 0 4736.323974609375 8.697998046875 250.85937271526154 748
290 0 0 0 4736.323974609375 8.697998046875 250.85937271526154 748
300 0 0 0 4736.323974609375 8.697998046875 250.85937271526154 748
310 0 0 0 4736.323974609375 8.697998046875 250.85937271526154 748
320 0 0 0 4736.323974609375 8.697998046875 250.85937271526154 748
330 0 0 0 4736.323974609375 8.697998046875 250.85937271526154 748
340 0 0 0 4736.323974609375 8.697998046875 250.85937271526154 748
344 0 0 0 4736.323974609375 8.697998046875 250.85937271526154 748
