0 2.9 29
10 5 79
20 7.3 152
30 12.6 278
40 11.1 389
50 10.4 493
60 14 633
70 26.5 898
80 21.8 1116
90 19.4 1310
100 27.9 1589
110 40.8 1997
120 50.2 2499
130 59.3 3092
140 73.3 3825
150 99.3 4818
160 114.2 5960
170 110.8 7068
180 114.9 8217
190 101.1 9228
200 105.9 10287
210 100.8 11295
220 100.8 12303
230 92.9 13232
240 95.7 14189
250 106.1 15250
260 102.6 16276
270 98.9 17265
280 103.2 18297
290 98.7 19284
300 93.9 20223
310 89.2 21115
320 98.6 22101
330 106.1 23162
340 107.3 24235
350 108.6 25321
360 102.4 26345
370 106.8 27413
380 110.7 28520
390 57.2 29092
400 46 29552
410 22.4 29776
420 13.9 29915
430 8.2 29997
440 5 30047
446 2.2 30069
