0 0.1 1
10 0.2 3
20 0.3 6
30 0.5 11
40 0.7 18
50 0.6 24
60 0.7 31
70 0.4 35
80 0.4 39
90 0.6 45
100 1.1 56
110 2 76
120 1.6 92
130 2.7 119
140 3.1 150
150 4.5 195
160 5.9 254
170 6.9 323
180 6.3 386
190 13.8 524
200 22.5 749
210 33.6 1085
220 33.2 1417
230 28.1 1698
240 28.4 1982
250 28.6 2268
260 30.9 2577
270 36.1 2938
280 37.7 3315
290 37.3 3688
300 44.1 4129
310 52.8 4657
320 43.2 5089
330 38.9 5478
340 25.1 5729
350 23.2 5961
360 18.7 6148
370 13.2 6280
380 13.1 6411
390 3.8 6449
400 5.4 6503
410 0.2 6505
420 0 6505
430 0.1 6506
440 0.1 6507
446 0 6507
