10 0.1 182 0 182 182 0 0
20 0.1 242.0 0.0 242 182 182.0 1
30 0.1 358.0 0.0 358 182 212.0 2
40 0.1 757.0 0.0 757 182 260.6666666666667 3
50 0.1 512.0 0.0 757 182 384.75 4
60 0.1 539.0 0.0 757 182 410.2 5
70 0.1 842.0 0.0 842 182 431.6666666666667 6
80 0.1 1308.0 0.0 1308 182 490.2857142857143 7
90 0.1 1191.0 0.0 1308 182 592.5 8
100 0.1 1086.0 0.0 1308 182 659.0 9
110 0.1 1371.0 0.0 1371 182 701.7 10
120 0.1 2192.0 0.0 2192 182 762.5454545454545 11
130 0.1 2789.0 0.0 2789 182 881.6666666666666 12
140 0.1 3115.0 0.0 3115 182 1028.3846153846155 13
150 0.1 3866.0 0.0 3866 182 1177.4285714285713 14
160 0.1 6817.0 0.0 6817 182 1356.6666666666667 15
170 0.1 6802.0 0.0 6817 182 1697.9375 16
180 0.1 7041.0 0.0 7041 182 1998.1764705882354 17
190 0.1 9779.0 0.0 9779 182 2278.3333333333335 18
200 0.1 9581.0 0.0 9779 182 2673.1052631578946 19
210 0.1 9264.0 0.0 9779 182 3018.5 20
220 0.1 9889.0 0.0 9889 182 3315.904761904762 21
230 0.1 10550.0 0.0 10550 182 3614.681818181818 22
240 0.1 9872.0 0.0 10550 182 3916.217391304348 23
250 0.1 10051.0 0.0 10550 182 4164.375 24
260 0.1 9987.0 0.0 10550 182 4399.84 25
270 0.1 10358.0 0.0 10550 182 4614.7307692307695 26
280 0.1 10610.0 0.0 10610 182 4827.444444444444 27
290 0.1 10638.0 0.0 10638 182 5033.964285714285 28
300 0.1 10919.0 0.0 10919 182 5227.206896551724 29
310 0.1 11335.0 0.0 11335 182 5416.933333333333 30
320 0.1 8823.0 0.0 11335 182 5607.8387096774195 31
330 0.1 8928.0 0.0 11335 182 5708.3125 32
340 0.1 8433.0 0.0 11335 182 5805.878787878788 33
350 0.1 7815.0 0.0 11335 182 5883.14705882353 34
360 0.1 7253.0 0.0 11335 182 5938.342857142857 35
370 0.1 6635.0 0.0 11335 182 5974.86111111111 36
380 0.1 7857.0 0.0 11335 182 5992.702702702702 37
390 0.1 5495.0 0.0 11335 182 6041.763157894736 38
400 0.1 2850.0 0.0 11335 182 6027.743589743589 39
410 0.1 1943.0 0.0 11335 182 5948.299999999999 40
420 0.1 958.0 0.0 11335 182 5850.60975609756 41
430 0.1 619.0 0.0 11335 182 5734.119047619047 42
440 0.1 386.0 0.0 11335 182 5615.162790697674 43
446 0.1 222.0 0.0 11335 182 5496.318181818181 44
