0 11.0734375 11.0734375
10 23.06484375 34.13828125
20 47.23203125 81.3703125
30 91.896875 173.2671875
40 70.93828125 244.20546875
50 67.30625 311.51171875
60 85.70859375 397.2203125
70 183.95234375 581.17265625
80 141.3078125 722.48046875
90 97.01875 819.49921875
100 145.05234375 964.5515625
110 252.303125 1216.8546875
120 301.6359375 1518.490625
130 352.72578125 1871.21640625
140 447.659375 2318.87578125
150 589.0046875 2907.88046875
160 727.47109375 3635.3515625
170 717.2890625 4352.640625
180 1125.184375 5477.825
190 1344.578125 6822.403125
200 1220.44296875 8042.84609375
210 1276.6359375 9319.48203125
220 1407.91796875 10727.4
230 1334.5484375 12061.9484375
240 1255.04296875 13316.99140625
250 1301.6671875 14618.65859375
260 1353.02421875 15971.6828125
270 1495.3859375 17467.06875
280 1485.0703125 18952.1390625
290 1504.5765625 20456.715625
300 1737.296875 22194.0125
310 1519.4640625 23713.4765625
320 1168.515625 24881.9921875
330 1038.128125 25920.1203125
340 924.9671875 26845.0875
350 921.275 27766.3625
360 866.9609375 28633.3234375
370 920.0640625 29553.3875
380 1029.63125 30583.01875
390 472.3125 31055.33125
400 430.334375 31485.665625
410 182.778125 31668.44375
420 122.3890625 31790.8328125
430 72.615625 31863.4484375
440 45.83515625 31909.28359375
446 20.9140625 31930.19765625
