20 0.1 8.3759765625 0 8.3759765625 8.3759765625 0 0
30 0.3 9.439046223958334 1.4090034419883246 11.236083984375 7.794921875 8.3759765625 1
40 0.2 9.6885986328125 1.5155029296875 11.236083984375 7.794921875 9.17327880859375 4
50 0.2 9.1978759765625 0.1939697265625 11.236083984375 7.794921875 9.345052083333334 6
60 0.6 8.836669921875 0.6643795229069134 11.236083984375 7.794921875 9.308258056640625 8
70 0.4 9.86126708984375 2.6376012688614545 14.41796875 7.794921875 9.106148856026786 14
80 0.3 9.956705729166666 1.7080251485522653 14.41796875 7.794921875 9.27395290798611 18
90 0.4 8.96282958984375 0.5827410005938708 14.41796875 7.794921875 9.371489025297619 21
100 0.5 11.867236328125 4.457033682311829 20.273193359375 7.794921875 9.306103515625 25
110 0.8 14.761749267578125 10.609927977951456 41.571044921875 7.794921875 9.732958984375 30
120 1.2 24.07041422526041 24.985640361461105 85.06494140625 7.794921875 10.791651675575658 38
130 1.3 27.476337139423077 60.877442386732895 238.202880859375 7.794921875 13.9785546875 50
140 2.3 14.415760869565217 6.437107687927758 238.202880859375 7.794921875 16.763811383928573 63
150 2.4 89.59969075520833 70.80659268424586 242.9951171875 7.794921875 16.135844385901162 86
160 1.7 228.15201344209558 100.96572796284272 422.7548828125 7.794921875 32.16431995738636 110
170 4.1 656.2380609279724 218.63686603533623 943.298095703125 0.760009765625 58.39889310100886 127
180 4.5 532.3829101562499 344.35691811207204 946.572021484375 0.71484375 204.30011858258925 168
190 5.9 338.0371548927437 368.9893503154121 946.572021484375 0.693115234375 273.6133844080105 213
200 7.2 439.8617892795139 429.7908425981873 2862.734130859375 0.693115234375 287.58765815286074 272
210 6.5 464.9388258713943 263.0872960892619 2862.734130859375 0.693115234375 319.4589879235556 344
220 4.7 425.8804697888963 296.293634182435 2862.734130859375 0.68212890625 342.57925556807766 409
230 4.8 340.38484700520837 340.54242268327886 2862.734130859375 0.68212890625 351.16512633206554 456
240 4.8 419.9068552652995 299.31069516381126 2862.734130859375 0.68212890625 350.13843306284105 504
250 4.6 523.5411323879075 225.90431146948387 2862.734130859375 0.68212890625 356.20525238479394 552
260 5.4 1670.309484411169 9099.235223185102 67883.0439453125 0.68212890625 369.07724315426424 598
270 4.7 393.27470495345744 284.78466991573373 67883.0439453125 0.68212890625 476.848011601922 652
280 5.1 435.91535500919116 259.5914808917135 67883.0439453125 0.68212890625 471.2286333294215 699
290 5.5 473.97133345170454 255.50000214587618 67883.0439453125 0.68212890625 468.8273304036458 750
300 6 317.6041219075521 289.37521519586517 67883.0439453125 0.68212890625 469.17878402804735 805
310 4.8 468.3502604166667 203.01060905294634 67883.0439453125 0.68212890625 458.6649346324061 865
320 3.9 530.2429011418267 76.43315235357784 67883.0439453125 0.68212890625 459.1741302924767 913
330 1.9 474.91903525904604 77.30708893772916 67883.0439453125 0.68212890625 462.08556103105303 952
340 1.7 516.1783949908088 170.8837524393457 67883.0439453125 0.68212890625 462.336679476297 971
350 2.5 558.4875781249997 82.71191745500228 67883.0439453125 0.68212890625 463.2631057553928 988
360 3.5 637.410400390625 145.79821647633003 67883.0439453125 0.68212890625 465.61316677142463 1013
370 4.4 549.9553888494315 160.40280772063517 67883.0439453125 0.68212890625 471.3506698026002 1048
380 1.5 219.95087890625 121.92609444917603 67883.0439453125 0.68212890625 474.5178929143773 1092
390 0.5 10.988427734375 5.396209724387307 67883.0439453125 0.68212890625 471.0684753803918 1107
400 0 0 0 67883.0439453125 0.68212890625 468.9997701301849 1112
410 0.1 16.403076171875 0.0 67883.0439453125 0.68212890625 468.9997701301849 1112
420 0.2 9.0093994140625 0.5965576171875 67883.0439453125 0.68212890625 468.59312440335805 1113
430 0 0 0 67883.0439453125 0.68212890625 467.7687589773683 1115
440 0.1 9.813232421875 0.0 67883.0439453125 0.68212890625 467.7687589773683 1115
446 0 0 0 67883.0439453125 0.68212890625 467.358404562892 1116
