20 0.1 13.66796875 0 13.66796875 13.66796875 0 0
30 0 0 0 13.66796875 13.66796875 13.66796875 1
40 0.3 13.568033854166666 0.2709752957875641 13.927978515625 13.274169921875 13.66796875 1
50 0.2 13.2545166015625 0.0355224609375 13.927978515625 13.218994140625 13.593017578125 4
60 0.4 21.3575439453125 9.000199727153584 35.419189453125 13.098876953125 13.480183919270834 6
70 0.6 17.282958984375 7.464357270751518 35.419189453125 12.85888671875 16.6311279296875 10
80 0.2 13.7755126953125 0.7176513671875 35.419189453125 12.85888671875 16.875564575195313 16
90 0.5 24.16044921875 17.55882007178903 58.923095703125 12.85888671875 16.531114366319443 18
100 0.1 12.76806640625 0.0 58.923095703125 12.76806640625 18.189665421195652 23
110 0.8 20.299530029296875 6.58553076224288 58.923095703125 12.76806640625 17.963765462239582 24
120 0.7 22.302769252232142 6.5754179902846115 58.923095703125 12.76806640625 18.547706604003906 32
130 1.2 31.822367350260418 23.696488143523414 81.819091796875 12.76806640625 19.22169220753205 39
140 2.1 31.176629929315474 13.079019464077039 81.819091796875 12.76806640625 22.18655694699755 51
150 1.7 87.97156479779412 82.4068577514792 312.66796875 12.76806640625 24.80866156684028 72
160 1.6 228.94895935058594 123.22307428978877 480.923828125 12.76806640625 36.87348577949438 89
170 2.5 645.6098437499999 191.59831756468236 879.912109375 0.791015625 66.14212937127976 105
180 4 561.0866699218752 373.19764794900203 974.06591796875 0.741943359375 177.5782282902644 130
190 4.8 358.2416076660156 374.91360682548617 974.06591796875 0.588134765625 267.8155086741728 170
200 5.3 407.5988677402712 307.6746193104122 974.06591796875 0.588134765625 287.72584239714735 218
210 5.7 618.2332313939145 942.3362777572027 7345.85205078125 0.588134765625 311.16964440152213 271
220 7.8 382.7725454477163 314.1007803509293 7345.85205078125 0.588134765625 364.5313043361757 328
230 4.4 485.0965076793324 318.1589569857655 7345.85205078125 0.588134765625 368.0357792295259 406
240 4.7 439.0099837932181 304.27350437860804 7345.85205078125 0.588134765625 379.4817171223958 450
250 4.9 404.17814293686223 297.50877006085216 7345.85205078125 0.588134765625 385.11115079146754 497
260 4.3 504.2166549327762 245.95955529571728 7345.85205078125 0.588134765625 386.8222911122081 546
270 5.9 430.093207925053 300.20915689850386 7345.85205078125 0.588134765625 395.39267760505095 589
280 5.2 414.0230008638822 270.4539920533477 7345.85205078125 0.588134765625 398.5521394706067 648
290 5.1 370.88664215686276 276.6843405294425 7345.85205078125 0.588134765625 399.70140345982145 700
300 5.9 1525.8823159427966 8572.96185902229 66782.9560546875 0.588134765625 397.74460875083224 751
310 5.3 482.4393517836085 180.52301203562703 66782.9560546875 0.588134765625 479.9176022376543 810
320 4.4 517.4867498224431 110.82862901475062 66782.9560546875 0.588134765625 480.07247214024477 863
330 4.4 478.60269442471593 88.80211786636907 66782.9560546875 0.588134765625 481.88749773894017 907
340 1.9 555.715666118421 158.9776428137725 66782.9560546875 0.588134765625 481.7355194573147 951
350 1.6 593.8099365234375 99.13815251315462 66782.9560546875 0.588134765625 483.18461511356315 970
360 3.2 684.2927322387695 162.3104748365618 66782.9560546875 0.588134765625 484.979752174981 986
370 3.5 578.0445661272321 127.08919955568356 66782.9560546875 0.588134765625 491.2449931985971 1018
380 2.4 274.85557047526044 91.64477446625905 66782.9560546875 0.588134765625 494.1300692218661 1053
390 2.2 18.658180930397727 8.741707581209566 66782.9560546875 0.588134765625 489.2437294169278 1077
400 1 36.783740234375 20.576388064559072 66782.9560546875 0.588134765625 479.82345456096454 1099
410 0.2 23.0809326171875 6.9200439453125 66782.9560546875 0.588134765625 475.82850673114854 1109
420 0.2 15.7410888671875 2.3909912109375 66782.9560546875 0.588134765625 475.0134795950298 1111
430 0.2 13.8275146484375 0.5455322265625 66782.9560546875 0.588134765625 474.18819228015496 1113
440 0.1 14.653076171875 0.0 66782.9560546875 0.588134765625 473.36243321713846 1115
446 0 0 0 66782.9560546875 0.588134765625 472.95140332731296 1116
