0 0.7 25.29248046875 40.351073909603315 124.067138671875 7.0078125 0 0
10 0.5 6.85576171875 0.4975856521331793 124.067138671875 5.98486328125 25.29248046875 7
20 0.2 9.113525390625 2.738525390625 124.067138671875 5.98486328125 17.610514322916668 12
30 0.7 7.681047712053571 2.052599448844063 124.067138671875 5.93212890625 16.396658761160715 14
40 0.6 6.529500325520833 0.7256030569428668 124.067138671875 5.7490234375 13.491455078125 21
50 0.4 7.04296875 1.4811916850880111 124.067138671875 5.7490234375 11.94435402199074 27
60 1 8.501513671875 2.542892766189412 124.067138671875 5.7490234375 11.311917212701612 31
70 1.4 7.977818080357143 2.762893548452417 124.067138671875 5.7490234375 10.626452934451219 41
80 1.1 7.039439808238637 1.2935307738920525 124.067138671875 5.7490234375 9.952254971590909 55
90 2.4 7.268422444661458 1.6820061980473757 124.067138671875 5.7490234375 9.466785777698863 66
100 2.5 19.067529296875 52.53113288698411 274.158203125 5.7490234375 8.880555555555556 90
110 2.4 8.210906982421875 2.6368472205170717 274.158203125 5.7490234375 11.095115064538046 115
120 4.8 9.948364257812502 4.337487497309403 274.158203125 5.7490234375 10.597122302158276 139
130 3.7 12.762616131756756 9.322739243627199 274.158203125 5.7490234375 10.430596173128345 187
140 3.2 17.44176483154297 12.378318524994315 274.158203125 5.7490234375 10.815795898437502 224
150 7.9 81.0056306863133 67.36939188583926 279.840087890625 5.7490234375 11.644042015075685 256
160 5.9 189.6862834348517 128.37368157995576 432.086181640625 5.7490234375 28.00095397038246 335
170 8.7 590.6033753142959 263.62078449983454 937.0751953125 1.255126953125 52.21271650440197 394
180 13.8 526.8115765115487 358.4964023122403 937.0751953125 1.22119140625 149.59314751575494 481
190 14.6 557.3637528092894 531.6983958327233 2186.303955078125 1.14306640625 233.69030939203853 619
200 6.4 5722.434185028074 1922.8566507303449 8770.717041015625 1.14306640625 295.46328029258575 765
210 8.9 7663.112984989466 1967.6786102228398 13872.56591796875 1.14306640625 714.4332898258442 829
220 12 5734.970672607422 1769.8486702402881 20615.205078125 1.14306640625 1388.1070293351715 918
230 9.4 6011.424093043553 3816.5599826618677 20615.205078125 1.14306640625 1890.6346181527729 1038
240 9.3 11166.142299857194 9823.775113007257 36900.949951171875 1.14306640625 2232.820316597767 1132
250 9.5 28295.963975123355 8720.655575660438 37445.998046875 1.14306640625 2911.02353655134 1225
260 7.9 36070.35641440862 6143.166098922526 67848.5908203125 1.14306640625 4737.970007509174 1320
270 9.3 54187.00108944473 15511.219211442805 68421.5 1.14306640625 6507.2756016085705 1399
280 7.5 67172.04805013021 488.7390863556557 68421.5 1.14306640625 9479.269214456266 1492
290 6.9 66855.49229364807 325.03833929921643 68421.5 1.14306640625 12240.570052156041 1567
300 6 66473.30108235679 337.96780821574123 68421.5 1.14306640625 14544.011149138285 1636
310 0 0 0 68421.5 1.14306640625 16381.132255266297 1696
320 0.1 127722.0361328125 0.0 127722.0361328125 1.14306640625 16381.132255266297 1696
330 4.6 127742.41973611583 77.78793413749628 127863.20092773438 1.14306640625 16446.74268772213 1697
340 8.9 127770.87030646506 186.7445117758708 128095.53979492188 1.14306640625 19383.9779970888 1743
350 3.4 127768.79266716453 90.19867107836235 128095.53979492188 1.14306640625 24649.498420415486 1832
360 1.2 127736.55659993489 285.71265894721444 128095.53979492188 1.14306640625 26528.413749670293 1866
370 0 0 0 128095.53979492188 1.14306640625 27175.11114807454 1878
380 0 0 0 128095.53979492188 1.14306640625 27175.11114807454 1878
390 0 0 0 128095.53979492188 1.14306640625 27175.11114807454 1878
400 0 0 0 128095.53979492188 1.14306640625 27175.11114807454 1878
410 0 0 0 128095.53979492188 1.14306640625 27175.11114807454 1878
420 0 0 0 128095.53979492188 1.14306640625 27175.11114807454 1878
430 0 0 0 128095.53979492188 1.14306640625 27175.11114807454 1878
440 0 0 0 128095.53979492188 1.14306640625 27175.11114807454 1878
446 0 0 0 128095.53979492188 1.14306640625 27175.11114807454 1878
