10 0.5 6.689013671875 0.6353287653757151 7.406005859375 5.912109375 0 0
20 0.5 6.626953125 0.6408191851809747 7.620849609375 5.794921875 6.689013671875 5
30 0.2 8.6319580078125 1.5850830078125 10.217041015625 5.794921875 6.6579833984375 10
40 0.4 6.59161376953125 1.02406970546575 10.217041015625 5.547119140625 6.986979166666667 12
50 0.5 8.09619140625 1.7435442991172647 10.55810546875 5.547119140625 6.8881378173828125 16
60 0.7 6.325788225446429 0.7512978933116746 10.55810546875 5.547119140625 7.1757696242559526 21
70 1.3 7.0873272235576925 2.967043810895636 14.51611328125 5.547119140625 6.963274274553571 28
80 0.8 6.714447021484375 0.8832670740978672 14.51611328125 5.547119140625 7.002608136432927 41
90 1.3 6.8548114483173075 0.9551982645517597 14.51611328125 5.547119140625 6.955561423788265 49
100 1.8 7.752631293402778 2.7405858901516913 17.366943359375 5.547119140625 6.934436428931452 62
110 1.8 12.217732747395834 18.261392220826487 87.232177734375 5.547119140625 7.1185302734375 80
120 2.6 8.766967773437502 2.4631991270281346 87.232177734375 5.547119140625 8.05511848294005 98
130 3.3 13.606674656723484 9.188708683314088 87.232177734375 5.547119140625 8.20437720514113 124
140 4.1 12.953422732469512 9.070256479051029 87.232177734375 5.489990234375 9.33989195611067 157
150 4.2 65.46480305989583 68.78897335700222 327.78515625 5.489990234375 10.088148328993055 198
160 5.4 177.44892487702546 139.92672176587288 489.85693359375 5.489990234375 19.779062906901043 240
170 5.1 651.8515912224265 195.39045807622594 947.06005859375 0.72802734375 48.73883347284226 294
180 6.6 440.9883293383049 381.64252783208985 947.06005859375 0.706787109375 137.8946324445199 345
190 12.1 432.25964859891525 372.26164066714654 947.06005859375 0.6318359375 186.56661296760944 411
200 11.7 351.3857609675481 316.0535675719484 947.06005859375 0.6318359375 242.44792370330117 532
210 10.5 379.19901181175595 296.1606132425787 947.06005859375 0.6318359375 262.0869482948526 649
220 9.6 423.69432576497394 288.9488400190716 947.06005859375 0.6318359375 278.39565740529673 754
230 8.3 427.8718555864081 332.36642206923307 947.06005859375 0.6318359375 294.8058599494485 850
240 8.1 433.1100863233025 283.87488716951407 947.06005859375 0.6318359375 306.64345656023914 933
250 9.1 444.40673828125 276.9875899719775 947.06005859375 0.6318359375 316.7458204762235 1014
260 9.7 461.22082645376935 274.084021090768 947.06005859375 0.6318359375 327.2590725307551 1105
270 9.7 1800.0542319386275 9395.231961852776 66897.56909179688 0.6318359375 338.0696300436772 1202
280 9.1 409.4467746608861 255.59427207682916 66897.56909179688 0.6318359375 447.240150739451 1299
290 8.8 426.268085826527 442.71686491768304 66897.56909179688 0.6318359375 444.76590813286873 1390
300 7.6 404.0952726665296 279.7968836771624 66897.56909179688 0.6318359375 443.66454929460207 1478
310 7.3 402.7408229880137 237.5097025041001 66897.56909179688 0.6318359375 441.7293723166526 1554
320 4.6 506.5504203464674 102.23033055075115 66897.56909179688 0.6318359375 439.98003974075175 1627
330 1.5 456.5802734375 57.17924714621938 66897.56909179688 0.6318359375 441.81042677474034 1673
340 2.8 525.8007812500001 185.29095184191672 66897.56909179688 0.6318359375 441.9416754121464 1688
350 4.9 547.089375398597 76.89261248855459 66897.56909179688 0.6318359375 443.31000581043304 1716
360 5.4 626.4516782407408 145.63173531616897 66897.56909179688 0.6318359375 446.19113278483536 1765
370 3.4 561.5621768727021 122.05851170733816 66897.56909179688 0.6318359375 451.54246288633004 1819
380 1.9 317.2794253700658 99.50009698269605 66897.56909179688 0.6318359375 453.56117323470386 1853
390 0.5 12.836669921875 8.777271633420655 66897.56909179688 0.6318359375 452.177971733941 1872
400 0 0 0 66897.56909179688 0.6318359375 451.00764327946024 1877
410 0 0 0 66897.56909179688 0.6318359375 451.00764327946024 1877
420 0 0 0 66897.56909179688 0.6318359375 451.00764327946024 1877
430 0.1 6.35400390625 0.0 66897.56909179688 0.6318359375 451.00764327946024 1877
440 0 0 0 66897.56909179688 0.6318359375 450.7708735034362 1878
446 0 0 0 66897.56909179688 0.6318359375 450.7708735034362 1878
