20 0.8 4.67578125 0.1040265412392244 4.876953125 4.56201171875 0 0
30 2.4 5.722442626953125 2.0000755552987335 11.73388671875 4.501953125 4.67578125 8
40 0.8 6.073486328125 1.5002093864369768 11.73388671875 4.501953125 5.460777282714844 32
50 0.8 4.92669677734375 0.374704597272367 11.73388671875 4.501953125 5.583319091796875 40
60 0.8 5.779266357421875 2.0147649772450262 11.73388671875 4.501953125 5.4738820393880205 48
70 4 5.5093627929687505 2.003117201539985 13.525146484375 4.4599609375 5.517508370535714 56
80 2.4 5.090087890624999 1.1533081781888663 13.525146484375 4.4599609375 5.5141143798828125 96
90 0 0 0 13.525146484375 4.4599609375 5.42930908203125 120
100 0 0 0 13.525146484375 4.4599609375 5.42930908203125 120
110 2.8 7.37603759765625 3.704312844884984 23.0498046875 4.4599609375 5.42930908203125 120
120 4.4 7.854902787642046 4.187713719421609 26.782958984375 4.4599609375 5.7976090714738175 148
130 3.4 7.423469094669118 3.698590772379864 26.782958984375 4.4599609375 6.26907221476237 192
140 4.6 12.967831818953801 12.306031645360843 70.976806640625 4.4599609375 6.442742541827987 226
150 6.6 56.97722833806818 47.234951419700316 214.572998046875 4.4599609375 7.5462502872242645 272
160 8 158.21594238281247 133.6988524938905 465.906005859375 4.4599609375 17.198453101886095 338
170 4.4 680.4587180397726 145.9172012568193 929.4228515625 4.4599609375 44.18744626569976 418
180 17.3 405.476381864162 374.33947855760573 971.26513671875 0.721923828125 104.7847102441829 462
190 19.5 361.1051344651442 380.0760356690212 971.26513671875 0.721923828125 186.70543337844492 635
200 12.2 521.823658427254 262.98880297359693 971.26513671875 0.721923828125 227.6788571277297 830
210 16.7 505.98853270022437 744.5616999064285 7507.666015625 0.721923828125 265.3738841850217 952
220 22.4 529.3039267403739 803.363755753102 7507.666015625 0.718017578125 301.2833089410886 1119
230 21.8 430.62964091169727 537.4978682218454 7507.666015625 0.718017578125 339.3150426618927 1343
240 20.5 487.2816692073173 570.68371598509 7507.666015625 0.718017578125 352.0674977666059 1561
250 20.2 474.98350842164297 629.8723439402019 7507.666015625 0.718017578125 367.76336704483117 1766
260 22.6 519.7706946989076 807.4640927429432 7507.666015625 0.718017578125 378.76868643411774 1968
270 29.3 424.80773050874564 711.7461771768243 7507.666015625 0.718017578125 393.29305009311616 2194
280 30.4 422.89879728618416 592.6635417749817 7507.666015625 0.718017578125 397.0058773395092 2487
290 31.7 338.0727785513602 497.82259263877023 7507.666015625 0.718017578125 399.82617388690767 2791
300 43.2 296.80013077347314 410.30935506269844 7507.666015625 0.718017578125 393.52764546947895 3108
310 39.8 347.8574715619112 260.0856510299018 7507.666015625 0.718017578125 381.723609777763 3540
320 25.9 490.08530688193764 129.15931284188633 7507.666015625 0.718017578125 378.30087666199125 3938
330 24.5 452.36867426658165 77.2921830130025 7507.666015625 0.718017578125 385.19917721642685 4197
340 19 523.9385408100329 153.0161052219173 7507.666015625 0.718017578125 388.90393335719403 4442
350 20.8 526.9445319542517 76.58991152269888 7507.666015625 0.718017578125 394.44291768708166 4632
360 15.7 648.0413141918789 113.20685031325145 7507.666015625 0.718017578125 400.13720193657986 4840
370 20.3 507.45267760929823 138.08718103948908 7507.666015625 0.718017578125 407.9260643788616 4997
380 34.8 230.59282675556753 113.51361359900334 7507.666015625 0.718017578125 411.81143024151135 5200
390 10.6 8.215221477004715 5.158361820498404 7507.666015625 0.718017578125 400.4444378094442 5548
400 12.6 10.092641679067459 8.214618700230051 7507.666015625 0.718017578125 393.0910071530525 5654
410 4.7 5.686055934175532 1.3043681303916894 7507.666015625 0.718017578125 384.7419078364916 5780
420 4 5.471221923828125 3.1075640169058816 7507.666015625 0.718017578125 381.68448119509657 5827
430 2.4 4.690907796223958 0.3731032622109006 7507.666015625 0.718017578125 379.1195365264668 5867
440 1.6 5.318634033203125 2.0196536779187215 7507.666015625 0.718017578125 377.59411009809713 5891
446 0.8 4.607330322265625 0.2515071481470738 7507.666015625 0.718017578125 376.58574584940266 5907
