20 0.8 6.717041015625 0.22298490795889495 7.2919921875 6.55810546875 0 0
30 2.4 7.557566324869792 1.504279091232497 10.137939453125 6.52001953125 6.717041015625 8
40 0.8 8.114044189453125 1.5449561607785838 10.376953125 6.52001953125 7.347434997558594 32
50 0.8 7.57177734375 2.171244715067614 13.31103515625 6.52001953125 7.5007568359375 40
60 0.8 8.658355712890625 3.3572819664260742 15.864013671875 6.52001953125 7.512593587239583 48
70 4 7.356304931640625 1.5607004836158878 15.864013671875 6.52001953125 7.676273890904018 56
80 2.4 7.855733235677083 2.8360247803636276 17.7568359375 6.463134765625 7.5429534912109375 96
90 0 0 0 17.7568359375 6.463134765625 7.605509440104167 120
100 0 0 0 17.7568359375 6.463134765625 7.605509440104167 120
110 2.7 8.905644169560185 2.8206396850419573 20.047119140625 6.463134765625 7.605509440104167 120
120 4.5 11.046983506944445 6.231247155483279 30.280029296875 6.385009765625 7.8443096965348635 147
130 3.4 10.996194278492647 6.057669374622272 31.23291015625 6.385009765625 8.59493637084961 192
140 4.6 16.31566321331522 10.456734652781662 46.17919921875 6.385009765625 8.956187560495023 226
150 6.6 54.97824559067235 47.72107659560757 202.39111328125 6.385009765625 10.200804766486673 272
160 7.6 161.43439363178453 131.3966800008482 484.18896484375 6.385009765625 18.944328714404588 338
170 4.2 675.362287248884 165.85244301520717 934.756103515625 6.385009765625 45.10192517266757 414
180 17.1 377.1105014734102 386.63553699551875 934.756103515625 0.1201171875 103.1522216796875 456
190 19.7 328.0704810437815 374.85624054919407 934.756103515625 0.117919921875 177.8681161688846 627
200 11.5 486.0784052309783 286.8893513709729 934.756103515625 0.117919921875 213.77814757708202 824
210 16.6 458.80976444841866 519.2133213862547 6007.072998046875 0.117919921875 247.1269544250033 939
220 22.2 507.57812390026737 742.9057633132702 6007.072998046875 0.114990234375 278.92726796698247 1105
230 20.9 1054.583823172099 1445.5267990451703 6007.072998046875 0.114990234375 317.17933278777315 1327
240 20.8 736.3426807110126 1174.6461675022988 6007.072998046875 0.114990234375 417.5162719090779 1536
250 20.8 840.3839486929088 1286.0062502191115 6007.072998046875 0.114990234375 455.541439931327 1744
260 21.8 701.4978676892199 1691.6083287678262 20230.69287109375 0.114990234375 496.5492482419873 1952
270 28.1 1159.444291627279 1410.9845946171351 20230.69287109375 0.054931640625 517.1385565551194 2170
280 30.1 951.1977287621993 1356.1796903717554 20230.69287109375 0.054931640625 590.777035361842 2451
290 30.6 1295.4949903301163 1497.80649783893 20230.69287109375 0.054931640625 630.1980487025062 2752
300 46.3 1123.8954645737708 1848.5543621698093 32109.14404296875 0.054931640625 696.7712547646541 3058
310 40.3 334.2972506009614 270.43220130071296 32109.14404296875 0.054931640625 752.9366933166624 3521
320 25.6 492.0851068496704 129.9201133957496 32109.14404296875 0.054931640625 709.9418677778175 3924
330 25 457.92801171874993 76.40476883699654 32109.14404296875 0.054931640625 696.5994441420266 4180
340 19.2 534.1360562642416 154.40835750608235 32109.14404296875 0.054931640625 683.1304016802164 4430
350 20.7 536.6253797743054 69.8010523159418 32109.14404296875 0.054931640625 676.9411082315218 4622
360 16.2 645.4986888744211 99.30444852297478 32109.14404296875 0.054931640625 670.9263317165821 4829
370 19.6 517.4563511439733 140.6253052212124 32109.14404296875 0.054931640625 670.1009904742599 4991
380 36 239.6158738878037 112.69813760357015 32109.14404296875 0.054931640625 664.3330418895797 5187
390 10.7 11.080787729994158 5.998408583030501 32109.14404296875 0.054931640625 636.7689206563655 5547
400 12.6 12.598088340153774 9.471378483122312 32109.14404296875 0.054931640625 624.9279885334221 5654
410 4.7 8.716859208776599 2.7620742889369923 32109.14404296875 0.054931640625 611.5796204669252 5780
420 4 6.909979248046875 0.8317839259161461 32109.14404296875 0.054931640625 606.716989648471 5827
430 2.4 6.913991292317708 0.8251237058827268 32109.14404296875 0.054931640625 602.6276287457921 5867
440 1.6 7.893798828125 2.53687572357767 32109.14404296875 0.054931640625 600.2006847127105 5891
446 0.8 6.572052001953125 0.06444415839275526 32109.14404296875 0.054931640625 598.5963322200487 5907
