0 0.1 0.0 0 0.0 0.0 0 0
10 0.1 0.078125 0.0 0.078125 0.0 0.0 1
20 0.1 0.05859375 0.0 0.078125 0.0 0.0390625 2
30 0.1 0.05078125 0.0 0.078125 0.0 0.045572916666666664 3
40 0.1 0.05078125 0.0 0.078125 0.0 0.046875 4
50 0.1 0.0390625 0.0 0.078125 0.0 0.04765625 5
60 0.1 0.03125 0.0 0.078125 0.0 0.046223958333333336 6
70 0.1 0.03125 0.0 0.078125 0.0 0.04408482142857143 7
80 0.1 0.01953125 0.0 0.078125 0.0 0.04248046875 8
90 0.1 0.01953125 0.0 0.078125 0.0 0.03993055555555555 9
100 0.1 0.01953125 0.0 0.078125 0.0 0.037890625 10
110 0.1 0.08984375 0.0 0.08984375 0.0 0.03622159090909091 11
120 0.1 0.0703125 0.0 0.08984375 0.0 0.040690104166666664 12
130 0.1 0.19140625 0.0 0.19140625 0.0 0.04296875 13
140 0.1 0.16015625 0.0 0.19140625 0.0 0.05357142857142857 14
150 0.1 0.140625 0.0 0.19140625 0.0 0.06067708333333333 15
160 0.1 0.12109375 0.0 0.19140625 0.0 0.065673828125 16
170 0.1 0.1015625 0.0 0.19140625 0.0 0.06893382352941177 17
180 0.1 0.078125 0.0 0.19140625 0.0 0.07074652777777778 18
190 0.1 0.0703125 0.0 0.19140625 0.0 0.07113486842105263 19
200 0.1 0.05859375 0.0 0.19140625 0.0 0.07109375 20
210 0.1 0.05078125 0.0 0.19140625 0.0 0.0704985119047619 21
220 0.1 0.0390625 0.0 0.19140625 0.0 0.06960227272727272 22
230 0.1 0.109375 0.0 0.19140625 0.0 0.06827445652173912 23
240 0.1 0.08984375 0.0 0.19140625 0.0 0.06998697916666666 24
250 0.1 0.16015625 0.0 0.19140625 0.0 0.07078124999999999 25
260 0.1 0.12890625 0.0 0.19140625 0.0 0.07421874999999999 26
270 0.1 0.109375 0.0 0.19140625 0.0 0.07624421296296295 27
280 0.1 0.1015625 0.0 0.19140625 0.0 0.07742745535714284 28
290 0.1 0.078125 0.0 0.19140625 0.0 0.07825969827586206 29
300 0.1 0.0703125 0.0 0.19140625 0.0 0.07825520833333331 30
310 0.1 0.05859375 0.0 0.19140625 0.0 0.07799899193548386 31
320 0.1 0.05078125 0.0 0.19140625 0.0 0.07739257812499999 32
330 0.1 0.0390625 0.0 0.19140625 0.0 0.07658617424242423 33
340 0.1 0.0390625 0.0 0.19140625 0.0 0.07548253676470587 34
350 0.1 0.03125 0.0 0.19140625 0.0 0.07444196428571427 35
