0 2.253125 2.253125
10 14.2984375 16.5515625
20 27.1796875 43.73125
30 46.375 90.10625
40 110.41875 200.525
50 171.3109375 371.8359375
60 199.6203125 571.45625
70 236.26171875 807.71796875
80 245.6546875 1053.37265625
90 309.4421875 1362.81484375
100 283.08515625 1645.9
110 366.5671875 2012.4671875
120 528.384375 2540.8515625
130 584.20703125 3125.05859375
140 716.2578125 3841.31640625
150 917.28984375 4758.60625
160 1226.590625 5985.196875
170 1388.15234375 7373.34921875
180 1826.15703125 9199.50625
190 2361.9875 11561.49375
200 2945.53359375 14507.02734375
210 3333.3296875 17840.35703125
220 3445.084375 21285.44140625
230 3123.98984375 24409.43125
240 2692.0859375 27101.5171875
250 2016.375 29117.8921875
260 1278.66015625 30396.55234375
270 632.54453125 31029.096875
280 451.9578125 31481.0546875
290 133.73359375 31614.78828125
300 171.49140625 31786.2796875
310 118.66875 31904.9484375
320 19.45546875 31924.40390625
330 39.75859375 31964.1625
340 10.93671875 31975.09921875
350 13.7734375 31988.87265625
351 0 31988.87265625
