0 14.31796875 14.31796875
10 68.74921875 83.0671875
20 69.95859375 153.02578125
30 111.746875 264.77265625
40 178.93671875 443.709375
50 291.3609375 735.0703125
60 370.93828125 1106.00859375
70 484.3171875 1590.32578125
80 411.99609375 2002.321875
90 466.89375 2469.215625
100 545.4765625 3014.6921875
110 685.2671875 3699.959375
120 917.815625 4617.775
130 978.3296875 5596.1046875
140 1234.11328125 6830.21796875
150 1801.2359375 8631.45390625
160 2436.6140625 11068.06796875
170 2543.95546875 13612.0234375
180 3270.55 16882.5734375
190 4682.60546875 21565.17890625
200 5667.06484375 27232.24375
210 5664.21328125 32896.45703125
220 5180.16875 38076.62578125
230 4222.3796875 42299.00546875
240 3349.66953125 45648.675
250 2148.86328125 47797.53828125
260 1380.6484375 49178.18671875
270 648.9328125 49827.11953125
280 652.30625 50479.42578125
290 82.3640625 50561.78984375
300 247.50546875 50809.2953125
310 161.8078125 50971.103125
320 12.42109375 50983.52421875
330 68.12421875 51051.6484375
340 6.66796875 51058.31640625
350 8.8921875 51067.20859375
351 0 51067.20859375
