30 0.2 7.972900390625 0.41796875 8.390869140625 7.554931640625 0 0
40 0.1 7.702880859375 0.0 8.390869140625 7.554931640625 7.972900390625 2
50 0 0 0 8.390869140625 7.554931640625 7.882893880208333 3
60 0.1 106.876953125 0.0 106.876953125 7.554931640625 7.882893880208333 3
70 0 0 0 106.876953125 7.554931640625 32.63140869140625 4
80 0.4 7.63153076171875 0.13176984189782576 106.876953125 7.47412109375 32.63140869140625 4
90 0.2 11.9739990234375 4.2860107421875 106.876953125 7.47412109375 20.1314697265625 8
100 0.4 8.1932373046875 0.48832206555485086 106.876953125 7.47412109375 18.4999755859375 10
110 0.4 7.90447998046875 0.16664340308869752 106.876953125 7.47412109375 15.555193219866071 14
120 0.4 8.112548828125 0.4621468213630014 106.876953125 7.47412109375 13.855034722222221 18
130 0.2 7.916015625 0.06494140625 106.876953125 7.47412109375 12.810946377840908 22
140 0.5 10.35341796875 2.5272353824453493 106.876953125 7.47412109375 12.403035481770834 24
150 0.7 9.585309709821429 1.7974849156604893 106.876953125 7.47412109375 12.049653151939655 29
160 0.5 12.29384765625 3.2610658592035593 106.876953125 7.47412109375 11.570475260416666 36
170 1 9.1022705078125 2.1976996545339706 106.876953125 7.453125 11.65869140625 41
180 1.2 11.297403971354166 4.152530384664191 106.876953125 7.453125 11.157432406556373 51
190 1.7 32.850514131433826 31.597739318182846 106.876953125 7.453125 11.184093656994047 63
200 2.9 62.594204606681025 27.905248988715474 137.071044921875 7.453125 15.7882080078125 80
210 2.9 50.57699690193966 37.01651668377786 166.7109375 7.453125 28.241179579988533 109
220 1.9 17.44347502055921 9.414515043802197 166.7109375 7.453125 32.93493829257246 138
230 1.7 9.371668198529411 1.912296087219448 166.7109375 7.43115234375 31.060175221437103 157
240 0.7 11.324462890625 1.8635703219924464 166.7109375 7.43115234375 28.941183155980603 174
250 0.2 9.8121337890625 1.3680419921875 166.7109375 7.43115234375 28.259873532458563 181
260 0.1 7.79296875 0.0 166.7109375 7.43115234375 28.058258890454233 183
270 0.2 8.3905029296875 0.6466064453125 166.7109375 7.43115234375 27.948121444038723 184
280 0 0 0 166.7109375 7.43115234375 27.737824470766128 186
290 0 0 0 166.7109375 7.43115234375 27.737824470766128 186
300 0 0 0 166.7109375 7.43115234375 27.737824470766128 186
310 0 0 0 166.7109375 7.43115234375 27.737824470766128 186
320 0 0 0 166.7109375 7.43115234375 27.737824470766128 186
330 0 0 0 166.7109375 7.43115234375 27.737824470766128 186
340 0 0 0 166.7109375 7.43115234375 27.737824470766128 186
350 0 0 0 166.7109375 7.43115234375 27.737824470766128 186
351 0 0 0 166.7109375 7.43115234375 27.737824470766128 186
