40 0.1 11.508056640625 0 11.508056640625 11.508056640625 0 0
50 0.2 13.1630859375 1.708984375 14.8720703125 11.4541015625 11.508056640625 1
60 0.2 12.801025390625 1.56689453125 14.8720703125 11.234130859375 12.611409505208334 3
70 0.4 11.82733154296875 0.44591285575316975 14.8720703125 11.234130859375 12.687255859375 5
80 0.2 11.41015625 0.344970703125 14.8720703125 11.065185546875 12.305067274305555 9
90 0.2 15.083984375 3.059814453125 18.143798828125 11.065185546875 12.142356178977273 11
100 0.2 12.080078125 0.2080078125 18.143798828125 11.065185546875 12.59491436298077 13
110 0.3 22.975341796875 14.36207330649249 43.22998046875 11.065185546875 12.52626953125 15
120 0.3 11.988362630208334 0.9599763427684894 43.22998046875 11.065185546875 14.267781575520834 18
130 0.3 12.090006510416666 1.2813596962797906 43.22998046875 11.065185546875 13.942150297619047 21
140 0.2 20.3370361328125 8.1248779296875 43.22998046875 11.065185546875 13.71063232421875 24
150 1 13.1059814453125 2.552011653918568 43.22998046875 11.065185546875 14.220355694110577 26
160 1.4 12.234706333705358 0.9711106259194915 43.22998046875 10.912109375 13.910807291666666 36
170 1.2 12.567789713541666 1.5045151450816636 43.22998046875 10.912109375 13.4414990234375 50
180 1.5 14.66025390625 2.0710024485110807 43.22998046875 10.912109375 13.272393995715726 62
190 2.2 26.70291415127841 17.31612065928478 74.906982421875 10.912109375 13.542756315949676 77
200 3.5 57.95378069196428 27.068552170914693 110.364990234375 1.212158203125 16.467235834911616 99
210 2.8 264.4279174804688 704.5137166955907 3117.3681640625 1.212158203125 27.303273670708954 134
220 3.7 21.74630489864865 9.393260899313704 3117.3681640625 1.212158203125 68.28778000819831 162
230 3.4 13.586799172794118 2.318002502716069 3117.3681640625 1.212158203125 59.6343399124529 199
240 2.9 14.536907327586206 3.1715546989870327 3117.3681640625 1.212158203125 52.91495628520655 233
250 1.5 13.211295572916667 1.9808656090308323 3117.3681640625 1.212158203125 48.66700430134781 262
260 1.1 12.167547052556818 1.8783248901481873 3117.3681640625 1.212158203125 46.74702007417645 277
270 0.3 12.178629557291666 1.3628273797126185 3117.3681640625 1.212158203125 45.42627631293403 288
280 0.7 12.799002511160714 1.1617576897821003 3117.3681640625 1.212158203125 45.083517068030496 291
290 0 0 0 3117.3681640625 1.212158203125 44.32515598783557 298
300 0.3 13.066324869791666 0.5577267882208151 3117.3681640625 1.212158203125 44.32515598783557 298
310 0.2 12.612548828125 0.0224609375 3117.3681640625 1.212158203125 44.01360617602782 301
320 0 0 0 3117.3681640625 1.212158203125 43.80633847076114 303
330 0.1 13.593017578125 0.0 3117.3681640625 1.212158203125 43.80633847076114 303
340 0 0 0 3117.3681640625 1.212158203125 43.70695254677221 304
350 0 0 0 3117.3681640625 1.212158203125 43.70695254677221 304
351 0 0 0 3117.3681640625 1.212158203125 43.70695254677221 304
