40 0.8 8.5360107421875 0.12459325177868295 8.698974609375 8.322998046875 0 0
50 1.6 8.646636962890625 0.162535735817997 9.01806640625 8.322998046875 8.5360107421875 8
60 1.6 8.866378784179688 0.809674810601027 11.427001953125 8.322998046875 8.609761555989584 24
70 3.2 8.705024719238285 0.4976070172136323 11.427001953125 8.291015625 8.712408447265625 40
80 1.6 9.228530883789063 1.340712492175117 12.819091796875 8.291015625 8.709126790364586 72
90 1.6 8.55902099609375 0.20763936790058773 12.819091796875 8.291015625 8.803563898259945 88
100 1.6 9.5557861328125 1.7160295262284917 13.86083984375 8.291015625 8.7659419133113 104
110 2.4 8.967508951822918 0.8611812968592649 13.86083984375 8.291015625 8.87125447591146 120
120 2.4 9.225606282552084 0.9567617151441596 13.86083984375 8.291015625 8.88729688856337 144
130 2.4 9.730021158854168 1.5758462301883442 14.904052734375 8.291015625 8.93562680199033 168
140 1.6 10.282516479492188 1.2244279815896129 14.904052734375 8.291015625 9.034926096598308 192
150 8 9.495919799804685 1.1724418732595918 14.904052734375 8.291015625 9.130894587590145 208
160 11.2 10.284375871930807 2.5859174665546982 29.135009765625 8.291015625 9.232290479871962 288
170 9.6 10.684883117675776 2.0099589674380063 29.135009765625 8.291015625 9.52687438964844 400
180 10.4 10.91360004131611 2.373815924233563 29.135009765625 8.291015625 9.751005111202117 496
190 19.2 23.630611419677717 17.39398338655759 97.174072265625 8.291015625 9.952521565755209 600
200 25.2 53.015848795572914 34.16526880754402 206.965087890625 1.1279296875 13.268422136403089 792
210 25.2 41.00886656746031 127.45579146972375 2002.345947265625 1.1279296875 22.862628571375115 1044
220 29.6 16.361738050306176 8.361643268495882 2002.345947265625 1.1279296875 26.391063737280568 1296
230 25.9 11.037564664273653 3.586279542424837 2002.345947265625 1.1279296875 24.526314740204928 1592
240 23.4 11.164778228498935 2.937577945101481 2002.345947265625 1.1279296875 22.638909948380938 1851
250 13.1 10.528150718630725 2.3773702041315303 2002.345947265625 1.1279296875 21.351165669027274 2085
260 8.8 9.55251520330255 2.5065925064773675 2002.345947265625 1.1279296875 20.711357474757442 2216
270 2.4 8.880910237630209 0.768000799318045 2002.345947265625 1.1279296875 20.285151693556042 2304
280 5.6 8.898110525948663 0.5213149113830067 2002.345947265625 1.1279296875 20.167582194010414 2328
290 0 0 0 2002.345947265625 1.1279296875 19.90286306086802 2384
300 2.4 9.065734863281252 0.7786974445938035 2002.345947265625 1.1279296875 19.90286306086802 2384
310 1.6 8.697174072265625 0.6834562756041992 2002.345947265625 1.1279296875 19.7948518163738 2408
320 0 0 0 2002.345947265625 1.1279296875 19.721599818062856 2424
330 0.8 8.578338623046875 0.16036464054707117 2002.345947265625 1.1279296875 19.721599818062856 2424
340 0 0 0 2002.345947265625 1.1279296875 19.684944353605566 2432
350 0 0 0 2002.345947265625 1.1279296875 19.684944353605566 2432
351 0 0 0 2002.345947265625 1.1279296875 19.684944353605566 2432
