0 0.8 27.238677978515625 45.6747455763232 115.545166015625 0.736083984375 0 0
10 1.6 1.6696014404296875 1.5829272869668634 115.545166015625 0.593994140625 27.238677978515625 8
20 0.6 1.2947591145833333 0.9217131269620099 115.545166015625 0.593994140625 10.192626953125 24
30 1.7 2.3321461397058822 2.6301622175357515 115.545166015625 0.593994140625 8.413053385416667 30
40 1.6 2.6066741943359375 2.297344828692687 115.545166015625 0.593994140625 6.213576296542553 47
50 1.2 1.4131876627604167 1.1225975993704924 115.545166015625 0.593994140625 5.297537667410714 63
60 2 2.73634033203125 3.099340862020586 115.545166015625 0.593994140625 4.676041666666666 75
70 1.8 2.8873969184027777 2.980109324134013 115.545166015625 0.593994140625 4.267683490953948 95
80 2 2.90897216796875 3.2166343117722085 115.545166015625 0.5859375 4.047814833379425 113
90 3.8 2.212145353618421 2.7973015792459526 115.545166015625 0.571044921875 3.8765602972274436 133
100 3.5 2.4615373883928573 2.68485797928061 115.545166015625 0.566162109375 3.506690309758772 171
110 4 4.33321533203125 4.160707337158697 115.545166015625 0.550048828125 3.3291157842839807 206
120 6.1 3.558205526383196 3.1908535056822163 115.545166015625 0.550048828125 3.492384003429878 246
130 8 3.824438476562501 3.9027675693685984 115.545166015625 0.550048828125 3.505462547078583 307
140 11.8 3.4482504634533897 3.8562067035733203 115.545166015625 0.4931640625 3.5714007237160854 387
150 16.5 3.1502204663825757 3.2506467266247867 115.545166015625 0.4931640625 3.5426250193378714 505
160 18.6 3.2162967804939515 3.3636469642974283 115.545166015625 0.4931640625 3.445988077192164 670
170 21.1 3.182629915210308 3.4470358644895 115.545166015625 0.4931640625 3.3960785197320384 856
180 36.6 2.5269428524163238 3.0737411640131893 115.545166015625 0.48486328125 3.353868908153702 1067
190 42.6 2.896376632188965 3.0471561213804463 115.545166015625 0.48486328125 3.1426651842179867 1433
200 22.9 483.1772205069596 1174.2294561463848 7013.373046875 0.48486328125 3.08622681780359 1859
210 29.3 4285.757982481869 5338.648430177683 15044.162109375 0.48486328125 55.739884650570225 2088
220 26.7 2013.8936662423923 5077.3104899063765 15044.162109375 0.48486328125 576.2755010573617 2381
230 20.2 2770.0068395633502 8848.91668548702 31084.806884765625 0.48486328125 721.2317133324384 2648
240 8.1 2.4989691840277786 3.4014566443230847 31084.806884765625 0.48388671875 866.4431433319627 2850
250 4.5 2.086865234375 2.731044681066388 31084.806884765625 0.48388671875 842.5675110883658 2931
260 1.6 1.3163604736328125 1.8315906548324254 31084.806884765625 0.48388671875 829.8586303546864 2976
270 0.5 2.4630859375 1.772710941390636 31084.806884765625 0.48388671875 825.4279230291194 2992
280 0.2 1.051513671875 0.45361328125 31084.806884765625 0.48388671875 824.0549419862571 2997
290 0.2 0.952392578125 0.2294921875 31084.806884765625 0.48388671875 823.5060900834133 2999
300 0 0 0 31084.806884765625 0.48388671875 822.957903680544 3001
310 0.1 1.323974609375 0.0 31084.806884765625 0.48388671875 822.957903680544 3001
320 0 0 0 31084.806884765625 0.48388671875 822.684208167862 3002
330 0.3 0.7596842447916666 0.006067056907427015 31084.806884765625 0.48388671875 822.684208167862 3002
340 0 0 0 31084.806884765625 0.48388671875 821.8636512388207 3005
350 0 0 0 31084.806884765625 0.48388671875 821.8636512388207 3005
356 0.1 0.7919921875 0.0 31084.806884765625 0.48388671875 821.8636512388207 3005
