10 0.4 10.40203857421875 3.9339524757100266 14.406982421875 6.30810546875 0 0
20 0.3 5.970703125 0.4261581199563756 14.406982421875 5.416015625 10.40203857421875 4
30 0.3 23.763997395833332 15.747656799697587 46.033935546875 5.416015625 8.502894810267858 7
40 0.3 38.321044921875 29.760184366006975 77.7421875 5.416015625 13.0812255859375 10
50 0.4 12.83306884765625 7.590158602996112 77.7421875 5.416015625 18.905799278846153 13
60 0.9 75.13595920138889 52.12258502907056 188.919921875 5.416015625 17.476921530330884 17
70 0.7 31.44287109375 35.658815021082624 188.919921875 5.408935546875 37.43581918569711 26
80 0.7 46.675048828125 39.35483736707523 188.919921875 5.408935546875 36.16458777225379 33
90 0.8 67.52645874023438 49.10683683746818 188.919921875 5.408935546875 38.00391845703125 40
100 0.5 343.688330078125 283.5247342557732 778.43994140625 5.408935546875 42.9243418375651 48
110 1 734.5029052734375 377.51228267380816 1500.700927734375 5.408935546875 71.29830299233491 53
120 1 851.5703857421875 284.6696453061821 1500.700927734375 5.408935546875 176.56887478298611 63
130 1.2 2437.3075154622397 910.9586022924814 3570.115966796875 0.71484375 269.03483518835617 73
140 2.8 2229.494899204799 1695.4159623792343 4107.679931640625 0.662109375 575.1439194623161 85
150 3.1 939.5606177545363 1387.9996817081408 4107.679931640625 0.619140625 985.0715958586836 113
160 4.7 965.3748909158907 1293.9167807935298 4107.679931640625 0.619140625 975.2740936279297 144
170 6.2 842.7715158770161 1144.3158526531897 4107.679931640625 0.619140625 972.8381641647578 191
180 6 637.2302978515628 950.2408816925172 4107.679931640625 0.60400390625 940.9641238729002 253
190 8.2 476.94723287442827 892.3126015674964 4107.679931640625 0.576904296875 882.7403872553914 313
200 11.1 877.9920357369087 1430.7868548934055 7371.69091796875 0.576904296875 798.4997830547863 395
210 8 734.4232818603516 1034.7272738324114 7371.69091796875 0.576904296875 815.937806864501 506
220 8.1 687.2042341820987 939.5261089063447 7371.69091796875 0.576904296875 804.8095440652997 586
230 5.1 857.7158873314951 860.1346625146358 7371.69091796875 0.576904296875 790.5276398665901 667
240 2.7 806.8000578703703 752.9253530101159 7371.69091796875 0.576904296875 795.3000641294177 718
250 1.8 996.2980278862847 628.9430462939475 7371.69091796875 0.576904296875 795.7168424260697 745
260 0.6 1074.1991780598958 125.64847747983126 7371.69091796875 0.576904296875 800.4487707855504 763
270 0.6 983.6217041015625 277.3423833875611 7371.69091796875 0.576904296875 802.5846647304738 769
280 0.2 718.0654296875 79.238525390625 7371.69091796875 0.576904296875 803.9862418094758 775
290 0.1 15.64404296875 0.0 7371.69091796875 0.576904296875 803.7650814179134 777
300 0 0 0 7371.69091796875 0.576904296875 802.7520723710636 778
310 0 0 0 7371.69091796875 0.576904296875 802.7520723710636 778
320 0 0 0 7371.69091796875 0.576904296875 802.7520723710636 778
330 0 0 0 7371.69091796875 0.576904296875 802.7520723710636 778
340 0 0 0 7371.69091796875 0.576904296875 802.7520723710636 778
350 0 0 0 7371.69091796875 0.576904296875 802.7520723710636 778
356 0 0 0 7371.69091796875 0.576904296875 802.7520723710636 778
