10 0.2 9.323974609375 0.781982421875 10.10595703125 8.5419921875 0 0
20 0.5 9.30703125 0.8777645525224388 10.593994140625 8.007080078125 9.323974609375 2
30 0.1 188.87109375 0.0 188.87109375 8.007080078125 9.311872209821429 7
40 0.4 70.15948486328125 26.427754789796595 188.87109375 8.007080078125 31.75677490234375 8
50 0.3 255.41764322916666 291.07261331559687 666.7509765625 8.007080078125 44.55767822265625 12
60 0.7 16.177455357142858 9.426981583824427 666.7509765625 7.81201171875 86.72967122395833 15
70 0.6 19.1737060546875 12.345126638424398 666.7509765625 7.77099609375 64.28123890269886 22
80 0.8 63.16339111328125 58.48589051366847 666.7509765625 7.77099609375 54.61533900669643 28
90 1.1 45.0927734375 70.96694147488549 666.7509765625 7.643798828125 56.51490614149306 36
100 0.1 631.482177734375 0.0 666.7509765625 7.643798828125 53.841641040558514 47
110 1 862.43505859375 489.00098095535355 1465.489013671875 7.643798828125 65.87581888834636 48
120 1.1 878.7443625710227 204.01295248103833 1465.489013671875 7.643798828125 203.21361883755387 58
130 0.7 2696.2617536272323 554.1272504773086 3529.343994140625 7.643798828125 310.9069258095562 69
140 1.6 1397.4614715576172 1799.7273034105256 3859.135986328125 0.766845703125 530.6106599506579 76
150 3.4 1649.9762178308824 1501.4623919660344 3885.7919921875 0.766845703125 681.3673228388247 92
160 3.8 1107.7088623046873 1382.2933047999536 3885.7919921875 0.766845703125 942.7379770430308 126
170 6.3 762.344947451637 1152.5608555048664 3885.7919921875 0.720947265625 980.9629382621952 164
180 5 670.1976318359375 1032.7306773860196 3885.7919921875 0.672119140625 920.2892227508949 227
190 6.9 420.1187266474185 857.1487004575642 3885.7919921875 0.672119140625 875.1463363041516 277
200 10.1 450.5171406056623 964.217470464537 5549.7861328125 0.64794921875 784.4038361124909 346
210 8.7 703.2567685883623 947.6371681924161 5549.7861328125 0.64599609375 708.9618758301874 447
220 7.5 496.1735644531251 813.9903409215116 5549.7861328125 0.64599609375 708.0323920660697 534
230 7.1 487.5076990261884 781.7534915813026 5549.7861328125 0.64599609375 681.9414034437859 609
240 5 561.2621337890625 736.1854151989164 5549.7861328125 0.64599609375 661.6402372472427 680
250 2.4 1047.6707255045574 562.3018394689568 5549.7861328125 0.64599609375 654.7650246816139 730
260 1.2 1104.6348266601563 352.6077967868883 5549.7861328125 0.64599609375 667.271306935925 754
270 0.5 1023.876708984375 214.61193762466758 5549.7861328125 0.64599609375 674.1229547645031 766
280 0.6 536.6273193359375 107.0613797533149 5549.7861328125 0.64599609375 676.3911373469925 771
290 0 0 0 5549.7861328125 0.64599609375 675.3118800650539 777
300 0.1 19.848876953125 0.0 5549.7861328125 0.64599609375 675.3118800650539 777
310 0 0 0 5549.7861328125 0.64599609375 674.4693826317481 778
320 0 0 0 5549.7861328125 0.64599609375 674.4693826317481 778
330 0 0 0 5549.7861328125 0.64599609375 674.4693826317481 778
340 0 0 0 5549.7861328125 0.64599609375 674.4693826317481 778
350 0 0 0 5549.7861328125 0.64599609375 674.4693826317481 778
356 0 0 0 5549.7861328125 0.64599609375 674.4693826317481 778
