10 0.4 163.37628173828125 8.315289499665772 172.506103515625 149.989990234375 0 0
20 0.3 180.92399088541666 39.59394014244786 236.75390625 149.296142578125 163.37628173828125 4
30 0.3 306.932373046875 150.27225360884938 511.31201171875 149.296142578125 170.896728515625 7
40 0.3 357.1417643229167 63.40574841525241 511.31201171875 149.296142578125 211.707421875 10
50 0.4 427.165771484375 102.22200257608618 596.211181640625 149.296142578125 245.2691932091346 13
60 0.9 522.9334038628472 230.05235996028992 869.155029296875 149.296142578125 288.06838809742646 17
70 0.7 446.0359584263393 221.58724216691968 869.155029296875 149.125 369.3678166316106 26
80 0.7 384.02378627232144 220.14064743218324 869.155029296875 149.125 385.6307558001894 33
90 0.8 825.320068359375 298.4951484707142 1158.065185546875 149.125 385.3495361328125 40
100 0.6 1319.8530680338542 388.2570373802886 1865.033203125 149.125 458.67795817057294 48
110 0.9 1531.4302571614583 404.65051575559596 2412.64404296875 149.125 554.3640814887153 54
120 1.4 1724.4609375 410.9113022938764 2466.2421875 149.125 693.9449637276786 63
130 1.2 2889.4537556966147 1349.6523534464327 4205.56298828125 1.0419921875 881.3115044135552 77
140 2.5 2435.02716796875 2162.3089573112247 4868.656982421875 0.737060546875 1152.0722573955406 89
150 3.4 1417.17824419807 1819.0606201097983 4868.656982421875 0.737060546875 1433.4220184861565 114
160 4.7 1205.5460542719413 1568.18909382649 4868.656982421875 0.721923828125 1429.6903406091637 148
170 6.2 637.1989982358871 1133.4239838981973 4868.656982421875 0.721923828125 1375.6658203124996 195
180 6 839.3175984700522 1179.1315101597127 4868.656982421875 0.64599609375 1197.5142912512158 257
190 8.8 670.1174704811791 1101.2727543382307 4868.656982421875 0.64599609375 1129.7168099677147 317
200 11 658.047929243608 1106.4277787649823 4868.656982421875 0.64599609375 1029.853249782986 405
210 7.8 752.3333333333334 1464.9961722991259 9207.465087890625 0.64599609375 950.4385211240898 515
220 8 873.8183898925779 1875.5780019140159 11456.580078125 0.64599609375 924.3808404366041 593
230 4.7 606.634370844415 865.3900985646601 11456.580078125 0.64599609375 918.3704451267645 673
240 2.5 925.179033203125 915.4981408385586 11456.580078125 0.64599609375 898.0210069444445 720
250 1.8 1252.4524061414932 935.1293426050369 11456.580078125 0.64599609375 898.9323501074874 745
260 0.7 1312.719273158482 426.4116339409769 11456.580078125 0.64599609375 907.2722727924312 763
270 0.5 1128.862060546875 383.00925645477275 11456.580078125 0.64599609375 910.9581546139408 770
280 0.2 1689.1104736328125 141.6566162109375 11456.580078125 0.64599609375 912.363986265121 775
290 0.1 234.509033203125 0.0 11456.580078125 0.64599609375 914.3633337229529 777
300 0 0 0 11456.580078125 0.64599609375 913.4894850076317 778
310 0 0 0 11456.580078125 0.64599609375 913.4894850076317 778
320 0 0 0 11456.580078125 0.64599609375 913.4894850076317 778
330 0 0 0 11456.580078125 0.64599609375 913.4894850076317 778
340 0 0 0 11456.580078125 0.64599609375 913.4894850076317 778
350 0 0 0 11456.580078125 0.64599609375 913.4894850076317 778
356 0 0 0 11456.580078125 0.64599609375 913.4894850076317 778
