0 1 11.1959228515625 31.115092240123193 104.541015625 0.739013671875 0 0
10 1.6 1.06768798828125 1.1812982946065202 104.541015625 0.575927734375 11.1959228515625 10
20 0.4 0.80224609375 0.040223603519644914 104.541015625 0.575927734375 4.963162935697115 26
30 1 0.74248046875 0.06004785457212106 104.541015625 0.575927734375 4.4083740234375 30
40 2.1 1.8151390438988095 3.1721983501341304 104.541015625 0.575927734375 3.491900634765625 40
50 1.4 1.3512137276785714 1.5371061473965184 104.541015625 0.575927734375 2.9146548411885247 61
60 0.9 3.6597764756944446 3.4674297109508383 104.541015625 0.575927734375 2.6228125 75
70 2.3 2.1213697350543477 2.1387043944880064 104.541015625 0.571044921875 2.7339157831101195 84
80 2.4 3.1560567220052085 3.3867924361986326 104.541015625 0.56494140625 2.6022470064252334 107
90 3.5 2.0675641741071433 1.7279775031243907 104.541015625 0.56494140625 2.7037083283635495 131
100 3.8 3.0308645148026314 2.9986258827469325 104.541015625 0.56494140625 2.5695815488516565 166
110 3.8 3.479903371710526 3.385558760228461 104.541015625 0.56494140625 2.6555068072150734 204
120 8.2 4.332814286394818 3.6191972764212528 104.541015625 0.56494140625 2.784957507425103 242
130 7.4 3.246067356418919 2.957652537769707 104.541015625 0.56494140625 3.1766990379050926 324
140 11.2 3.8167332240513394 3.6879736508029937 104.541015625 0.49609375 3.1895966649654524 398
150 16.3 3.4647299175613497 3.1590690977254896 104.541015625 0.49609375 3.3273207720588234 510
160 20.2 3.5879268835086635 3.624381045963287 104.541015625 0.49609375 3.3606011445950967 673
170 21.3 3.1267502475792264 3.190221679338123 104.541015625 0.4951171875 3.4130809151785715 875
180 36.6 3.642241264301571 3.7233525592375742 104.541015625 0.47900390625 3.3570253708783317 1088
190 43.4 3.3059920209893443 3.56506149217735 104.541015625 0.47900390625 3.4288197429504814 1454
200 38.4 3.6305007934570313 3.5226060021960603 104.541015625 0.47900390625 3.4005849805928894 1888
210 19.6 1091.1253537547832 1980.8992187029166 7018.526123046875 0.47900390625 3.4394439912178147 2272
220 22.2 2.947489970439189 3.1877644496287463 7018.526123046875 0.47900390625 89.81968641976677 2468
230 10.8 2.4252974898726842 3.252845255860128 7018.526123046875 0.47900390625 82.65030812543564 2690
240 5.7 2.735060307017545 3.567885213301807 7018.526123046875 0.47900390625 79.55370299725809 2798
250 7.4 2.1770844330658785 3.357022130876416 7018.526123046875 0.47900390625 78.02002081395031 2855
260 1.4 1.9242989676339286 2.2520279061255795 7018.526123046875 0.47900390625 76.10387971043872 2929
270 0.1 6.6240234375 0.0 7018.526123046875 0.47900390625 75.75100368923611 2943
280 0.3 2.6190592447916665 1.5353109569210952 7018.526123046875 0.47900390625 75.72752305735712 2944
290 0 0 0 7018.526123046875 0.47900390625 75.65309978235281 2947
300 0 0 0 7018.526123046875 0.47900390625 75.65309978235281 2947
310 0 0 0 7018.526123046875 0.47900390625 75.65309978235281 2947
320 0.1 0.7470703125 0.0 7018.526123046875 0.47900390625 75.65309978235281 2947
330 0 0 0 7018.526123046875 0.47900390625 75.62769068144716 2948
340 0.1 0.7939453125 0.0 7018.526123046875 0.47900390625 75.62769068144716 2948
342 0 0 0 7018.526123046875 0.47900390625 75.6023147081108 2949
