0 0.1 0.01953125 0 0.01953125 0.01953125 0 0
10 0.1 0.01171875 0.0 0.01953125 0.01171875 0.01953125 1
20 0.1 0.01171875 0.0 0.01953125 0.01171875 0.015625 2
30 0.1 0.01171875 0.0 0.01953125 0.01171875 0.014322916666666666 3
40 0.1 0.01171875 0.0 0.01953125 0.01171875 0.013671875 4
50 0.1 0.01171875 0.0 0.01953125 0.01171875 0.01328125 5
60 0.1 0.01171875 0.0 0.01953125 0.01171875 0.013020833333333334 6
70 0.1 0.0 0.0 0.01953125 0.0 0.012834821428571428 7
80 0.1 0.0 0.0 0.01953125 0.0 0.01123046875 8
90 0.1 0.0 0.0 0.01953125 0.0 0.009982638888888888 9
100 0.1 0.078125 0.0 0.078125 0.0 0.008984375 10
110 0.1 0.0703125 0.0 0.078125 0.0 0.015269886363636364 11
120 0.1 0.140625 0.0 0.140625 0.0 0.019856770833333332 12
130 0.1 0.19921875 0.0 0.19921875 0.0 0.029146634615384616 13
140 0.1 0.171875 0.0 0.19921875 0.0 0.041294642857142856 14
150 0.1 0.21875 0.0 0.21875 0.0 0.05 15
160 0.1 0.19140625 0.0 0.21875 0.0 0.060546875 16
170 0.1 0.16015625 0.0 0.21875 0.0 0.06824448529411764 17
180 0.1 0.12890625 0.0 0.21875 0.0 0.07335069444444445 18
190 0.1 0.109375 0.0 0.21875 0.0 0.07627467105263158 19
200 0.1 0.1015625 0.0 0.21875 0.0 0.0779296875 20
210 0.1 0.078125 0.0 0.21875 0.0 0.07905505952380952 21
220 0.1 0.0703125 0.0 0.21875 0.0 0.07901278409090909 22
230 0.1 0.05859375 0.0 0.21875 0.0 0.07863451086956522 23
240 0.1 0.12890625 0.0 0.21875 0.0 0.07779947916666667 24
250 0.1 0.109375 0.0 0.21875 0.0 0.07984375 25
260 0.1 0.08984375 0.0 0.21875 0.0 0.0809795673076923 26
270 0.1 0.078125 0.0 0.21875 0.0 0.08130787037037036 27
280 0.1 0.0703125 0.0 0.21875 0.0 0.08119419642857142 28
290 0.1 0.05859375 0.0 0.21875 0.0 0.08081896551724138 29
300 0.1 0.12890625 0.0 0.21875 0.0 0.080078125 30
310 0.1 0.109375 0.0 0.21875 0.0 0.08165322580645161 31
320 0.1 0.08984375 0.0 0.21875 0.0 0.08251953125 32
330 0.1 0.078125 0.0 0.21875 0.0 0.08274147727272728 33
340 0.1 0.0703125 0.0 0.21875 0.0 0.08260569852941177 34
