0 1.7 13.963048598345589 25.13675866858145 114.216064453125 3.9208984375 0 0
10 4.4 56.09786155007102 94.88951834376203 394.68212890625 3.9208984375 13.963048598345589 17
20 4.7 64.72580410571807 95.65334961334521 394.68212890625 3.9208984375 44.355372694672134 61
30 9.6 41.85250854492187 71.76313577541981 482.5400390625 3.8779296875 53.22028266059027 108
40 10.9 32.53552582067087 56.84365495638749 482.5400390625 3.673095703125 47.870741900275725 204
50 10.3 94.55676388046116 166.3029256747635 832.018798828125 3.597900390625 42.53036313772963 313
60 11.6 84.58110940867456 154.8539058122743 832.018798828125 3.597900390625 55.41189986008864 416
70 11.7 48.77435772235576 78.10898391307148 832.018798828125 3.597900390625 61.772103445870535 532
80 15 173.7604654947917 496.4521271177808 4204.678955078125 3.597900390625 59.428904293865564 649
90 17.7 103.231540485964 172.99063554653463 4204.678955078125 3.597900390625 80.89290201619211 799
100 20.4 257.58022054036456 370.84899377999636 4204.678955078125 3.597900390625 84.94406903376344 976
110 24.8 168.93092592300903 246.1020281997083 4204.678955078125 3.597900390625 114.78964098914194 1180
120 28.2 795.7397296445589 744.7068539201891 4204.678955078125 3.597900390625 124.1923291289172 1428
130 26.3 2356.59284120277 1286.462931656998 6848.807861328125 0.642822265625 234.93874254728618 1710
140 45.4 2363.865432806477 2331.0476809798497 8626.885986328125 0.615966796875 517.7542660882858 1973
150 59.4 1831.7102663187861 2003.9903320021378 8626.885986328125 0.60205078125 863.0919132617753 2427
160 82.8 1347.8009357544524 1614.958995960367 8626.885986328125 0.593994140625 1053.5451743395192 3021
170 103.3 993.4280716341216 1405.4357147091303 8626.885986328125 0.573974609375 1116.8457122588657 3849
180 148.6 749.3595356793625 1191.8676668834248 8626.885986328125 0.566162109375 1090.7313282430196 4882
190 197.7 572.1234736580058 939.067115832242 8626.885986328125 0.566162109375 1011.0707623275683 6368
200 177.7 723.3473791359652 1050.077633063089 8626.885986328125 0.566162109375 907.0804939393447 8345
210 171.3 1382.1909456180686 2009.7618664647598 10721.89599609375 0.56396484375 874.8246408465167 10122
220 205.7 780.2532881243914 1370.545821074745 13278.073974609375 0.551025390625 948.2609298261253 11835
230 155.9 681.7261907297342 868.8357351818585 13278.073974609375 0.551025390625 923.3838985145455 13892
240 117.1 930.7017812883618 907.0562256288672 13278.073974609375 0.551025390625 899.0007280766114 15451
250 114.1 905.1732080377685 826.0094949770521 13278.073974609375 0.551025390625 901.2340293226083 16622
260 78.3 1295.341969301267 653.4416995632523 13278.073974609375 0.551025390625 901.4870610691601 17763
270 76.1 1058.8205579238859 420.8333161581828 13278.073974609375 0.551025390625 918.1153579065234 18546
280 57.4 382.629152517285 333.16470009735286 13278.073974609375 0.551025390625 923.6613597303807 19307
290 18.6 16.538247385332646 22.317185317614037 13278.073974609375 0.551025390625 908.0407930113869 19881
300 9.1 9.61401098901099 8.234059050150309 13278.073974609375 0.551025390625 899.777501364083 20067
310 5.4 8.732286241319441 4.54628580974235 13278.073974609375 0.551025390625 895.7590036150934 20158
320 3.5 9.938197544642858 6.179250632383545 13278.073974609375 0.551025390625 893.3891519062976 20212
330 1.1 11.968017578125 5.750539468819549 13278.073974609375 0.551025390625 891.8619733908306 20247
340 1.8 9.526190863715279 5.816415767125628 13278.073974609375 0.551025390625 891.3841950556574 20258
342 0 0 0 13278.073974609375 0.551025390625 890.6013264387973 20276
