0 1.7 13.963048598345589 25.13675866858145 114.216064453125 3.9208984375 0 0
10 5.3 46.55666365713444 73.44018813530374 351.784912109375 3.9208984375 13.963048598345589 17
20 5.8 52.43614880792026 75.41331792630871 351.784912109375 3.9208984375 38.641071428571436 70
30 12.4 32.37676411290322 54.147420695333324 353.6201171875 3.8779296875 44.89196586608887 128
40 12.6 28.131880502852184 47.68153292257608 353.6201171875 3.673095703125 38.7336919875372 252
50 12.5 77.89740234375003 145.00822477133693 793.97900390625 3.597900390625 35.19975482597553 378
60 14.5 67.64163355334055 131.6450019732741 831.1630859375 3.597900390625 45.81050222104872 503
70 13.1 43.55415076335876 63.13575503400655 831.1630859375 3.597900390625 50.6955547568239 648
80 17.5 148.92222795758926 457.8147861227409 4204.678955078125 3.597900390625 49.494625458821425 779
90 20.8 87.83192795973557 142.47115009627646 4204.678955078125 3.597900390625 67.73344143081762 954
100 24.5 214.45842633928572 280.98765552409 4204.678955078125 3.597900390625 71.33110511241394 1162
110 29.1 145.58546683714556 213.84907666854454 4204.678955078125 3.597900390625 96.25377298773988 1407
120 33.3 699.3969521279095 584.9341681659567 4204.678955078125 3.597900390625 104.70814454850375 1698
130 31.2 2172.8415511693706 943.9361868122505 4204.678955078125 0.60595703125 202.2125132949056 2031
140 54 1976.243299244065 1777.4882932967853 5393.363037109375 0.07080078125 464.62662333196624 2343
150 70.7 1516.0399320135696 1480.0939611362787 5393.363037109375 0.06689453125 747.7598196526507 2883
160 100.7 1086.6200323322673 1221.9360749916264 5393.363037109375 0.06689453125 899.0617804992161 3590
170 130.6 811.1047748372895 1123.5587295672833 5393.363037109375 0.06689453125 940.1475232870959 4597
180 178.4 608.9876510551695 938.880477350834 5393.363037109375 0.05908203125 911.5976622883753 5903
190 241.5 463.6204223885549 764.4517714487581 5393.363037109375 0.057861328125 841.3678899402499 7687
200 217.5 590.5862827765807 897.4808463382794 5393.363037109375 0.057861328125 751.0629865411861 10102
210 209.1 1135.6870326184 1829.2449370087797 10721.89599609375 0.057861328125 722.6328463857722 12277
220 265 601.653094505453 1154.9311962213233 13278.073974609375 0.057861328125 782.745339663363 14368
230 192.6 552.6313915153662 701.8755606644849 13278.073974609375 0.05712890625 754.5461123940916 17018
240 141.2 771.5691945019246 708.7481408673937 13278.073974609375 0.05712890625 734.0178315446182 18944
250 139.6 743.8126538995343 635.1347045158998 13278.073974609375 0.05712890625 736.6225930152272 20356
260 95.4 1060.7097999684752 401.48366080954304 13278.073974609375 0.05712890625 737.084036790259 21752
270 94.5 836.0697653149801 178.60327689564275 13278.073974609375 0.05712890625 750.68127884399 22706
280 73.3 292.1956275846269 224.95876492906632 13278.073974609375 0.05712890625 754.093063534493 23651
290 20 15.21709594726563 21.055309568079053 13278.073974609375 0.05712890625 740.2081053425945 24384
300 9.1 9.61401098901099 8.234059050150309 13278.073974609375 0.05712890625 734.3100333494663 24584
310 6.3 7.470672123015872 3.6070637934623226 13278.073974609375 0.05712890625 731.6373955365057 24675
320 4.4 7.885320490056819 5.708866437518569 13278.073974609375 0.05712890625 729.7931678877446 24738
330 1.1 11.968017578125 5.750539468819549 13278.073974609375 0.05712890625 728.5114333511658 24782
340 2.7 6.314028139467593 3.6437147334199795 13278.073974609375 0.05712890625 728.1935219417558 24793
342 0 0 0 13278.073974609375 0.05712890625 727.4082380443882 24820
