0 3.8765625 3.8765625
10 26.3796875 30.25625
20 57.8390625 88.0953125
30 126.065625 214.1609375
40 145.58359375 359.74453125
50 136.021875 495.76640625
60 175.87578125 671.6421875
70 159.028125 830.6703125
80 213.83125 1044.5015625
90 230.07734375 1274.57890625
100 238.5015625 1513.08046875
110 339.60234375 1852.6828125
120 371.50625 2224.1890625
130 328.73984375 2552.92890625
140 455.74609375 3008.675
150 521.95703125 3530.63203125
160 661.065625 4191.69765625
170 884.31640625 5076.0140625
180 1088.13125 6164.1453125
190 1416.7234375 7580.86875
200 1258.3984375 8839.2671875
210 1193.8765625 10033.14375
220 1628.4703125 11661.6140625
230 1429.07265625 13090.68671875
240 1241.384375 14332.07109375
250 1256.1359375 15588.20703125
260 926.66328125 16514.8703125
270 938.10703125 17452.97734375
280 717.30703125 18170.284375
290 312.4765625 18482.7609375
300 164.2859375 18647.046875
310 94.45078125 18741.49765625
320 54.84296875 18796.340625
330 27.940625 18824.28125
340 17.16328125 18841.44453125
342 0 18841.44453125
