20 0.1 7.922119140625 0 7.922119140625 7.922119140625 0 0
30 0 0 0 7.922119140625 7.922119140625 7.922119140625 1
40 0.1 10.774169921875 0.0 10.774169921875 7.922119140625 7.922119140625 1
50 0.1 37.35205078125 0.0 37.35205078125 7.922119140625 9.34814453125 2
60 0 0 0 37.35205078125 7.922119140625 18.682779947916668 3
70 0.1 8.64404296875 0.0 37.35205078125 7.922119140625 18.682779947916668 3
80 0.3 34.892415364583336 12.476353411009661 51.4189453125 7.922119140625 16.173095703125 4
90 0.1 90.605224609375 0.0 90.605224609375 7.922119140625 24.195661272321427 7
100 0.2 53.907470703125 17.716552734375 90.605224609375 7.922119140625 32.496856689453125 8
110 0.2 145.7734375 36.16650390625 181.93994140625 7.922119140625 36.7789794921875 10
120 0.3 531.0633951822916 433.09946985981225 1142.89501953125 7.922119140625 54.944722493489586 12
130 0.3 2505.4676920572915 727.5772963211314 3169.72314453125 7.922119140625 150.16845703125 15
140 0.2 4394.45556640625 40.223388671875 4434.678955078125 7.922119140625 542.7183295355903 18
150 0.7 1293.275669642857 1492.7376849164646 4434.678955078125 0.713134765625 927.8920532226563 20
160 1.3 1488.2391639122595 1177.4711529877768 4434.678955078125 0.713134765625 1022.6211389612268 27
170 1.7 1097.111083984375 1034.1554826461063 4434.678955078125 0.713134765625 1173.9469970703126 40
180 1.4 606.697283063616 954.5263206180188 4434.678955078125 0.68896484375 1151.0310229920503 57
190 1.7 879.98583984375 836.7199621988641 4434.678955078125 0.68408203125 1043.6976094850352 71
200 2.1 306.10777064732144 623.4512701124173 4434.678955078125 0.68408203125 1012.0714721679688 88
210 2.3 646.2942000679348 803.8209283872943 4434.678955078125 0.68408203125 876.0601168291284 109
220 2.2 766.0859153053977 916.3492490119498 4434.678955078125 0.68408203125 836.025146484375 132
230 1.8 471.4306369357639 668.8558753914361 4434.678955078125 0.68408203125 826.0338277445211 154
240 0.6 963.7823486328125 692.4576545886812 4434.678955078125 0.68408203125 788.924191497093 172
250 0.5 933.888037109375 477.7998776187247 4434.678955078125 0.68408203125 794.8182866814432 178
260 0.4 771.070068359375 443.9645427748652 4434.678955078125 0.68408203125 798.6180066384904 183
270 0.1 949.528076171875 0.0 4434.678955078125 0.68408203125 798.0287459266377 187
280 0.1 380.890869140625 0.0 4434.678955078125 0.68408203125 798.8345934279422 188
290 0 0 0 4434.678955078125 0.68408203125 796.6232509713955 189
300 0 0 0 4434.678955078125 0.68408203125 796.6232509713955 189
310 0 0 0 4434.678955078125 0.68408203125 796.6232509713955 189
320 0 0 0 4434.678955078125 0.68408203125 796.6232509713955 189
330 0 0 0 4434.678955078125 0.68408203125 796.6232509713955 189
340 0 0 0 4434.678955078125 0.68408203125 796.6232509713955 189
342 0 0 0 4434.678955078125 0.68408203125 796.6232509713955 189
