10 0.2 9.08154296875 0.3125 9.39404296875 8.76904296875 0 0
20 0.7 10.097412109375 3.215854985662219 17.748046875 7.7919921875 9.08154296875 2
30 0.4 20.61798095703125 14.552459427879683 43.483154296875 7.7919921875 9.871663411458334 9
40 0.2 8.2025146484375 0.0823974609375 43.483154296875 7.7919921875 13.17822265625 13
50 0.3 72.80314127604167 39.981265474145886 127.9072265625 7.7919921875 12.514794921875 15
60 0.7 52.183907645089285 69.00942871936354 213.960205078125 7.670166015625 22.562852647569443 18
70 0.6 20.1806640625 14.093123572187618 213.960205078125 7.670166015625 30.856748046875 25
80 0.6 30.003865559895832 40.9898238388892 213.960205078125 7.670166015625 28.790409211189516 31
90 0.6 141.45320638020834 214.69890284056135 610.721923828125 7.670166015625 28.987185916385137 37
100 1.4 205.06258719308036 156.91591684127906 610.721923828125 7.670166015625 44.68011900436046 43
110 1.4 101.39327566964286 57.820523740995824 610.721923828125 7.670166015625 84.07230417351974 57
120 1 515.038232421875 560.2237673384521 1672.337158203125 7.670166015625 87.48770700374119 71
130 0.9 1906.313937717014 944.4912237148229 2814.369140625 0.72509765625 140.27172248746143 81
140 1.8 2195.9038764105903 1843.5183417271262 4495.741943359375 0.72509765625 316.8759440104167 90
150 2.2 1419.4119873046875 1404.6283000733945 4495.741943359375 0.72509765625 630.0472660771122 108
160 3.5 1111.5482212611607 1209.9035980922954 4495.741943359375 0.68798828125 763.6320650540865 130
170 4.4 1041.6224365234375 1154.7812628910774 4495.741943359375 0.68798828125 837.4324618252841 165
180 6.7 690.9651024661847 948.922697306214 4495.741943359375 0.66796875 880.4198249196322 209
190 7.4 431.91900799725505 753.7172772875386 4495.741943359375 0.66796875 834.429004613904 276
200 9.5 339.48375822368433 671.4853398398883 4495.741943359375 0.66796875 749.3268910435268 350
210 8.9 511.00625164589167 829.6250209427806 4495.741943359375 0.64208984375 661.8322896550211 445
220 7.7 667.3766106939934 862.7383208679395 4495.741943359375 0.64208984375 636.6946166534996 534
230 6.8 651.4851110121783 708.0592885246342 4495.741943359375 0.64208984375 640.5612509270152 611
240 3.6 1040.0508965386284 651.5961237475242 4495.741943359375 0.64208984375 641.6552457514498 679
250 2 1096.0981567382812 485.1359242758569 4495.741943359375 0.64208984375 661.7143274694057 715
260 0.9 1269.2118598090278 108.00028891128498 4495.741943359375 0.64208984375 673.5342956127764 735
270 0.4 959.2285766601563 67.56550222540143 4495.741943359375 0.64208984375 680.7400725990215 744
280 0.2 530.0560302734375 1.8570556640625 4495.741943359375 0.64208984375 682.2293159362468 748
290 0 0 0 4495.741943359375 0.64208984375 681.8235205078126 750
300 0 0 0 4495.741943359375 0.64208984375 681.8235205078126 750
310 0 0 0 4495.741943359375 0.64208984375 681.8235205078126 750
320 0 0 0 4495.741943359375 0.64208984375 681.8235205078126 750
330 0 0 0 4495.741943359375 0.64208984375 681.8235205078126 750
340 0 0 0 4495.741943359375 0.64208984375 681.8235205078126 750
342 0 0 0 4495.741943359375 0.64208984375 681.8235205078126 750
