30 1.6 20.89166259765625 7.5287067674380905 42.60791015625 9.304931640625 0 0
40 0.8 17.430419921875 2.0051576376777676 42.60791015625 9.304931640625 20.89166259765625 16
50 0.8 74.3118896484375 22.34347828619812 98.005126953125 9.304931640625 19.7379150390625 24
60 1.5 28.896012369791666 15.52283906631825 98.005126953125 9.294921875 33.38140869140625 32
70 0.1 46.583984375 0.0 98.005126953125 9.294921875 31.94989922706117 47
80 0.8 130.08486938476563 59.478444138301604 233.52490234375 9.294921875 32.25477600097656 48
90 0.8 22.918853759765625 9.527498537190782 233.52490234375 9.294921875 46.230503627232146 56
100 0.8 30.5748291015625 21.842687122875223 233.52490234375 9.294921875 43.31654739379883 64
110 1.6 133.0436553955078 110.73278608820603 427.45703125 9.294921875 41.90080091688368 72
120 1.8 518.3965115017361 403.1784671489558 1342.22900390625 9.294921875 58.47222900390625 88
130 0.6 2028.8589274088542 698.7145702606705 2961.254150390625 9.294921875 136.5725788620283 106
140 1.9 759.8842901932564 1505.4549137677432 4379.64404296875 0.125 237.94506181989397 112
150 4 784.2285644531252 1277.8779398924892 4379.64404296875 0.125 313.64617127862596 131
160 6.5 787.771758563702 1147.3685046991955 4379.64404296875 0.1240234375 423.72392406798247 171
170 12.4 390.1851668819305 866.5135332660957 4379.64404296875 0.1240234375 523.991336111295 236
180 12.6 397.59348842075894 796.5713392028819 4379.64404296875 0.111083984375 477.9025444878472 360
190 20.2 316.8490050665221 662.4681411094334 4379.64404296875 0.10986328125 457.0816781000836 486
200 12.1 361.68359980307326 713.3897349258766 4379.64404296875 0.10986328125 415.9087130524391 688
210 12.4 1016.4498487903224 1681.8440644908187 5542.9189453125 0.10986328125 407.798405631953 809
220 39.5 603.8287066109576 879.1226713313458 5542.9189453125 0.06884765625 488.69098757368704 933
230 21 311.47779017857135 586.103176820246 5542.9189453125 0.06884765625 522.9375229801041 1328
240 14.4 580.2022789849175 678.7903723494272 5542.9189453125 0.06884765625 494.0646075780743 1538
250 20.6 580.5742554896087 633.6975057435124 5542.9189453125 0.06884765625 501.4390574488147 1682
260 12.9 969.9376589752907 439.0926849538513 5542.9189453125 0.06884765625 510.0735123197912 1888
270 17.7 806.1347325211865 174.18628520078292 5542.9189453125 0.06884765625 539.4847542228945 2017
280 16 293.49293060302745 208.0479824930936 5542.9189453125 0.06884765625 560.9966257629117 2194
290 1.3 16.830397385817307 16.27221494478831 5542.9189453125 0.06884765625 542.8145564232424 2354
300 0 0 0 5542.9189453125 0.06884765625 539.9257545358378 2367
310 0.8 5.384124755859375 3.540721287595444 5542.9189453125 0.06884765625 539.9257545358378 2367
320 0.8 4.74444580078125 2.7462700770922153 5542.9189453125 0.06884765625 538.1251932565789 2375
330 0 0 0 5542.9189453125 0.06884765625 536.3345738777931 2383
340 0.8 6.84820556640625 3.583305381360466 5542.9189453125 0.06884765625 536.3345738777931 2383
342 0 0 0 5542.9189453125 0.06884765625 534.5629758240536 2391
