10 0.4 156.91424560546875 6.206668647212123 167.3408203125 150.97119140625 0 0
20 0.8 200.358642578125 50.908285970088095 273.60498046875 150.177001953125 156.91424560546875 4
30 0.2 160.680419921875 6.9365234375 273.60498046875 150.177001953125 185.8771769205729 12
40 0.3 203.61962890625 43.260876856664126 273.60498046875 150.177001953125 182.27764020647322 14
50 0.5 322.63642578125 174.09276336060296 644.2890625 150.177001953125 186.0438735064338 17
60 0.6 422.2043050130208 240.1215363330975 792.974853515625 150.177001953125 217.08763538707387 22
70 0.7 216.99769810267858 55.44251309189987 792.974853515625 150.177001953125 261.0412074497768 28
80 0.5 543.850048828125 299.85402283422934 991.01611328125 150.177001953125 252.23250558035716 35
90 1 428.7573486328125 215.255268954417 991.01611328125 150.177001953125 288.6846984863281 40
100 1.5 724.74208984375 371.06299907065204 1362.5439453125 150.177001953125 316.699228515625 50
110 1.3 794.1861853966346 340.2633327984104 1419.024169921875 150.177001953125 410.8629657451923 65
120 1 1493.88486328125 593.0957156538362 2338.169189453125 150.177001953125 474.7501690204327 78
130 1.3 2923.842829777644 564.6714029628405 3823.376953125 150.177001953125 590.5609297318892 88
140 2.5 2670.65990234375 2040.9293684056336 5187.02001953125 0.755859375 890.8843426090656 101
150 2.3 2140.2500636888585 1760.4646306087466 5187.02001953125 0.753173828125 1244.0144139849951 126
160 4.6 1024.7944601307745 1440.5786676921643 5187.02001953125 0.724853515625 1382.3595142748532 149
170 5.5 917.0197443181818 1343.618307608029 5187.02001953125 0.712158203125 1298.0108348357371 195
180 6.2 881.9718056955645 1175.247494277663 5187.02001953125 0.701904296875 1214.192794921875 250
190 8.8 403.43235362659794 875.9804087517011 5187.02001953125 0.701904296875 1148.174521421775 312
200 10.1 594.6922740369739 931.7617650621092 5187.02001953125 0.701904296875 984.3312445068359 400
210 8.6 866.4930930913881 1196.93136179518 5190.93115234375 0.697021484375 905.7812724161053 501
220 7.6 833.0877235814145 1099.9579722849712 5190.93115234375 0.69482421875 900.0252529579695 587
230 4.6 726.4608313519021 904.7263521083302 5190.93115234375 0.69482421875 892.3521726674444 663
240 2.6 708.0133995643029 926.625905068917 5190.93115234375 0.69482421875 881.589123724546 709
250 0.8 731.5476379394531 990.280333038097 5190.93115234375 0.69482421875 875.4490300807823 735
260 0.6 1332.4520670572917 437.3822988617367 5190.93115234375 0.69482421875 873.8996207441328 743
270 0 0 0 5190.93115234375 0.69482421875 877.572938071074 749
280 0.1 546.509033203125 0.0 5190.93115234375 0.69482421875 877.572938071074 749
290 0 0 0 5190.93115234375 0.69482421875 877.13151953125 750
300 0 0 0 5190.93115234375 0.69482421875 877.13151953125 750
310 0 0 0 5190.93115234375 0.69482421875 877.13151953125 750
320 0 0 0 5190.93115234375 0.69482421875 877.13151953125 750
330 0 0 0 5190.93115234375 0.69482421875 877.13151953125 750
340 0 0 0 5190.93115234375 0.69482421875 877.13151953125 750
342 0 0 0 5190.93115234375 0.69482421875 877.13151953125 750
