0 0.1 2.264953570008127 0 2.264953570008127 2.264953570008127 0 0
10 0.1 2.2660098522167487 0.0 2.2660098522167487 2.264953570008127 2.264953570008127 1
20 0.1 1.7751479289940828 0.0 2.2660098522167487 1.7751479289940828 2.2654817111124377 2
30 0.1 1.6798418972332017 0.0 2.2660098522167487 1.6798418972332017 2.102037117072986 3
40 0.1 1.9762845849802373 0.0 2.2660098522167487 1.6798418972332017 1.9964883121130401 4
50 0.1 2.359882005899705 0.0 2.359882005899705 1.6798418972332017 1.9924475666864794 5
60 0.1 2.1739130434782608 0.0 2.359882005899705 1.6798418972332017 2.0536866398886837 6
70 0.1 2.66798418972332 0.0 2.66798418972332 1.6798418972332017 2.0708618404014807 7
80 0.1 2.766798418972332 0.0 2.766798418972332 1.6798418972332017 2.1455021340667106 8
90 0.1 2.7586206896551726 0.0 2.766798418972332 1.6798418972332017 2.2145350546117797 9
100 0.1 3.7549407114624502 0.0 3.7549407114624502 1.6798418972332017 2.2689436181161193 10
110 0.1 3.5608308605341246 0.0 3.7549407114624502 1.6798418972332017 2.4040342629657854 11
120 0.1 3.751233958538993 0.0 3.7549407114624502 1.6798418972332017 2.5004339794298134 12
130 0.1 4.926108374384237 0.0 4.926108374384237 1.6798418972332017 2.5966493624382117 13
140 0.1 5.686274509803922 0.0 5.686274509803922 1.6798418972332017 2.7630392918629276 14
150 0.1 6.451612903225806 0.0 6.451612903225806 1.6798418972332017 2.9579216397256607 15
160 0.1 9.47265625 0.0 9.47265625 1.6798418972332017 3.17627734369442 16
170 0.1 12.681510164569215 0.0 12.681510164569215 1.6798418972332017 3.546652573477101 17
180 0.1 12.378167641325536 0.0 12.681510164569215 1.6798418972332017 4.054144661871107 18
190 0.1 19.171483622350674 0.0 19.171483622350674 1.6798418972332017 4.492251134473972 19
200 0.1 20.669856459330145 0.0 20.669856459330145 1.6798418972332017 5.226212758867807 20
210 0.1 18.27852998065764 0.0 20.669856459330145 1.6798418972332017 5.961624363651728 21
220 0.1 16.952380952380953 0.0 20.669856459330145 1.6798418972332017 6.521483709879269 22
230 0.1 17.69825918762089 0.0 20.669856459330145 1.6798418972332017 6.9750009812923865 23
240 0.1 13.96917148362235 0.0 20.669856459330145 1.6798418972332017 7.421803406556074 24
250 0.1 10.23391812865497 0.0 20.669856459330145 1.6798418972332017 7.683698129638725 25
260 0.1 9.108527131782946 0.0 20.669856459330145 1.6798418972332017 7.781783514216273 26
270 0.1 6.824925816023739 0.0 20.669856459330145 1.6798418972332017 7.830922166718743 27
280 0.1 6.416584402764067 0.0 20.669856459330145 1.6798418972332017 7.794993725622493 28
290 0.1 5.004906771344456 0.0 20.669856459330145 1.6798418972332017 7.747462369661858 29
300 0.1 2.7722772277227725 0.0 20.669856459330145 1.6798418972332017 7.656043849717944 30
310 0.1 2.1696252465483234 0.0 20.669856459330145 1.6798418972332017 7.498502990943907 31
320 0.1 1.4822134387351777 0.0 20.669856459330145 1.4822134387351777 7.331975561431545 32
330 0.1 1.185770750988142 0.0 20.669856459330145 1.185770750988142 7.154710042561958 33
340 0.1 0.9881422924901186 0.0 20.669856459330145 0.9881422924901186 6.979153004574493 34
350 0.1 1.0848126232741617 0.0 20.669856459330145 0.9881422924901186 6.807981269943511 35
355 0.1 1.1846001974333662 0.0 20.669856459330145 0.9881422924901186 6.649004363091584 36
