20 0.5 16060.139794921875 5659.059466086809 26951.197998046875 11470.85791015625 0 0
30 0.7 14905.97474888393 9403.64318146103 28994.43798828125 2330.192138671875 16060.139794921875 5
40 0.6 28604.88692220052 8760.984609740659 41973.364013671875 2330.192138671875 15386.87685139974 12
50 1.1 32326.707608309658 14706.535966766685 52065.8701171875 2330.192138671875 19792.880208333332 18
60 1.3 23643.355525090145 15297.69112341848 64091.906982421875 2330.192138671875 24547.0906014278 29
70 1.3 30327.10021033654 19450.57155492421 65054.594970703125 2330.192138671875 24267.36307779948 42
80 0.5 32924.11083984375 26821.44654345069 78251.251953125 2330.192138671875 25699.664581853693 55
90 2.3 34659.28249193275 22479.06561520739 96985.99096679688 2330.192138671875 26301.701770019532 60
100 1.9 34732.46263363487 15738.06128636275 96985.99096679688 2330.192138671875 28617.65787368223 83
110 1.7 40608.53373448989 24986.087677864474 96985.99096679688 2330.192138671875 29756.690132889093 102
120 1.1 32403.840309836647 15882.237366409023 96985.99096679688 2330.192138671875 31306.95350454635 119
130 1.1 42379.47907049006 24397.401248105118 96985.99096679688 2330.192138671875 31399.76700345553 130
140 2.7 40323.755172164354 23561.72830379268 110686.794921875 2330.192138671875 32256.340285280916 141
150 3.7 38001.8541952597 17572.248742806336 110686.794921875 2330.192138671875 33552.889106387185 168
160 6.5 40472.213904747594 23749.265711450375 110686.794921875 2330.192138671875 34355.87304925686 205
170 8 37652.33807067871 25591.969031274486 122704.50415039063 2330.192138671875 35828.32547743055 270
180 10.3 38282.030726164296 26283.753660413207 127472.72119140625 2330.192138671875 36245.242641601566 350
190 13.8 33166.03540569803 23479.75229601825 127472.72119140625 2330.192138671875 36708.353398135696 453
200 14.1 35978.67638207836 23930.827885385916 127472.72119140625 2330.192138671875 35881.2131562467 591
210 15.6 43478.48220277443 25170.548475978445 127472.72119140625 2330.192138671875 35899.98681040279 732
220 19.4 47539.303830490906 21440.26171732374 127472.72119140625 2330.192138671875 37231.34410906267 888
230 19.4 50302.38212412412 19764.41760544225 127472.72119140625 2330.192138671875 39079.536517525776 1082
240 15.6 59918.88377341246 18874.154146906745 132286.19702148438 2330.192138671875 40785.831225739006 1276
250 9.1 67732.65416004893 19215.77262763489 132286.19702148438 2330.192138671875 42870.158179256505 1432
260 9.3 74731.02513335853 14402.12025205627 132286.19702148438 2330.192138671875 44355.70455762296 1523
270 10.9 83486.7097593535 14328.816696181453 135837.13818359375 2330.192138671875 46103.78921946913 1616
280 9.2 90237.1118402896 12221.683279659457 135950.39990234375 2330.192138671875 48465.95637242414 1725
290 4.4 97755.80490944603 11133.772789364488 135950.39990234375 2330.192138671875 50580.95158598695 1817
300 3.2 106236.82920837402 10063.607253071437 141491.22094726563 2330.192138671875 51696.316199760295 1861
310 2.6 114059.86032339242 10608.575774619554 155318.7978515625 2330.192138671875 52618.290006562005 1893
320 0.6 124373.05253092448 6432.704826440704 155318.7978515625 2330.192138671875 53450.74484149561 1919
330 0.6 130893.65344238281 3894.0703138731465 155318.7978515625 2330.192138671875 53671.80138494318 1925
340 0.2 146492.7431640625 5634.928955078125 155318.7978515625 2330.192138671875 53911.74499568613 1931
350 0 0 0 155318.7978515625 2330.192138671875 54007.53495757788 1933
355 0.2 164148.23986816406 4915.1519775390625 169063.39184570313 2330.192138671875 54007.53495757788 1933
