0 5.9234375 5.9234375
10 24.0109375 29.934375
20 57.9 87.834375
30 118.47578125 206.31015625
40 117.74453125 324.0546875
50 118.43984375 442.49453125
60 203.24375 645.73828125
70 197.99921875 843.7375
80 202.78515625 1046.52265625
90 239.90078125 1286.4234375
100 258.58125 1545.0046875
110 259.71328125 1804.71796875
120 251.96328125 2056.68125
130 277.44765625 2334.12890625
140 361.3203125 2695.44921875
150 517.65078125 3213.1
160 681.37578125 3894.47578125
170 861.63359375 4756.109375
180 1026.7515625 5782.8609375
190 1120.3953125 6903.25625
200 1164.44375 8067.7
210 1301.9078125 9369.6078125
220 1547.02734375 10916.63515625
230 1362.646875 12279.28203125
240 1114.2125 13393.49453125
250 813.4765625 14206.97109375
260 769.359375 14976.33046875
270 744.67578125 15721.00625
280 709.4421875 16430.4484375
290 353.78671875 16784.23515625
300 280.3328125 17064.56796875
310 175.53046875 17240.0984375
320 54.42578125 17294.52421875
330 30.8203125 17325.34453125
340 18.63984375 17343.984375
350 2.63984375 17346.62421875
355 3.43359375 17350.0578125
