20 0.3 85.21533203125 14.952279836646058 106.284912109375 73.1279296875 0 0
30 0.5 176.24609375 106.11586490681162 363.7021484375 70.89404296875 85.21533203125 3
40 0.1 68.029052734375 0.0 363.7021484375 68.029052734375 142.10955810546875 8
50 0.2 89.7265625 7.37451171875 363.7021484375 68.029052734375 133.87839084201389 9
60 0.8 135.7220458984375 57.14368325559379 363.7021484375 61.22509765625 125.85078568892045 11
70 0.4 283.3253173828125 174.95344598231708 532.3251953125 60.89599609375 130.00710577713815 19
80 0.2 138.5150146484375 66.9949951171875 532.3251953125 60.89599609375 156.671142578125 23
90 0.8 803.2406311035156 321.96562386017496 1563.9140625 60.89599609375 155.21865234375 25
100 0.8 951.8553466796875 345.1803973787906 1638.98095703125 60.89599609375 312.3148896188447 33
110 0.5 1333.5572265625 397.75515957418213 2042.69287109375 60.89599609375 437.103271484375 41
120 0.5 1926.93671875 413.1466765475168 2370.198974609375 60.89599609375 534.5439187754755 46
130 0.5 3353.424267578125 715.1775057347022 4556.383056640625 60.89599609375 671.0530168121936 51
140 0.9 2022.29052734375 1819.5833134378495 4556.383056640625 0.81298828125 910.5504499162946 56
150 1.5 1521.39501953125 1437.4891694797163 4556.383056640625 0.72509765625 1064.48369140625 65
160 2.7 1231.6023491753472 1252.1749712761555 4556.383056640625 0.72509765625 1150.1545654296874 80
170 2.7 940.6142758969908 1226.848969605389 4556.383056640625 0.72509765625 1170.7068099262558 107
180 3.8 659.6963790090459 992.2015957704559 4556.383056640625 0.64794921875 1124.3448814278217 134
190 4.9 441.747125119579 807.1056819112101 4556.383056640625 0.60498046875 1021.6899797306504 172
200 5.5 510.93839666193156 937.8989996044435 4556.383056640625 0.60498046875 893.1053649073813 221
210 4.5 562.8956325954862 839.4404985813329 4556.383056640625 0.60498046875 816.9489038439765 276
220 3.6 592.228529188368 961.9286426622155 4556.383056640625 0.60498046875 781.3339592764311 321
230 3.7 444.3434662690034 772.0473181656178 4556.383056640625 0.60498046875 762.2645041415003 357
240 1.1 388.8182927911932 635.7561906888974 4556.383056640625 0.60498046875 732.4089752042354 394
250 0.6 1195.111328125 33.17885312800083 4556.383056640625 0.60498046875 723.0768825954862 405
260 0.5 1489.28203125 181.89769071233252 4556.383056640625 0.60498046875 729.9678963988367 411
270 0.1 1069.303955078125 0.0 4556.383056640625 0.60498046875 739.0942682119517 416
280 0.1 571.401123046875 0.0 4556.383056640625 0.60498046875 739.8861379646283 417
290 0.1 5.176025390625 0.0 4556.383056640625 0.60498046875 739.4830637662604 418
300 0.1 4.64599609375 0.0 4556.383056640625 0.60498046875 737.7305410016409 419
310 0 0 0 4556.383056640625 0.60498046875 735.985101609003 420
320 0 0 0 4556.383056640625 0.60498046875 735.985101609003 420
330 0 0 0 4556.383056640625 0.60498046875 735.985101609003 420
340 0 0 0 4556.383056640625 0.60498046875 735.985101609003 420
350 0 0 0 4556.383056640625 0.60498046875 735.985101609003 420
355 0 0 0 4556.383056640625 0.60498046875 735.985101609003 420
