10 0.2 34.969970703125 24.10400390625 59.073974609375 10.865966796875 0 0
20 0.4 10.9312744140625 0.2997439692640639 59.073974609375 10.470947265625 34.969970703125 2
30 0.4 38.20025634765625 43.63856270666365 113.551025390625 9.77099609375 18.944173177083332 6
40 0.4 18.1865234375 10.00237556195625 113.551025390625 9.632080078125 26.6466064453125 10
50 0.2 16.9210205078125 5.7650146484375 113.551025390625 9.632080078125 24.229439871651785 14
60 1 47.5147216796875 35.03305629834929 113.551025390625 9.2021484375 23.315887451171875 16
70 0.5 37.7482421875 40.21999817014744 116.7099609375 9.2021484375 32.62313138521635 26
80 0.2 56.739013671875 18.679931640625 116.7099609375 9.2021484375 33.449762159778224 31
90 0.6 495.4730224609375 393.0207512400239 1266.154052734375 9.2021484375 34.86123194839015 33
100 0.8 332.3272399902344 385.8636038692705 1317.7099609375 9.2021484375 105.7245843349359 39
110 1.2 878.1433512369791 262.8968230642052 1330.3720703125 9.2021484375 144.29524912732714 47
120 0.5 883.33525390625 259.6098405917708 1372.123046875 9.2021484375 293.552490234375 59
130 0.7 2431.656180245536 1599.7808578000217 4383.614013671875 0.721923828125 339.62926864624023 64
140 1.2 2408.9891357421875 1705.1128873452135 4383.614013671875 0.638916015625 545.8854430292694 71
150 2.7 1796.855984157986 1528.7266138630168 4383.614013671875 0.638916015625 815.2498323371611 83
160 3.8 1092.0245104337994 1303.7268975692668 4383.614013671875 0.638916015625 1056.1895241477273 110
170 4.9 428.86292251275495 962.6151281884124 4383.614013671875 0.638916015625 1065.390399004962 148
180 5.5 473.74875710227275 902.5755364773687 4383.614013671875 0.638916015625 907.0663058673065 197
190 6.6 733.895870324337 979.3992031122413 4383.614013671875 0.638916015625 812.4930313352554 252
200 9.3 380.0875546034947 782.745995526241 4383.614013671875 0.638916015625 796.1804130122347 318
210 9 538.147677951389 834.3438224815218 4383.614013671875 0.638916015625 702.0280143941986 411
220 7.1 518.7714878136004 853.5744454373624 4383.614013671875 0.63623046875 672.5884329972866 501
230 5.9 541.270722987288 767.8723071139954 4383.614013671875 0.63623046875 653.4957702209899 572
240 5.2 876.3656991811899 767.7741835308832 4383.614013671875 0.63623046875 643.0024615256042 631
250 2.5 1272.5726464843751 406.58276058164677 4383.614013671875 0.63623046875 660.7695015813736 683
260 1.9 1282.524748149671 327.34965798894456 4383.614013671875 0.63623046875 682.3727199748411 708
270 0.3 954.317626953125 170.80356010966787 4383.614013671875 0.63623046875 698.057573530992 727
280 0.2 405.6754150390625 166.1514892578125 4383.614013671875 0.63623046875 699.1106970382062 730
290 0.4 12.5985107421875 2.6796835434998423 4383.614013671875 0.63623046875 698.3089612950392 732
300 0.1 10.14794921875 0.0 4383.614013671875 0.63623046875 694.5822740637738 736
310 0 0 0 4383.614013671875 0.63623046875 693.6535979106598 737
320 0 0 0 4383.614013671875 0.63623046875 693.6535979106598 737
330 0 0 0 4383.614013671875 0.63623046875 693.6535979106598 737
340 0 0 0 4383.614013671875 0.63623046875 693.6535979106598 737
350 0 0 0 4383.614013671875 0.63623046875 693.6535979106598 737
355 0 0 0 4383.614013671875 0.63623046875 693.6535979106598 737
