10 0.1 59.830078125 0 59.830078125 59.830078125 0 0
20 0.3 41.77197265625 18.121426657603507 67.23095703125 26.5009765625 59.830078125 1
30 0.4 68.6962890625 79.18114232240323 205.216064453125 11.51513671875 46.2864990234375 4
40 0.3 62.792317708333336 46.45328533476978 205.216064453125 11.51513671875 57.49139404296875 8
50 0.4 116.0704345703125 131.76495016105702 340.865966796875 11.51513671875 58.93710049715909 11
60 0.6 54.0491943359375 70.79439795495938 340.865966796875 11.51513671875 74.17265625 15
70 0.3 73.30550130208333 55.83566016430237 340.865966796875 11.51513671875 68.423095703125 21
80 0.6 42.859781901041664 30.223230568792715 340.865966796875 11.51513671875 69.0333964029948 24
90 0.5 617.183837890625 207.2111932207047 894.296142578125 11.51513671875 63.79867350260417 30
100 0.6 455.8719075520833 292.1072333729374 1026.094970703125 11.51513671875 142.85369698660713 35
110 0.7 992.01171875 264.81917793481324 1372.468017578125 11.51513671875 188.661239996189 41
120 1.4 1549.6574532645088 404.97999418681627 2297.740966796875 11.51513671875 305.81651814778644 48
130 0.3 2359.2715657552085 1836.7000478626012 4489.15087890625 6.73291015625 586.683826077369 62
140 1.1 2202.3348277698865 1677.4229277636937 4489.15087890625 0.673828125 668.4955679086538 65
150 2 1009.6487792968752 1383.914249403088 4489.15087890625 0.673828125 890.4986186780428 76
160 2.6 627.1160982572114 1158.886021832454 4489.15087890625 0.673828125 915.3215688069662 96
170 3.4 659.5364631204044 1096.6252683307923 4489.15087890625 0.673828125 853.9007308209528 122
180 5.9 795.0968700344279 1111.3774254553384 4489.15087890625 0.673828125 811.5392878605769 156
190 5.6 639.6322937011719 934.069520081523 4489.15087890625 0.673828125 807.0271825036338 215
200 7.7 594.2075892857143 1108.8173761997577 6531.281982421875 0.64794921875 772.4363567732357 271
210 7.9 494.566279544106 859.4517389512976 6531.281982421875 0.64794921875 733.000681208468 348
220 8.7 503.82165948275843 845.5004457274529 6531.281982421875 0.64794921875 688.8875249286447 427
230 6.5 441.4679499699519 733.9447496675336 6531.281982421875 0.64794921875 657.5631469251581 514
240 5.8 766.1696524784481 724.9656041427716 6531.281982421875 0.64794921875 633.3037552117066 579
250 4.3 1146.0058764080666 527.0855703068357 6531.281982421875 0.64794921875 645.4014350256328 637
260 3 1288.9188802083333 373.2562542190095 6531.281982421875 0.64794921875 677.0573041130515 680
270 1.3 1143.6358173076924 153.01341732991358 6531.281982421875 0.64794921875 702.9106101452464 710
280 0.7 291.3037109375 180.3833303354829 6531.281982421875 0.64794921875 710.8351297761064 723
290 0.3 20.195963541666668 6.213223499552162 6531.281982421875 0.64794921875 706.8122257598458 730
300 0.2 11.905517578125 0.37841796875 6531.281982421875 0.64794921875 704.0020637043826 733
310 0.2 16.5164794921875 4.7474365234375 6531.281982421875 0.64794921875 702.1188077965561 735
320 0 0 0 6531.281982421875 0.64794921875 700.2582858744275 737
330 0 0 0 6531.281982421875 0.64794921875 700.2582858744275 737
340 0 0 0 6531.281982421875 0.64794921875 700.2582858744275 737
350 0 0 0 6531.281982421875 0.64794921875 700.2582858744275 737
355 0 0 0 6531.281982421875 0.64794921875 700.2582858744275 737
