40 0.1 79.85205078125 0 79.85205078125 79.85205078125 0 0
50 0 0 0 79.85205078125 79.85205078125 79.85205078125 1
60 0.3 33.219645182291664 28.392272311016264 79.85205078125 12.156982421875 79.85205078125 1
70 0.2 59.823974609375 15.22998046875 79.85205078125 12.156982421875 44.87774658203125 4
80 0.2 46.8929443359375 17.1719970703125 79.85205078125 12.156982421875 49.859822591145836 6
90 0.3 450.318603515625 141.89179354703418 644.72802734375 12.156982421875 49.11810302734375 8
100 0 0 0 644.72802734375 12.156982421875 158.53642134232953 11
110 0.4 1191.4047241210938 208.9668685895831 1330.287841796875 12.156982421875 158.53642134232953 11
120 0.3 1502.7569986979167 476.0036823315904 1924.68798828125 12.156982421875 433.96796875 15
130 0.1 7.008056640625 0.0 1924.68798828125 7.008056640625 612.0994737413195 18
140 0.2 3345.3743896484375 15.8194580078125 3361.19384765625 7.008056640625 580.2525570518092 19
150 1 1869.8740966796875 1534.3271941569492 3411.511962890625 0.97314453125 843.5974934895834 21
160 1 1021.7616455078125 1311.2241239473065 3536.0419921875 0.916015625 1174.6544622605848 31
170 1.1 1027.0848499644887 1359.1924336280092 3536.0419921875 0.916015625 1137.3635313452744 41
180 2.1 419.71435546875 732.2374527703865 3536.0419921875 0.863037109375 1114.0353487454927 52
190 1.7 566.7715992647059 891.4349660144698 3536.0419921875 0.85107421875 914.2991725973887 73
200 2.3 394.73697562839675 751.957684291884 3536.0419921875 0.823974609375 848.6550754123264 90
210 2.7 398.620849609375 740.2311586288916 3536.0419921875 0.823974609375 756.2646657217921 113
220 3 488.73808593750005 809.968171375512 3536.0419921875 0.823974609375 687.2905011858259 140
230 2.5 412.7573828125 722.5472089907681 3536.0419921875 0.823974609375 652.2518396714155 170
240 2.5 652.204658203125 754.3921510679561 3536.0419921875 0.823974609375 621.5474221254008 195
250 1.8 1248.2806125217016 471.1708352844442 3536.0419921875 0.823974609375 625.0311989524149 220
260 0.9 1391.1143120659722 119.3796197195827 3536.0419921875 0.823974609375 672.1677092223609 238
270 0.7 1076.553013392857 211.378643423012 3536.0419921875 0.823974609375 698.364144143788 247
280 0.8 494.270751953125 162.74925863656375 3536.0419921875 0.823974609375 708.786672036479 254
290 0.2 6.6815185546875 0.7593994140625 3536.0419921875 0.823974609375 702.2365676064529 262
300 0.1 5.8330078125 0.0 3536.0419921875 0.823974609375 696.9672111742425 264
310 0.1 5.23681640625 0.0 3536.0419921875 0.823974609375 694.359157576651 265
320 0.1 5.299072265625 0.0 3536.0419921875 0.823974609375 691.7684720835292 266
330 0 0 0 3536.0419921875 0.823974609375 689.1974256422637 267
340 0 0 0 3536.0419921875 0.823974609375 689.1974256422637 267
350 0 0 0 3536.0419921875 0.823974609375 689.1974256422637 267
355 0 0 0 3536.0419921875 0.823974609375 689.1974256422637 267
