0 0.2 522.06005859375 514.25 1036.31005859375 7.81005859375 0 0
10 0.8 113.66021728515625 269.7532839086799 1036.31005859375 7.81005859375 522.06005859375 2
20 0.3 87.65462239583333 111.50683536560369 1036.31005859375 7.81005859375 195.340185546875 10
30 0.4 35.027587890625 20.70197272854844 1036.31005859375 7.81005859375 170.48967097355768 13
40 0.5 1115.429833984375 1177.5345413084524 2575.51904296875 7.81005859375 138.61623965992646 17
50 0.6 55.760945638020836 62.235166410153965 2575.51904296875 7.81005859375 360.6193292791193 22
60 0.8 28.53680419921875 34.66450524445026 2575.51904296875 7.81005859375 295.2925327845982 28
70 0.6 37.896525065104164 33.35677439997631 2575.51904296875 7.81005859375 236.01348198784723 36
80 0.5 48.47763671875 20.5214758059109 2575.51904296875 7.81005859375 207.7110595703125 42
90 0.8 356.5150451660156 210.57735628412948 2575.51904296875 7.81005859375 190.7713337350399 47
100 1.4 380.67946079799106 337.7380518176706 2575.51904296875 7.81005859375 214.87950994318183 55
110 1 938.8229248046875 256.5383207729658 2575.51904296875 7.81005859375 248.52007968183878 69
120 1.5 1706.3586100260416 481.55228926179853 2575.51904296875 7.81005859375 335.90018665941454 79
130 2 2374.5582885742188 1190.9548685545976 4349.01611328125 0.867919921875 554.5903606008976 94
140 4.4 2563.6732899058948 1594.3363747372007 4349.01611328125 0.866943359375 873.8829795435855 114
150 4.5 1632.9888563368056 1481.3646571587951 4349.01611328125 0.77685546875 1344.4574963533425 158
160 6.1 998.2103211449797 1324.4917235493872 4349.01611328125 0.748046875 1408.417650044258 203
170 5.6 794.6900111607143 1189.4952646746856 4349.01611328125 0.748046875 1313.6348960182884 264
180 8.3 706.6934505600527 1042.9822892411798 4349.01611328125 0.748046875 1222.819541168213 320
190 10.9 707.0169464951263 989.7077250152976 4349.01611328125 0.748046875 1116.5206192811725 403
200 7.9 875.5243553451345 1429.8344374025642 6822.84912109375 0.748046875 1029.3411264419556 512
210 7.5 1414.018720703125 2215.9188037854215 9344.449951171875 0.748046875 1008.7801705762214 591
220 5.9 1647.8811283434852 2877.82972947617 20112.088134765625 0.748046875 1054.4151424373592 666
230 1 1085.07080078125 875.0922584566342 20112.088134765625 0.748046875 1102.710995083513 725
240 0.2 1474.3565673828125 107.5694580078125 20112.088134765625 0.748046875 1102.4709924399447 735
250 0 0 0 20112.088134765625 0.748046875 1103.4801798889077 737
260 0 0 0 20112.088134765625 0.748046875 1103.4801798889077 737
270 0 0 0 20112.088134765625 0.748046875 1103.4801798889077 737
280 0 0 0 20112.088134765625 0.748046875 1103.4801798889077 737
290 0 0 0 20112.088134765625 0.748046875 1103.4801798889077 737
300 0 0 0 20112.088134765625 0.748046875 1103.4801798889077 737
310 0 0 0 20112.088134765625 0.748046875 1103.4801798889077 737
320 0 0 0 20112.088134765625 0.748046875 1103.4801798889077 737
330 0 0 0 20112.088134765625 0.748046875 1103.4801798889077 737
340 0 0 0 20112.088134765625 0.748046875 1103.4801798889077 737
350 0 0 0 20112.088134765625 0.748046875 1103.4801798889077 737
355 0 0 0 20112.088134765625 0.748046875 1103.4801798889077 737
