0 0.2 299.929931640625 139.260009765625 439.18994140625 160.669921875 0 0
10 0.2 164.58447265625 8.6875 439.18994140625 155.89697265625 299.929931640625 2
20 0.6 211.92683919270834 54.00666623645234 439.18994140625 152.262939453125 232.2572021484375 4
30 0.3 359.9869791666667 53.21539779036531 439.18994140625 152.262939453125 220.058984375 10
40 0.1 443.2919921875 0.0 443.2919921875 152.262939453125 252.35006009615384 13
50 0.8 393.8318786621094 236.96364482448928 755.47802734375 151.9091796875 265.98876953125 14
60 0.4 381.09423828125 114.30720429031771 755.47802734375 151.9091796875 312.4771728515625 22
70 0.7 425.08101981026783 237.53158646447142 829.841064453125 151.9091796875 323.0336444561298 26
80 0.4 238.16851806640625 65.90008375000241 829.841064453125 151.9091796875 344.6800574100379 33
90 0.5 1287.486669921875 407.5390253984743 1931.75390625 151.9091796875 333.1652963999155 37
100 1.3 1281.0795335036057 261.9364965766686 1931.75390625 151.9091796875 446.7749837239583 42
110 1 1794.4631103515626 231.91202894274238 2067.6591796875 151.9091796875 643.9742409446022 55
120 0.9 2317.8346082899307 449.46566547733084 2903.611083984375 151.9091796875 820.9725285456731 65
130 1.1 3452.4330832741475 1338.604454742972 5225.316162109375 1.79296875 1003.0233220280828 74
140 2.7 2088.7120587384256 2192.455335637457 5225.316162109375 0.746826171875 1320.00576171875 85
150 3.3 1700.5545321377842 1810.211061507799 5225.316162109375 0.716064453125 1505.3188868931359 112
160 5 1026.6557421875002 1525.3057580241527 5225.316162109375 0.695068359375 1549.7518268453662 145
170 5.4 1039.7123706958912 1322.5490235994107 5225.316162109375 0.695068359375 1415.6246256510417 195
180 6.4 493.3421783447264 1086.6930616859072 5225.316162109375 0.657958984375 1334.1014860222137 249
190 7.9 753.4550781250001 1098.8148618311982 5225.316162109375 0.656005859375 1162.1890397239417 313
200 8.9 639.4353795426616 1081.0023231768969 5225.316162109375 0.656005859375 1079.8166341976244 392
210 8.4 917.4877697172619 1607.7821972627623 8393.5439453125 0.656005859375 998.3323687832965 481
220 6.3 743.5783885168651 1069.295914852487 8393.5439453125 0.656005859375 986.3129947628595 565
230 6.5 739.8482797475962 998.3753401535848 8393.5439453125 0.656005859375 961.9622301235321 628
240 2.4 1305.7025960286458 1098.1613121649088 8393.5439453125 0.656005859375 941.1290313148223 693
250 1.1 1953.8725363991477 829.8884480213128 8393.5439453125 0.656005859375 953.3323305521051 717
260 0.1 1348.452880859375 0.0 8393.5439453125 0.656005859375 968.4503831129807 728
270 0.4 1279.1849975585938 515.2342504634338 8393.5439453125 0.656005859375 968.9716485419882 729
280 0.2 1698.95751953125 64.5244140625 8393.5439453125 0.656005859375 970.6644908285726 733
290 0.2 111.7279052734375 105.3829345703125 8393.5439453125 0.656005859375 972.6462405665391 735
300 0 0 0 8393.5439453125 0.656005859375 970.3099628588237 737
310 0 0 0 8393.5439453125 0.656005859375 970.3099628588237 737
320 0 0 0 8393.5439453125 0.656005859375 970.3099628588237 737
330 0 0 0 8393.5439453125 0.656005859375 970.3099628588237 737
340 0 0 0 8393.5439453125 0.656005859375 970.3099628588237 737
350 0 0 0 8393.5439453125 0.656005859375 970.3099628588237 737
355 0 0 0 8393.5439453125 0.656005859375 970.3099628588237 737
