0 1 10
10 3.1 41
20 3.3 74
30 5.2 126
40 9.2 218
50 13.1 349
60 15.6 505
70 19.6 701
80 18.2 883
90 20.9 1092
100 25.7 1349
110 29.2 1641
120 42.4 2065
130 46.6 2531
140 56.5 3096
150 78.5 3881
160 107.4 4955
170 112.5 6080
180 153.3 7613
190 210.3 9716
200 234.3 12059
210 228 14339
220 205.1 16390
230 172.8 18118
240 140.6 19524
250 96.8 20492
260 61.5 21107
270 28.9 21396
280 25.7 21653
290 4.9 21702
300 9.9 21801
310 6.6 21867
320 0.7 21874
330 2.6 21900
340 0.4 21904
350 0.5 21909
351 0 21909
