0 1 18.7371337890625 33.08263972470656 117.93701171875 6.089111328125 0 0
10 3.6 21.03530544704861 26.608755130687044 117.93701171875 5.507080078125 18.7371337890625 10
20 4 21.7232177734375 27.366764515584425 117.93701171875 5.236083984375 20.535702912703805 46
30 6 20.355159505208334 25.52618930738149 117.93701171875 5.236083984375 21.088035406068315 86
40 10.7 13.160366165303738 17.83023778372954 117.93701171875 4.319091796875 20.786853529002567 146
50 16.3 16.379840874233125 22.14179269336886 117.93701171875 4.319091796875 17.56142211431571 253
60 18.5 18.11150496199325 34.1574539410583 378.044921875 4.194091796875 17.09844677264874 416
70 25.2 16.061473059275784 21.83295175297569 378.044921875 4.194091796875 17.410286647904538 601
80 21.6 15.867770724826384 20.779086445434704 378.044921875 4.194091796875 17.011809479868845 853
90 23.7 14.70439617945675 17.923269104423827 378.044921875 4.194091796875 16.78064729924287 1069
100 30.3 17.83703492419554 31.912906530939235 417.818115234375 4.194091796875 16.403869722375095 1306
110 35.6 18.669698308023175 24.05720304982767 417.818115234375 4.194091796875 16.67375726504234 1609
120 48.8 16.161935775006423 21.233528013770933 417.818115234375 4.194091796875 17.03536286875795 1965
130 54.9 18.76030682562045 29.549554968359704 419.56201171875 4.194091796875 16.86160321863535 2453
140 65.7 20.253569581192906 27.896019644332366 419.56201171875 4.194091796875 17.20883449119858 3002
150 93.9 16.305562402239747 21.15583062537341 419.56201171875 4.194091796875 17.75553876945118 3659
160 129.9 17.403715560948346 22.21773136881731 419.56201171875 4.194091796875 17.45942571838299 4598
170 134.4 18.04263178507489 22.39484086461028 419.56201171875 4.194091796875 17.447153801390012 5897
180 179.7 18.500721824786126 22.514093281929206 419.56201171875 4.194091796875 17.55768030464543 7241
190 253.7 33.752677367153645 31.87438000192259 419.56201171875 4.194091796875 17.745182585204496 9038
200 294 115.88455735809946 266.7766796449313 2636.587890625 0.528076171875 21.25369353654834 11575
210 282.6 198.10607702818157 649.8216111576872 3497.968017578125 0.528076171875 40.4210886199352 14515
220 253.1 24.81241212480861 23.699114954847264 3497.968017578125 0.528076171875 66.11844040136096 17341
230 207.9 16.330073662593232 18.005274517357865 3497.968017578125 0.528076171875 60.85749245611367 19872
240 167.8 14.242138904667012 13.812639934251012 3497.968017578125 0.528076171875 56.64025844983928 21951
250 111.7 12.249770066304828 11.016728180270944 3497.968017578125 0.528076171875 53.62938009710328 23629
260 71.4 10.853877048866423 9.977372366480255 3497.968017578125 0.528076171875 51.76156208997478 24746
270 32.2 12.791567595108695 14.047920784314464 3497.968017578125 0.528076171875 50.614347356300335 25460
280 31.8 10.902473497690641 11.335373136712253 3497.968017578125 0.528076171875 50.141966040533376 25782
290 4.9 9.88565748565051 2.981521499515426 3497.968017578125 0.528076171875 49.66387567162058 26100
300 12.4 9.905738092237906 7.577447809182096 3497.968017578125 0.528076171875 49.58933619817561 26149
310 8.2 8.611759837080793 2.5554850456633575 3497.968017578125 0.528076171875 49.40204254441942 26273
320 0.7 9.155796595982142 2.0190506671508066 3497.968017578125 0.528076171875 49.27512912449904 26355
330 3.4 8.571389590992647 2.623867344933846 3497.968017578125 0.528076171875 49.26447608877718 26362
340 0.4 11.43853759765625 2.87939963066189 3497.968017578125 0.528076171875 49.21206038408993 26396
350 0.5 10.60703125 2.135259151945163 3497.968017578125 0.528076171875 49.20633712306168 26400
351 0 0 0 3497.968017578125 0.528076171875 49.199028032761916 26405
