10 0.1 38.52099609375 0 38.52099609375 38.52099609375 0 0
20 0.2 37.6165771484375 1.6075439453125 39.22412109375 36.009033203125 38.52099609375 1
30 0.1 36.908935546875 0.0 39.22412109375 36.009033203125 37.918050130208336 3
40 0 0 0 39.22412109375 36.009033203125 37.665771484375 4
50 0.3 37.071044921875 1.1554960937566028 39.22412109375 35.443115234375 37.665771484375 4
60 0.3 151.432373046875 160.29787548883473 378.1201171875 35.443115234375 37.410888671875 7
70 0.4 36.75457763671875 1.7253310129129031 378.1201171875 35.1201171875 71.617333984375 10
80 0.4 37.22528076171875 2.032939826963941 378.1201171875 35.1201171875 61.656546456473215 14
90 0.1 39.4111328125 0.0 378.1201171875 35.1201171875 56.227376302083336 18
100 0.5 36.986181640625 1.9862754948338002 378.1201171875 34.700927734375 55.34231085526316 19
110 0.6 37.976847330729164 1.5464212825750658 378.1201171875 34.700927734375 51.51811726888021 24
120 0.7 37.62646484375 2.0201703778665174 378.1201171875 34.700927734375 48.80986328125 30
130 1.2 40.260579427083336 5.868771735214179 378.1201171875 34.700927734375 46.694085198479726 37
140 1.6 40.68193054199219 3.5132127626426275 378.1201171875 34.700927734375 45.118532764668366 49
150 2 41.62479248046875 6.66221214368383 378.1201171875 34.700927734375 44.026446063701925 65
160 2.4 45.23621622721354 5.896710454964143 378.1201171875 34.700927734375 43.46135110294118 85
170 2.4 43.17707316080729 5.032617674057167 378.1201171875 34.700927734375 43.85214709360665 109
180 2.4 45.74638875325521 7.545865664694747 378.1201171875 34.700927734375 43.73032924107143 133
190 3.6 64.23362901475694 22.905769503709095 378.1201171875 34.700927734375 44.038516682424365 157
200 5.6 99.9339599609375 31.492987704443447 378.1201171875 34.700927734375 47.80548064078692 193
210 5.7 81.67805989583333 34.85570177737171 378.1201171875 34.700927734375 59.52915470475653 249
220 3.4 59.19070255055147 13.0940769771097 378.1201171875 34.700927734375 63.654931161917894 306
230 2.4 48.79222615559896 12.524235022080834 378.1201171875 34.700927734375 63.20850830078125 340
240 0.7 46.98158482142857 4.761844691652657 378.1201171875 34.700927734375 62.2579842032967 364
250 0.4 43.05352783203125 8.092172598535063 378.1201171875 34.700927734375 61.96975025269542 371
260 0.1 36.93701171875 0.0 378.1201171875 34.700927734375 61.76797721354167 375
270 0.4 42.16827392578125 6.4785455131473855 378.1201171875 34.700927734375 61.70193741169382 376
280 0.3 34.750732421875 0.4344282396654284 378.1201171875 34.22412109375 61.496319901315786 380
290 0 0 0 378.1201171875 34.22412109375 61.28682443803035 383
300 0.1 40.23681640625 0.0 378.1201171875 34.22412109375 61.28682443803035 383
310 0 0 0 378.1201171875 34.22412109375 61.23200670878092 384
320 0 0 0 378.1201171875 34.22412109375 61.23200670878092 384
330 0 0 0 378.1201171875 34.22412109375 61.23200670878092 384
340 0 0 0 378.1201171875 34.22412109375 61.23200670878092 384
350 0 0 0 378.1201171875 34.22412109375 61.23200670878092 384
351 0 0 0 378.1201171875 34.22412109375 61.23200670878092 384
