10 0.2 5.6405029296875 0.0794677734375 5.719970703125 5.56103515625 0 0
20 0.3 6.428873697916667 1.5411667399843185 8.60791015625 5.298828125 5.6405029296875 2
30 0.4 5.70074462890625 0.1775024388877785 8.60791015625 5.298828125 6.113525390625 5
40 0.4 5.5146484375 0.243153093082931 8.60791015625 5.226806640625 5.930067274305555 9
50 0.6 7.3797607421875 3.2842345658987164 14.532958984375 5.226806640625 5.80224609375 13
60 0.6 5.812825520833333 0.2086651543723932 14.532958984375 5.226806640625 6.300408614309211 19
70 1 5.6904296875 0.23444797651312974 14.532958984375 5.18505859375 6.183388671875 25
80 0.7 5.498744419642857 0.20738064994641878 14.532958984375 5.18505859375 6.042543247767857 35
90 0.5 5.669775390625 0.2889731026642714 14.532958984375 5.18505859375 5.951910109747024 42
100 1.2 5.578409830729167 0.2774246497806094 14.532958984375 5.18505859375 5.921895777925532 47
110 1.9 5.898527446546052 0.840621984400371 14.532958984375 5.006103515625 5.852034229343221 59
120 2 5.83023681640625 0.7617531295256058 14.532958984375 4.989013671875 5.86335950020032 78
130 2.7 6.263075086805555 1.2212459266512043 14.532958984375 4.989013671875 5.856599768813775 98
140 2.3 6.487877887228261 1.1795811902814965 14.532958984375 4.989013671875 5.9443984375 125
150 3.1 6.702353200604839 1.5838854269036002 14.532958984375 4.989013671875 6.028858081714527 148
160 4.9 6.677983498086735 2.8884325159465383 25.739990234375 4.989013671875 6.145496901187151 179
170 4.8 6.677256266276042 1.9977177951209804 25.739990234375 4.989013671875 6.259934810169956 228
180 7.2 7.592580159505208 3.0727607927114384 25.739990234375 4.989013671875 6.332512454710145 276
190 9.9 23.190434619633837 19.978636907105418 83.18701171875 4.989013671875 6.593216117771193 348
200 11.6 79.59558105468747 122.84869487598543 1317.5009765625 0.597900390625 10.269110148385067 447
210 9.2 80.69089673913045 325.4471355882341 3168.912841796875 0.597900390625 24.553072182365668 563
220 7 15.306595284598215 12.12753922003345 3168.912841796875 0.597900390625 32.43807960102576 655
230 2.6 11.313617412860577 7.56317703698106 3168.912841796875 0.597900390625 30.78400525323276 725
240 1.7 8.725887522977942 2.9407066065970815 3168.912841796875 0.597900390625 30.10993057433838 751
250 0.7 6.733712332589286 0.9741503037744341 3168.912841796875 0.597900390625 29.636585871378582 768
260 0.3 5.809488932291667 0.11911666434621491 3168.912841796875 0.597900390625 29.429721207157257 775
270 0.3 5.503336588541667 0.27768527451041564 3168.912841796875 0.597900390625 29.338640619979113 778
280 0.1 5.4921875 0.0 3168.912841796875 0.597900390625 29.247083754301375 781
290 0 0 0 3168.912841796875 0.597900390625 29.216706649116848 782
300 0 0 0 3168.912841796875 0.597900390625 29.216706649116848 782
310 0 0 0 3168.912841796875 0.597900390625 29.216706649116848 782
320 0 0 0 3168.912841796875 0.597900390625 29.216706649116848 782
330 0 0 0 3168.912841796875 0.597900390625 29.216706649116848 782
340 0 0 0 3168.912841796875 0.597900390625 29.216706649116848 782
350 0 0 0 3168.912841796875 0.597900390625 29.216706649116848 782
351 0 0 0 3168.912841796875 0.597900390625 29.216706649116848 782
