20 0.2 10.521484375 0.16748046875 10.68896484375 10.35400390625 0 0
30 0.3 9.818359375 0.47888455862982215 10.68896484375 9.251953125 10.521484375 2
40 0.4 9.0887451171875 0.3372232759674139 10.68896484375 8.56494140625 10.099609375 5
50 0.6 9.202392578125 0.5535588310642408 10.68896484375 8.56494140625 9.650336371527779 9
60 0.7 9.330845424107142 0.41171939254324763 10.68896484375 8.56494140625 9.471158854166667 15
70 0.6 9.6531982421875 0.5206348247524584 10.68896484375 8.56494140625 9.426513671875 22
80 0.8 9.57586669921875 0.5495615738427401 10.68896484375 8.56494140625 9.475088936941964 28
90 0.7 9.651123046875 1.5754171824523182 13.302001953125 8.48291015625 9.497483995225695 36
100 0.8 9.220245361328125 0.2947971114831325 13.302001953125 8.48291015625 9.52249500363372 43
110 1.3 10.006479116586538 1.144027100643062 13.302001953125 8.48291015625 9.475083295036763 51
120 2 9.79071044921875 1.1349153610292544 13.302001953125 8.385009765625 9.58302307128906 64
130 1.6 9.535659790039063 1.1605552105161308 13.541015625 8.385009765625 9.632472446986606 84
140 2.8 9.753130231584821 1.464124721882768 16.18701171875 8.385009765625 9.616982421874999 100
150 3 10.366894531249999 1.997418081531848 17.700927734375 8.385009765625 9.646764755249023 128
160 4.1 10.992318502286585 1.5553905059443576 17.700927734375 8.385009765625 9.78349825702136 158
170 4.1 11.637885861280488 2.766510757605001 21.80908203125 8.385009765625 10.032551674387562 199
180 5.4 12.76857277199074 3.3198765825837127 28.10302734375 8.385009765625 10.306796264648437 240
190 8.5 24.468821806066167 18.135203024494995 88.548095703125 8.385009765625 10.75895929660927 294
200 10.1 61.200485380569305 32.58049765395373 164.365966796875 0.8310546875 13.833730571817282 379
210 11.5 122.57978940217392 475.7555918346948 3217.528076171875 0.8310546875 23.80048522949219 480
220 9.1 17.841708340487642 9.076535283760675 3217.528076171875 0.8310546875 42.89228351496849 595
230 4.9 12.027413504464286 3.148778971358064 3217.528076171875 0.8310546875 39.56924803263939 686
240 2.5 12.0603125 3.312745377056963 3217.528076171875 0.8310546875 37.73312573076105 735
250 1.3 12.173170823317308 5.047236522404471 3217.528076171875 0.8310546875 36.88862529553865 760
260 0.3 10.684407552083334 1.6730060772025068 3217.528076171875 0.8310546875 36.472970821879045 773
270 0.2 11.2125244140625 2.5665283203125 3217.528076171875 0.8310546875 36.373272768000966 776
280 0.3 9.003743489583334 0.2766472274201627 3217.528076171875 0.8310546875 36.308592180972845 778
290 0 0 0 3217.528076171875 0.8310546875 36.203707999059695 781
300 0.1 10.135009765625 0.0 3217.528076171875 0.8310546875 36.203707999059695 781
310 0 0 0 3217.528076171875 0.8310546875 36.170372067814895 782
320 0 0 0 3217.528076171875 0.8310546875 36.170372067814895 782
330 0 0 0 3217.528076171875 0.8310546875 36.170372067814895 782
340 0 0 0 3217.528076171875 0.8310546875 36.170372067814895 782
350 0 0 0 3217.528076171875 0.8310546875 36.170372067814895 782
351 0 0 0 3217.528076171875 0.8310546875 36.170372067814895 782
