40 0.8 4.654449462890625 0.3998175439132547 5.671875 4.4189453125 0 0
50 1.6 4.770416259765625 0.6821384954904883 7.3740234375 4.4189453125 4.654449462890625 8
60 1.6 4.456710815429688 0.1337859082024171 7.3740234375 4.297119140625 4.731760660807292 24
70 3.2 4.643692016601563 0.5412809841400117 7.3740234375 4.286865234375 4.62174072265625 40
80 1.6 4.84735107421875 0.7800746874669054 7.3740234375 4.286865234375 4.631496853298611 72
90 1.6 4.8913726806640625 0.8827107230264472 7.3740234375 4.286865234375 4.670743075284091 88
100 1.6 4.8156890869140625 0.5692645233850679 7.3740234375 4.286865234375 4.704686091496394 104
110 2.4 4.703674316406249 0.578860820930291 7.3740234375 4.286865234375 4.719486490885417 120
120 2.4 4.834940592447915 0.7076538285512337 7.3740234375 4.286865234375 4.716851128472222 144
130 2.4 5.561960856119792 2.0067464791278455 12.099853515625 4.286865234375 4.733721051897321 168
140 1.6 6.2676239013671875 3.005552028559705 17.178955078125 4.286865234375 4.83725102742513 192
150 8 4.991763305664063 0.8300976656633293 17.178955078125 4.286865234375 4.9472797100360575 208
160 11.2 5.503511701311385 1.4808612829531433 17.178955078125 4.286865234375 4.9596362643771705 288
170 9.6 5.815208435058594 1.279990251512109 17.178955078125 4.286865234375 5.11192138671875 400
180 10.4 6.482177734374998 2.518125265053239 19.34814453125 4.286865234375 5.2480414605909775 496
190 19.2 20.153264363606766 20.630388868365653 87.18310546875 4.286865234375 5.461958414713542 600
200 25.3 46.768621271306834 32.43185096163711 210.051025390625 1.208984375 9.023487129596747 792
210 25.1 27.296115343314256 29.710594895826375 210.051025390625 0.797119140625 18.161782763905503 1045
220 29.6 11.451955434438341 8.452893856632052 210.051025390625 0.797119140625 19.93085489155334 1296
230 25.9 6.1073125301640925 3.1292736616358456 210.051025390625 0.797119140625 18.354376098019397 1592
240 23.5 6.31768513131649 2.502478783059573 210.051025390625 0.797119140625 16.640713502625275 1851
250 13 5.705061222956731 1.5588667569794628 210.051025390625 0.797119140625 15.477764477094322 2086
260 8.8 4.801216819069602 0.6329665081695425 210.051025390625 0.797119140625 14.904456073196359 2216
270 2.4 4.820068359375 0.7378904361162537 210.051025390625 0.797119140625 14.518568462795685 2304
280 5.6 4.920667375837054 0.7949544785711988 210.051025390625 0.797119140625 14.418583925647019 2328
290 0 0 0 210.051025390625 0.797119140625 14.195478503336046 2384
300 2.4 4.678273518880209 0.12467897397098687 210.051025390625 0.797119140625 14.195478503336046 2384
310 1.6 4.587417602539063 0.6672671714309117 210.051025390625 0.797119140625 14.100622639703595 2408
320 0 0 0 210.051025390625 0.797119140625 14.03782920711505 2424
330 0.8 4.447998046875 0.0722460333583359 210.051025390625 0.797119140625 14.03782920711505 2424
340 0 0 0 210.051025390625 0.797119140625 14.006283709877419 2432
350 0 0 0 210.051025390625 0.797119140625 14.006283709877419 2432
351 0 0 0 210.051025390625 0.797119140625 14.006283709877419 2432
