0 0.1 4.882799249191524 0 4.882799249191524 4.882799249191524 0 0
10 0.1 1.968503937007874 0.0 4.882799249191524 1.968503937007874 4.882799249191524 1
20 0.1 1.3820335636722607 0.0 4.882799249191524 1.3820335636722607 3.425651593099699 2
30 0.1 1.4866204162537164 0.0 4.882799249191524 1.3820335636722607 2.7444455832905525 3
40 0.1 1.483679525222552 0.0 4.882799249191524 1.3820335636722607 2.4299892915313435 4
50 0.1 2.277227722772277 0.0 4.882799249191524 1.3820335636722607 2.2407273382695854 5
60 0.1 2.263779527559055 0.0 4.882799249191524 1.3820335636722607 2.246810735686701 6
70 0.1 2.083333333333333 0.0 4.882799249191524 1.3820335636722607 2.249234848811323 7
80 0.1 2.68389662027833 0.0 4.882799249191524 1.3820335636722607 2.228497159376574 8
90 0.1 2.783300198807157 0.0 4.882799249191524 1.3820335636722607 2.279097099476769 9
100 0.1 2.783300198807157 0.0 4.882799249191524 1.3820335636722607 2.329517409409808 10
110 0.1 3.5678889990089195 0.0 4.882799249191524 1.3820335636722607 2.3707703902641124 11
120 0.1 3.663366336633663 0.0 4.882799249191524 1.3820335636722607 2.4705302743261797 12
130 0.1 5.8128078817733995 0.0 5.8128078817733995 1.3820335636722607 2.5622868945036785 13
140 0.1 6.021717670286279 0.0 6.021717670286279 1.3820335636722607 2.7944669650229446 14
150 0.1 6.594488188976378 0.0 6.594488188976378 1.3820335636722607 3.0096170120405 15
160 0.1 8.743718592964825 0.0 8.743718592964825 1.3820335636722607 3.2336714605989925 16
170 0.1 10.31031031031031 0.0 10.31031031031031 1.3820335636722607 3.557791880149924 17
180 0.1 11.59274193548387 0.0 11.59274193548387 1.3820335636722607 3.932931792936612 18
190 0.1 16.95085255767302 0.0 16.95085255767302 1.3820335636722607 4.3360796951759415 19
200 0.1 18.6 0.0 18.6 1.3820335636722607 4.966818338300795 20
210 0.1 18.14516129032258 0.0 18.6 1.3820335636722607 5.616017465048377 21
220 0.1 14.965312190287413 0.0 18.6 1.3820335636722607 6.1855240025608405 22
230 0.1 15.4 0.0 18.6 1.3820335636722607 6.567253923766344 23
240 0.1 14.673366834170853 0.0 18.6 1.3820335636722607 6.93528501027608 24
250 0.1 10.32064128256513 0.0 18.6 1.3820335636722607 7.244808283231871 25
260 0.1 7.329317269076305 0.0 18.6 1.3820335636722607 7.363109552436996 26
270 0.1 5.61122244488978 0.0 18.6 1.3820335636722607 7.3618579863866005 27
280 0.1 4.814443329989969 0.0 18.6 1.3820335636722607 7.2993352884760005 28
290 0.1 3.3099297893681046 0.0 18.6 1.3820335636722607 7.213649358873034 29
300 0.1 2.083333333333333 0.0 18.6 1.3820335636722607 7.083525373222869 30
310 0.1 1.8737672583826428 0.0 18.6 1.3820335636722607 6.922228855807078 31
320 0.1 1.2871287128712872 0.0 18.6 1.2871287128712872 6.764464430887565 32
330 0.1 1.1811023622047243 0.0 18.6 1.1811023622047243 6.598484560644648 33
340 0.1 1.0848126232741617 0.0 18.6 1.0848126232741617 6.439149790102297 34
