0 1.4 32.62011718750001 39.28821577426454 126.7529296875 4.72509765625 0 0
10 3.5 20.452587890624997 40.821214051384445 154.29296875 3.60888671875 32.62011718750001 14
20 6.2 46.478173040574596 113.82997796697788 838.926025390625 3.60888671875 23.929024832589285 49
30 7.2 44.23737589518228 78.22780757045408 838.926025390625 3.60888671875 36.52404455236486 111
40 15.9 104.2284281028892 256.5883934801065 2765.6171875 3.60888671875 39.55879786757172 183
50 14.9 228.14228810559987 602.1246378187826 4585.361083984375 3.60888671875 69.6245031524123 342
60 14.7 54.829838966836746 106.34099831556412 4585.361083984375 3.60888671875 117.72867821967289 491
70 20.9 56.68037903708132 85.63208186527163 4585.361083984375 3.60888671875 103.23631243571221 638
80 24.3 61.872347608024704 92.01244013357743 4585.361083984375 3.60888671875 91.74848471397212 847
90 24.5 90.36294941804844 121.52798957678091 4585.361083984375 3.60888671875 85.08802479035265 1090
100 37.1 143.31340483385281 181.55120161842643 4585.361083984375 3.60888671875 86.0560821190309 1335
110 27.3 72.83482858287549 118.55112817181218 4585.361083984375 3.60888671875 98.50770388175009 1706
120 31.4 491.28594620820076 414.3832876957771 4585.361083984375 3.60888671875 94.9661703008543 1979
130 40 1724.1377886962885 699.8482266553091 4585.361083984375 0.5830078125 149.2376093043025 2293
140 49.6 1757.8580652052353 1143.792812247831 4585.361083984375 0.071044921875 383.1626266666472 2693
150 96.2 1135.9264735739364 1426.8679219786459 5002.410888671875 0.066162109375 596.9754010520783 3189
160 135.1 816.897820913907 1148.44069839836 5002.410888671875 0.066162109375 721.8780586685629 4151
170 160.8 662.7291902001217 922.9116654339325 5002.410888671875 0.055908203125 745.2098832402568 5502
180 202.2 538.5981498439044 838.2340771084421 5002.410888671875 0.055908203125 726.5560218607156 7110
190 230.7 487.9201214628712 758.0934570096355 5002.410888671875 0.055908203125 684.9385429713166 9132
200 219.3 985.8442124533323 1608.0329350815605 8071.114013671875 0.055908203125 645.204169475383 11439
210 240.6 1171.6191014569692 2313.663887828902 14811.703125 0.055908203125 700.0034369526894 13632
220 229.8 1677.201299044854 4079.6368121206697 21882.530029296875 0.055908203125 770.7546084701665 16038
230 310.1 1087.4355789179644 3924.344575339646 35732.299072265625 0.055908203125 884.3570569289707 18336
240 211.6 721.3858662192445 2668.311919762386 35732.299072265625 0.055908203125 913.7336719724875 21437
250 143 758.1267185451254 673.6248580866501 35732.299072265625 0.055908203125 896.4531575168402 23553
260 113.1 919.0296705331978 629.2876897235188 35732.299072265625 0.055908203125 888.5355012013636 24983
270 92.7 969.828461055487 188.98717917213273 35732.299072265625 0.055908203125 889.856206781294 26114
280 101.2 386.96174663799997 202.69226212385303 35732.299072265625 0.055908203125 892.5977577487944 27041
290 46.1 29.441623911164534 45.5677822770942 35732.299072265625 0.055908203125 874.357154489103 28053
300 7.4 12.738779428842905 20.65491552688579 35732.299072265625 0.055908203125 860.6969854634864 28514
310 15.8 8.481247527689876 12.936834078360558 35732.299072265625 0.055908203125 858.5020467742964 28588
320 4.2 5.808797200520834 3.358184625484111 35732.299072265625 0.055908203125 853.8299780940987 28746
330 3 6.3683837890625 3.826794864940682 35732.299072265625 0.055908203125 852.5927650331869 28788
340 3.5 6.654157366071429 4.892154846167963 35732.299072265625 0.055908203125 851.7118318859413 28818
343 0 0 0 35732.299072265625 0.055908203125 850.6867385296804 28853
