10 0.2 13.2135009765625 1.1304931640625 14.343994140625 12.0830078125 0 0
20 0.2 58.54052734375 28.6435546875 87.18408203125 12.0830078125 13.2135009765625 2
30 0.4 29.12298583984375 14.114736140853335 87.18408203125 12.0830078125 35.87701416015625 4
40 0.8 158.17672729492188 240.8863048306319 744.12890625 11.2509765625 32.5 8
50 0.4 99.1204833984375 125.40080372142461 744.12890625 11.2509765625 95.33836364746094 16
60 0.7 84.39990234375 108.01582513658109 744.12890625 10.782958984375 96.09478759765625 20
70 1 38.2974365234375 23.216893177065405 744.12890625 10.27587890625 93.06278030960648 27
80 1.1 48.97434303977273 43.671313178450156 744.12890625 10.27587890625 78.26133604307432 37
90 0.7 46.397042410714285 65.55791657826317 744.12890625 10.27587890625 71.5497334798177 48
100 0.8 138.40789794921875 76.50299059882562 744.12890625 10.27587890625 68.34848188920455 55
110 1.3 43.07496995192308 25.79388956803067 744.12890625 9.916015625 77.24491567460318 63
120 1.9 410.6724789268092 358.1036283085018 860.39501953125 9.916015625 71.40005653782895 76
130 1.7 1522.8335391773896 674.7217357586866 2557.074951171875 0.869140625 139.254541015625 95
140 1.7 1639.5036477481617 910.397874085097 3682.59912109375 0.869140625 349.26206752232144 112
150 4.1 1216.5234136814022 1464.382598408944 3682.59912109375 0.703125 519.2939036761144 129
160 5.6 758.843558175223 1102.943599632148 3682.59912109375 0.68310546875 687.4492560891545 170
170 7.6 725.4388074372944 924.812443594403 3682.59912109375 0.6669921875 705.139879614906 226
180 7.5 421.66194661458326 759.5957778292892 3682.59912109375 0.660888671875 710.2482190668977 302
190 9 606.386203342014 809.3895625525379 3682.59912109375 0.660888671875 652.8371569079493 377
200 11.5 517.21962890625 739.8553394774904 3682.59912109375 0.642822265625 643.8851530087326 467
210 9.8 551.9114840760518 977.7252956741082 6786.781005859375 0.571044921875 618.8567418888263 582
220 9.5 787.6579769736842 1706.8758508606193 13070.883056640625 0.571044921875 609.2087488511029 680
230 8 623.6221679687501 798.2978452364058 13070.883056640625 0.571044921875 631.0831703629032 775
240 5.3 493.87159124410385 687.5140710029012 13070.883056640625 0.571044921875 630.385064875731 855
250 2 605.3483520507813 678.3308091786106 13070.883056640625 0.571044921875 622.4167674060435 908
260 1 432.0847412109375 654.1398379621342 13070.883056640625 0.571044921875 622.0489136268353 928
270 0.7 1044.1561453683037 91.58473273804563 13070.883056640625 0.571044921875 620.0237092300773 938
280 0.2 375.16796875 15.115966796875 13070.883056640625 0.571044921875 623.1654309792493 945
290 0 0 0 13070.883056640625 0.571044921875 622.6416770991453 947
300 0 0 0 13070.883056640625 0.571044921875 622.6416770991453 947
310 0 0 0 13070.883056640625 0.571044921875 622.6416770991453 947
320 0 0 0 13070.883056640625 0.571044921875 622.6416770991453 947
330 0 0 0 13070.883056640625 0.571044921875 622.6416770991453 947
340 0 0 0 13070.883056640625 0.571044921875 622.6416770991453 947
343 0 0 0 13070.883056640625 0.571044921875 622.6416770991453 947
