40 2.1 29.225039527529763 34.23799698395087 158.549072265625 4.7880859375 0 0
50 1.1 112.47454279119319 272.1722661596571 965.51611328125 4.739990234375 29.225039527529763 21
60 0.8 9.496368408203125 4.792279437858129 965.51611328125 4.47705078125 57.84205627441406 32
70 0.8 18.01849365234375 18.642613016258746 965.51611328125 4.47705078125 48.172918701171874 40
80 1.6 37.338043212890625 32.98617699608703 965.51611328125 4.47705078125 43.14718119303385 48
90 2 63.23958740234375 72.4889450993908 965.51611328125 4.47705078125 41.69489669799805 64
100 4.3 70.64835801235465 73.11657470498582 965.51611328125 4.47705078125 46.8245849609375 84
110 0.9 20.936143663194443 16.657557308793315 965.51611328125 4.4638671875 54.89090182086614 127
120 0.3 774.99462890625 67.45266819648212 965.51611328125 4.4638671875 52.64389576631434 136
130 0.7 1729.9174107142858 541.3429857288965 2581.050048828125 4.4638671875 68.23419935926259 139
140 1.6 1727.76708984375 1132.0299137824788 3501.1220703125 0.694091796875 147.90394236943493 146
150 5.4 601.2929144965278 1135.0474415351175 3501.1220703125 0.679931640625 303.9398087866512 162
160 9.9 563.7745053069758 996.3798025463042 3501.1220703125 0.6689453125 378.2780852141204 216
170 13.6 599.5938864315258 883.2963883800722 3501.1220703125 0.6689453125 436.57696010044634 315
180 11.5 536.7307362432067 828.8361033053382 3501.1220703125 0.64697265625 485.73505761935274 451
190 13.9 370.623389374438 681.0947627812731 3501.1220703125 0.64697265625 496.09637041395206 566
200 9.1 450.3938551682692 706.0289648198074 3501.1220703125 0.64697265625 471.35772592531026 705
210 15 309.34578450520837 652.3303424493777 3501.1220703125 0.64697265625 468.9611025096184 796
220 15.2 504.4226427580179 1043.4801865710333 5336.77001953125 0.64697265625 443.6521197393631 946
230 48.3 265.57293536895054 618.5846359909231 5336.77001953125 0.64697265625 452.0647968785576 1098
240 25.6 415.85208225250244 635.6974333309691 5336.77001953125 0.64697265625 395.0910023756226 1581
250 18.4 652.7612463909646 649.3474185868733 5336.77001953125 0.64697265625 397.98421764425694 1837
260 14.8 911.7341457057644 607.3093233512411 5336.77001953125 0.64697265625 421.18014703039955 2021
270 17.3 941.8883402388907 151.07083357670973 5336.77001953125 0.64697265625 454.6527112553668 2169
280 25.2 371.3655511765252 188.57803878053613 5336.77001953125 0.64697265625 490.6440706977877 2342
290 10.4 23.82848182091346 25.316700320618978 5336.77001953125 0.64697265625 479.0564890018131 2594
300 0.8 9.772979736328125 5.99568443322454 5336.77001953125 0.64697265625 461.5087822757888 2698
310 4 8.485943603515626 4.542070251032677 5336.77001953125 0.64697265625 460.173273620831 2706
320 0.8 4.85986328125 2.7180633499950115 5336.77001953125 0.64697265625 453.5937058128585 2746
330 0.8 8.110015869140625 3.9990746033717426 5336.77001953125 0.64697265625 452.2901942877122 2754
340 0.8 11.743896484375 3.2058876289209364 5336.77001953125 0.64697265625 451.0036477897583 2762
343 0 0 0 5336.77001953125 0.64697265625 449.73502756938177 2770
