40 2.1 46.52618117559524 30.531688471629867 125.051025390625 8.4609375 0 0
50 1.1 64.32981178977273 74.49622365463537 283.808837890625 8.4609375 46.52618117559524 21
60 0.8 20.21990966796875 7.0774293759290225 283.808837890625 8.4609375 52.64617919921875 32
70 0.8 27.8126220703125 15.332900313026112 283.808837890625 8.4609375 46.16092529296875 40
80 1.6 45.050323486328125 29.575127194899117 283.808837890625 8.4609375 43.102874755859375 48
90 1.9 81.4896304481908 70.09039345697445 296.171142578125 8.4609375 43.58973693847656 64
100 4.4 98.06659490411934 83.65303241450177 340.0751953125 7.951904296875 52.26561617564006 83
110 0.9 34.745090060763886 26.741925166722243 340.0751953125 7.639892578125 68.13367179810531 127
120 0.1 609.828125 0.0 609.828125 7.639892578125 65.92413330078125 136
130 0.7 1417.2157156808037 576.5406635767104 2520.12890625 7.639892578125 69.89423542997262 137
140 1.4 1552.2181919642858 1123.1971978638662 3711.8388671875 0.125 135.38902960883246 144
150 5.6 719.8241620744977 1211.2665429691197 3711.8388671875 0.121826171875 260.930854121341 158
160 9.9 510.04775785195693 985.7141702337528 3711.8388671875 0.121826171875 381.0150842399241 214
170 13 507.0880540114185 837.9838295072182 3711.8388671875 0.110107421875 421.8273356379792 313
180 12.1 481.28896968620853 819.2870836855298 3711.8388671875 0.110107421875 446.8474110071601 443
190 13.9 250.89849370503597 577.1238545509035 3711.8388671875 0.110107421875 454.23646880887077 564
200 8.5 444.64286247702205 991.0480666486997 5348.85595703125 0.110107421875 414.0316629206303 703
210 14 675.0246738978792 1670.7280349886519 12770.04296875 0.110107421875 417.3336324159264 788
220 14.4 1181.9183281792536 2414.420412049086 20049.2412109375 0.110107421875 456.20943608777276 928
230 49.9 601.8564531406561 1628.0632313241824 31067.455078125 0.110107421875 553.6927201000613 1072
240 25.4 439.214128629429 2014.843307971447 31090.505126953125 0.110107421875 568.9910668774367 1571
250 18.2 605.5611169836025 672.3039938081058 31090.505126953125 0.108154296875 550.9289614993578 1825
260 14.9 914.0521445050335 626.335846131779 31090.505126953125 0.108154296875 555.883147995687 2007
270 17.3 933.8088731710626 168.9829178472251 31090.505126953125 0.108154296875 580.6360146375666 2156
280 26.5 366.2987000663326 185.52836927396623 31090.505126953125 0.108154296875 606.8699796552974 2329
290 10.4 24.286095252403847 28.280188420810855 31090.505126953125 0.108154296875 582.2934996664478 2594
300 0.8 5.666229248046875 4.124015050103133 31090.505126953125 0.108154296875 560.7839481249131 2698
310 4 5.290557861328125 4.5496648718047314 31090.505126953125 0.108154296875 559.1428018754618 2706
320 0.8 9.314361572265625 5.024430510435625 31090.505126953125 0.108154296875 551.0750343006019 2746
330 0.8 5.41796875 3.5088373207958905 31090.505126953125 0.108154296875 549.5012923318922 2754
340 0.8 3.420135498046875 0.13715301414226605 31090.505126953125 0.108154296875 547.9253811846601 2762
343 0 0 0 31090.505126953125 0.108154296875 546.3528028577673 2770
