20 0.2 8.7044677734375 0.1175537109375 8.822021484375 8.5869140625 0 0
30 0.1 8.68701171875 0.0 8.822021484375 8.5869140625 8.7044677734375 2
40 0.1 9.697021484375 0.0 9.697021484375 8.5869140625 8.698649088541666 3
50 0.1 59.60595703125 0.0 59.60595703125 8.5869140625 8.9482421875 4
60 0.3 31.238606770833332 30.793501522463185 74.787109375 8.5869140625 19.07978515625 5
70 0.3 14.312662760416666 8.096840950266806 74.787109375 8.43505859375 23.63934326171875 8
80 0.4 35.20550537109375 26.150470877044253 77.18603515625 8.2060546875 21.095703125 11
90 0.6 48.570231119791664 34.56341309104888 102.343994140625 8.2060546875 24.858317057291668 15
100 0.2 102.8426513671875 94.7135009765625 197.55615234375 8.129150390625 31.63314964657738 21
110 0.6 36.8980712890625 17.57509177408612 197.55615234375 8.129150390625 37.82528023097826 23
120 0.5 612.835205078125 294.5493214770781 805.947021484375 8.129150390625 37.6334438981681 29
130 0.5 1673.468994140625 714.0850433189257 2554.241943359375 8.129150390625 122.22193818933823 34
140 0.4 1923.412841796875 246.1727063481861 2554.241943359375 8.129150390625 321.09976587540064 39
150 1.5 1279.6257161458334 1394.950113818666 3666.74609375 0.72900390625 470.15214503088663 43
160 2.4 973.654062906901 1157.3903764614156 3666.74609375 0.6650390625 679.4987582502694 58
170 1.8 655.1527235243055 917.0719212891294 3666.74609375 0.64892578125 765.5929937595274 82
180 2.8 514.2225864955359 808.7381716897402 3666.74609375 0.639892578125 745.7137451171875 100
190 4.2 467.56043643043154 696.0847472498875 3666.74609375 0.639892578125 695.0750541687012 128
200 3.7 582.3617240287164 742.2294651393997 3666.74609375 0.639892578125 638.8655603745405 170
210 3.4 734.5609274471508 882.3544534422874 3666.74609375 0.639892578125 628.7658408344656 207
220 3.2 467.48802947998047 673.5989146804684 3666.74609375 0.639892578125 643.6912887383298 241
230 2.8 632.6099068777902 775.1823866547752 3666.74609375 0.639892578125 623.0374268472412 273
240 2.3 715.318115234375 691.7521646654196 3666.74609375 0.639892578125 623.9278901058971 301
250 1.3 796.0625751201923 640.9727300606781 3666.74609375 0.639892578125 630.4154678156348 324
260 1.2 977.3223266601563 574.1826895046681 3666.74609375 0.639892578125 636.8054155751578 337
270 0.4 999.6057739257813 212.41278626543374 3666.74609375 0.639892578125 648.513733434814 349
280 0 0 0 3666.74609375 0.639892578125 652.4921134970346 353
290 0.1 6.760986328125 0.0 3666.74609375 0.639892578125 652.4921134970346 353
300 0 0 0 3666.74609375 0.639892578125 650.6680142677438 354
310 0 0 0 3666.74609375 0.639892578125 650.6680142677438 354
320 0 0 0 3666.74609375 0.639892578125 650.6680142677438 354
330 0 0 0 3666.74609375 0.639892578125 650.6680142677438 354
340 0 0 0 3666.74609375 0.639892578125 650.6680142677438 354
343 0 0 0 3666.74609375 0.639892578125 650.6680142677438 354
