0 6 6
10 18 12
20 23 5
30 32 9
40 48 16
50 53 5
60 57 4
70 63 6
80 70 7
90 82 12
100 102 20
110 120 18
120 183 63
130 230 47
140 269 39
150 352 83
160 473 121
170 571 98
180 788 217
190 976 188
200 1027 51
210 1028 1
220 1026 -2
230 1028 2
240 1019 -9
250 1009 -10
260 1010 1
270 1008 -2
280 1010 2
290 1011 1
300 851 -160
310 691 -160
320 551 -140
330 478 -73
340 557 79
350 517 -40
360 404 -113
370 292 -112
380 198 -94
390 144 -54
400 99 -45
410 58 -41
420 37 -21
430 17 -20
440 8 -9
450 4 -4
460 3 -1
470 2 -1
480 0 -2
490 0 0
500 0 0
510 0 0
520 0 0
521 0 0
