0 0.1 3170.5234375 0 3170.5234375 3170.5234375 0 0
10 0.1 3170.703125 0.0 3170.703125 3170.5234375 3170.5234375 1
20 0.1 3169.22265625 0.0 3170.703125 3169.22265625 3170.61328125 2
30 0.1 3167.48828125 0.0 3170.703125 3167.48828125 3170.1497395833335 3
40 0.1 3163.64453125 0.0 3170.703125 3163.64453125 3169.484375 4
50 0.1 3160.73828125 0.0 3170.703125 3160.73828125 3168.31640625 5
60 0.1 3156.65234375 0.0 3170.703125 3156.65234375 3167.0533854166665 6
70 0.1 3158.7109375 0.0 3170.703125 3156.65234375 3165.5675223214284 7
80 0.1 3156.1796875 0.0 3170.703125 3156.1796875 3164.71044921875 8
90 0.1 3153.9375 0.0 3170.703125 3153.9375 3163.7625868055557 9
100 0.1 3149.41015625 0.0 3170.703125 3149.41015625 3162.780078125 10
110 0.1 3148.4453125 0.0 3170.703125 3148.4453125 3161.564630681818 11
120 0.1 3145.16796875 0.0 3170.703125 3145.16796875 3160.4713541666665 12
130 0.1 3134.09375 0.0 3170.703125 3134.09375 3159.294170673077 13
140 0.1 3131.65625 0.0 3170.703125 3131.65625 3157.494140625 14
150 0.1 3120.63671875 0.0 3170.703125 3120.63671875 3155.7716145833333 15
160 0.1 3110.8984375 0.0 3170.703125 3110.8984375 3153.57568359375 16
170 0.1 3091.8671875 0.0 3170.703125 3091.8671875 3151.065257352941 17
180 0.1 3085.69140625 0.0 3170.703125 3085.69140625 3147.7764756944443 18
190 0.1 3075.5390625 0.0 3170.703125 3075.5390625 3144.5088404605262 19
200 0.1 3071.8515625 0.0 3170.703125 3071.8515625 3141.0603515625 20
210 0.1 3054.49609375 0.0 3170.703125 3054.49609375 3137.764694940476 21
220 0.1 3028.875 0.0 3170.703125 3028.875 3133.9797585227275 22
230 0.1 3011.984375 0.0 3170.703125 3011.984375 3129.4099864130435 23
240 0.1 2996.25390625 0.0 3170.703125 2996.25390625 3124.5172526041665 24
250 0.1 3002.94921875 0.0 3170.703125 2996.25390625 3119.38671875 25
260 0.1 2997.6328125 0.0 3170.703125 2996.25390625 3114.9083533653848 26
270 0.1 2994.296875 0.0 3170.703125 2994.296875 3110.564814814815 27
280 0.1 2997.25 0.0 3170.703125 2994.296875 3106.4123883928573 28
290 0.1 2995.7265625 0.0 3170.703125 2994.296875 3102.6481681034484 29
300 0.1 2995.875 0.0 3170.703125 2994.296875 3099.0841145833333 30
310 0.1 2989.50390625 0.0 3170.703125 2989.50390625 3095.7547883064517 31
320 0.1 2988.5859375 0.0 3170.703125 2988.5859375 3092.4344482421875 32
330 0.1 2986.12109375 0.0 3170.703125 2986.12109375 3089.2875236742425 33
340 0.1 2989.2890625 0.0 3170.703125 2986.12109375 3086.253216911765 34
350 0.1 3001.6796875 0.0 3170.703125 2986.12109375 3083.4828125 35
360 0.1 3016.0078125 0.0 3170.703125 2986.12109375 3081.210503472222 36
370 0.1 3014.76953125 0.0 3170.703125 2986.12109375 3079.4482685810813 37
380 0.1 3031.30859375 0.0 3170.703125 2986.12109375 3077.7461965460525 38
390 0.1 3026.5078125 0.0 3170.703125 2986.12109375 3076.5554887820513 39
400 0.1 3034.11328125 0.0 3170.703125 2986.12109375 3075.304296875 40
410 0.1 3038.37890625 0.0 3170.703125 2986.12109375 3074.299637957317 41
420 0.1 3059.19921875 0.0 3170.703125 2986.12109375 3073.444382440476 42
430 0.1 3076.20703125 0.0 3170.703125 2986.12109375 3073.1130995639537 43
440 0.1 3077.80078125 0.0 3170.703125 2986.12109375 3073.183416193182 44
450 0.1 3079.87890625 0.0 3170.703125 2986.12109375 3073.2860243055557 45
460 0.1 3090.50390625 0.0 3170.703125 2986.12109375 3073.429347826087 46
470 0.1 3099.8203125 0.0 3170.703125 2986.12109375 3073.7926363031916 47
480 0.1 3100.8125 0.0 3170.703125 2986.12109375 3074.3348795572915 48
490 0.1 3100.95703125 0.0 3170.703125 2986.12109375 3074.8752391581634 49
500 0.1 3101.28515625 0.0 3170.703125 2986.12109375 3075.396875 50
510 0.1 3101.36328125 0.0 3170.703125 2986.12109375 3075.904488357843 51
520 0.1 3101.48046875 0.0 3170.703125 2986.12109375 3076.394080528846 52
