10 0.1 53 0 53 53 0 0
20 0.1 207.0 0.0 207 53 53.0 1
30 0.1 260.0 0.0 260 53 130.0 2
40 0.1 521.0 0.0 521 53 173.33333333333334 3
50 0.1 770.0 0.0 770 53 260.25 4
60 0.1 909.0 0.0 909 53 362.2 5
70 0.1 917.0 0.0 917 53 453.3333333333333 6
80 0.1 1638.0 0.0 1638 53 519.5714285714286 7
90 0.1 969.0 0.0 1638 53 659.375 8
100 0.1 1175.0 0.0 1638 53 693.7777777777778 9
110 0.1 1658.0 0.0 1658 53 741.9 10
120 0.1 1781.0 0.0 1781 53 825.1818181818181 11
130 0.1 2844.0 0.0 2844 53 904.8333333333334 12
140 0.1 3380.0 0.0 3380 53 1054.0 13
150 0.1 3821.0 0.0 3821 53 1220.142857142857 14
160 0.1 5390.0 0.0 5390 53 1393.5333333333333 15
170 0.1 5834.0 0.0 5834 53 1643.3125 16
180 0.1 6355.0 0.0 6355 53 1889.8235294117646 17
190 0.1 7937.0 0.0 7937 53 2137.8888888888887 18
200 0.1 7883.0 0.0 7937 53 2443.1052631578946 19
210 0.1 8.2e3 0.0 8200 53 2715.1 20
220 0.1 8955.0 0.0 8955 53 2976.285714285714 21
230 0.1 9402.0 0.0 9402 53 3248.0454545454545 22
240 0.1 9810.0 0.0 9810 53 3515.608695652174 23
250 0.1 9243.0 0.0 9810 53 3777.875 24
260 0.1 9513.0 0.0 9810 53 3996.48 25
270 0.1 9786.0 0.0 9810 53 4208.653846153846 26
280 0.1 9732.0 0.0 9810 53 4415.222222222222 27
290 0.1 9396.0 0.0 9810 53 4605.107142857142 28
300 0.1 10079.0 0.0 10079 53 4770.310344827586 29
310 0.1 10035.0 0.0 10079 53 4947.266666666666 30
320 0.1 8793.0 0.0 10079 53 5111.387096774193 31
330 0.1 9044.0 0.0 10079 53 5226.4375 32
340 0.1 8442.0 0.0 10079 53 5342.121212121212 33
350 0.1 7379.0 0.0 10079 53 5433.294117647059 34
360 0.1 6782.0 0.0 10079 53 5488.885714285714 35
370 0.1 7126.0 0.0 10079 53 5524.805555555556 36
380 0.1 6870.0 0.0 10079 53 5568.081081081081 37
390 0.1 3265.0 0.0 10079 53 5602.3421052631575 38
400 0.1 2332.0 0.0 10079 53 5542.410256410256 39
410 0.1 1617.0 0.0 10079 53 5462.15 40
420 0.1 1034.0 0.0 10079 53 5368.365853658536 41
430 0.1 906.0 0.0 10079 53 5265.166666666667 42
440 0.1 234.0 0.0 10079 53 5163.790697674419 43
450 0.1 217.0 0.0 10079 53 5051.75 44
460 0.1 259.0 0.0 10079 53 4944.311111111111 45
470 0.1 140.0 0.0 10079 53 4842.45652173913 46
480 0.1 21.0 0.0 10079 21 4742.404255319148 47
490 0.1 163.0 0.0 10079 21 4644.041666666666 48
500 0.1 4.0 0.0 10079 4 4552.591836734693 49
510 0.1 0.0 0.0 10079 0 4461.619999999999 50
520 0.1 10.0 0.0 10079 0 4374.13725490196 51
