30 0.8 9.11785888671875 1.3958484548904961 11.514892578125 7.653076171875 0 0
40 0.8 8.618377685546875 1.443836269843337 11.773193359375 7.64794921875 9.11785888671875 8
50 0 0 0 11.773193359375 7.64794921875 8.868118286132813 16
60 1.6 9.024948120117188 3.150992466929825 20.5810546875 7.51416015625 8.868118286132813 16
70 4 9.7278564453125 2.7270927674315146 20.5810546875 7.51416015625 8.946533203125 32
80 1.6 8.007598876953125 0.593278627978818 20.5810546875 7.51416015625 9.380601671006945 72
90 0.8 12.6571044921875 4.670306720774735 20.5810546875 7.51416015625 9.130964799360795 88
100 0.8 9.731292724609375 1.6518997061858653 20.5810546875 7.51416015625 9.424809773763021 96
110 2.4 20.197580973307293 18.154573569358927 84.993896484375 7.51416015625 9.448385385366587 104
120 4.6 11.683407990828805 5.776048280421572 84.993896484375 7.51416015625 11.463859558105469 128
130 3.4 25.23379337086397 20.189993517809807 91.132080078125 7.51416015625 11.521901097790948 174
140 3.2 21.135086059570313 19.533611405523114 107.906982421875 7.51416015625 13.763268103966347 208
150 4.1 107.9560010956555 166.05847648289875 504.848876953125 7.51416015625 14.746177164713542 240
160 3.5 608.7035853794642 243.87273782525142 1172.7099609375 7.51416015625 28.346187062110765 281
170 4.7 996.2597708194813 325.97995250554237 1356.10693359375 0.134033203125 92.62627864789359 316
180 9.1 579.9518801510989 540.6895783603077 1356.10693359375 0.120849609375 209.62565642217632 363
190 11.6 454.8045506970635 502.01042503661193 1356.10693359375 0.118896484375 283.85404047356826 454
200 9.1 540.5747955657625 605.7778888764875 4004.033935546875 0.118896484375 318.6439688699287 570
210 12.9 630.0134882963905 725.0186473651002 5504.31103515625 0.118896484375 349.1972294286592 661
220 17.2 641.5546761446218 1184.0543105451259 7008.823974609375 0.118896484375 395.052036256428 790
230 16.3 895.6947568179638 1263.1463726366928 7008.823974609375 0.118896484375 439.12527332583477 962
240 18.2 616.5108669406769 850.1208700672621 7008.823974609375 0.118896484375 505.27711848958324 1125
250 17.9 815.6543173337116 1150.8479816735967 7008.823974609375 0.118896484375 520.7664392379376 1307
260 19.9 1253.4159125706658 1537.2553376929325 7008.823974609375 0.068115234375 556.287926572489 1486
270 22.3 1301.7989846815447 1510.5027468069823 7008.823974609375 0.066162109375 638.6193623075853 1685
280 21.8 1335.926513671875 1667.1421015409892 7008.823974609375 0.05615234375 716.1293496185879 1908
290 23 1101.5325641134505 1471.1922390653508 7008.823974609375 0.05615234375 779.6833391593294 2126
300 39.8 1062.2881325573169 1057.8118276878354 7008.823974609375 0.05615234375 811.1032550079915 2356
310 26.7 419.3928250087781 354.64544500844374 7008.823974609375 0.05615234375 847.4037565565142 2754
320 24.2 485.24856239508 228.64594650518617 7008.823974609375 0.05615234375 809.5755808785117 3021
330 26.2 315.0244792909114 136.15224601099592 7008.823974609375 0.05615234375 785.5219068138503 3263
340 9.2 518.8559358016305 122.46123024678552 7008.823974609375 0.05615234375 750.5516015624999 3525
350 15.7 556.8156162917994 461.071366673223 7008.823974609375 0.05615234375 744.658319491723 3617
360 18 590.7274712456599 347.61041160855075 7008.823974609375 0.05615234375 736.8439834020601 3774
370 21.4 345.120252947941 126.67332361151018 7008.823974609375 0.05615234375 730.192245367626 3954
380 16 52.343162536621136 42.186707461226916 7008.823974609375 0.05615234375 710.4212745476134 4168
390 4.8 8.968434651692709 6.434642637718974 7008.823974609375 0.05615234375 686.0930633826969 4328
400 6.4 8.728393554687502 4.481887955126208 7008.823974609375 0.05615234375 678.665736559322 4376
410 3.2 7.2293243408203125 2.4653812209650736 7008.823974609375 0.05615234375 669.0089820655616 4440
420 3.3 8.252160274621216 1.3421675605074848 7008.823974609375 0.05615234375 664.2735283430231 4472
430 2.7 6.575520833333333 2.1261238500508446 7008.823974609375 0.05615234375 659.4680444037873 4505
440 0 0 0 7008.823974609375 0.05615234375 655.5783493163199 4532
450 0 0 0 7008.823974609375 0.05615234375 655.5783493163199 4532
460 1.6 7.793548583984375 0.10006545409482859 7008.823974609375 0.05615234375 655.5783493163199 4532
470 0.8 8.16241455078125 1.0564464507023665 7008.823974609375 0.05615234375 653.29942301647 4548
480 0 0 0 7008.823974609375 0.05615234375 652.1666100077506 4556
490 0 0 0 7008.823974609375 0.05615234375 652.1666100077506 4556
500 0 0 0 7008.823974609375 0.05615234375 652.1666100077506 4556
510 0 0 0 7008.823974609375 0.05615234375 652.1666100077506 4556
520 0 0 0 7008.823974609375 0.05615234375 652.1666100077506 4556
521 0 0 0 7008.823974609375 0.05615234375 652.1666100077506 4556
