0 1.2 12
10 4.9 61
20 8.3 144
30 6.6 210
40 11.1 321
50 11.8 439
60 19.1 630
70 16.4 794
80 17.4 968
90 16.1 1129
100 30 1429
110 29.6 1725
120 40.3 2128
130 56.5 2693
140 58.2 3275
150 63.8 3913
160 65.7 4570
170 57.5 5145
180 57.9 5724
190 57 6294
200 54.8 6842
210 56 7402
220 52.5 7927
230 46.7 8394
240 38.5 8779
250 34.7 9126
260 41 9536
270 47.2 10008
280 50.6 10514
290 43.4 10948
300 23.3 11181
310 12.7 11308
320 5.1 11359
330 2.8 11387
340 1.2 11399
350 0 11399
360 0.2 11401
370 0.1 11402
380 0 11402
390 0 11402
400 0 11402
410 0 11402
415 0 11402
