0 0.1 3171.3359375 0 3171.3359375 3171.3359375 0 0
10 0.1 3171.0078125 0.0 3171.3359375 3171.0078125 3171.3359375 1
20 0.1 3169.0703125 0.0 3171.3359375 3169.0703125 3171.171875 2
30 0.1 3166.2890625 0.0 3171.3359375 3166.2890625 3170.4713541666665 3
40 0.1 3165.69921875 0.0 3171.3359375 3165.69921875 3169.42578125 4
50 0.1 3164.2578125 0.0 3171.3359375 3164.2578125 3168.68046875 5
60 0.1 3163.296875 0.0 3171.3359375 3163.296875 3167.943359375 6
70 0.1 3161.01953125 0.0 3171.3359375 3161.01953125 3167.2795758928573 7
80 0.1 3160.92578125 0.0 3171.3359375 3160.92578125 3166.4970703125 8
90 0.1 3159.83984375 0.0 3171.3359375 3159.83984375 3165.8780381944443 9
100 0.1 3158.88671875 0.0 3171.3359375 3158.88671875 3165.27421875 10
110 0.1 3155.1171875 0.0 3171.3359375 3155.1171875 3164.693536931818 11
120 0.1 3152.87890625 0.0 3171.3359375 3152.87890625 3163.8955078125 12
130 0.1 3145.97265625 0.0 3171.3359375 3145.97265625 3163.048076923077 13
140 0.1 3138.609375 0.0 3171.3359375 3138.609375 3161.8284040178573 14
150 0.1 3134.89453125 0.0 3171.3359375 3134.89453125 3160.28046875 15
160 0.1 3124.109375 0.0 3171.3359375 3124.109375 3158.69384765625 16
170 0.1 3111.8984375 0.0 3171.3359375 3111.8984375 3156.659466911765 17
180 0.1 3100.171875 0.0 3171.3359375 3100.171875 3154.1727430555557 18
190 0.1 3084.9375 0.0 3171.3359375 3084.9375 3151.3305921052633 19
200 0.1 3073.140625 0.0 3171.3359375 3073.140625 3148.0109375 20
210 0.1 3062.89453125 0.0 3171.3359375 3062.89453125 3144.4456845238096 21
220 0.1 3040.046875 0.0 3171.3359375 3040.046875 3140.7388139204545 22
230 0.1 3016.76953125 0.0 3171.3359375 3016.76953125 3136.3609035326085 23
240 0.1 3003.19921875 0.0 3171.3359375 3003.19921875 3131.3779296875 24
250 0.1 3000.01171875 0.0 3171.3359375 3000.01171875 3126.25078125 25
260 0.1 2999.23046875 0.0 3171.3359375 2999.23046875 3121.3954326923076 26
270 0.1 2998.91796875 0.0 3171.3359375 2998.91796875 3116.8708043981483 27
280 0.1 2998.83203125 0.0 3171.3359375 2998.83203125 3112.658203125 28
290 0.1 3001.0703125 0.0 3171.3359375 2998.83203125 3108.733162715517 29
300 0.1 3002.09375 0.0 3171.3359375 2998.83203125 3105.1444010416667 30
310 0.1 3004.03125 0.0 3171.3359375 2998.83203125 3101.8201864919356 31
320 0.1 3027.73828125 0.0 3171.3359375 2998.83203125 3098.7642822265625 32
330 0.1 3028.14453125 0.0 3171.3359375 2998.83203125 3096.6119791666665 33
340 0.1 3038.39453125 0.0 3171.3359375 2998.83203125 3094.5982306985293 34
350 0.1 3038.60546875 0.0 3171.3359375 2998.83203125 3092.9924107142856 35
360 0.1 3048.625 0.0 3171.3359375 2998.83203125 3091.4816623263887 36
370 0.1 3049.1953125 0.0 3171.3359375 2998.83203125 3090.3233741554054 37
380 0.1 3052.91015625 0.0 3171.3359375 2998.83203125 3089.2410567434213 38
390 0.1 3053.0078125 0.0 3171.3359375 2998.83203125 3088.309495192308 39
400 0.1 3059.6015625 0.0 3171.3359375 2998.83203125 3087.426953125 40
410 0.1 3059.85546875 0.0 3171.3359375 2998.83203125 3086.748285060976 41
