10 0.1 128 0 128 128 0 0
20 0.1 261.0 0.0 261 128 128.0 1
30 0.1 359.0 0.0 359 128 194.5 2
40 0.1 312.0 0.0 359 128 249.33333333333334 3
50 0.1 518.0 0.0 518 128 265.0 4
60 0.1 682.0 0.0 682 128 315.6 5
70 0.1 977.0 0.0 977 128 376.6666666666667 6
80 0.1 1049.0 0.0 1049 128 462.42857142857144 7
90 0.1 977.0 0.0 1049 128 535.75 8
100 0.1 1028.0 0.0 1049 128 584.7777777777778 9
110 0.1 1731.0 0.0 1731 128 629.1 10
120 0.1 1647.0 0.0 1731 128 729.2727272727273 11
130 0.1 2570.0 0.0 2570 128 805.75 12
140 0.1 3619.0 0.0 3619 128 941.4615384615385 13
150 0.1 3811.0 0.0 3811 128 1132.7142857142858 14
160 0.1 4150.0 0.0 4150 128 1311.2666666666667 15
170 0.1 4320.0 0.0 4320 128 1488.6875 16
180 0.1 4778.0 0.0 4778 128 1655.235294117647 17
190 0.1 6834.0 0.0 6834 128 1828.7222222222222 18
200 0.1 7865.0 0.0 7865 128 2092.157894736842 19
210 0.1 9035.0 0.0 9035 128 2380.8 20
220 0.1 11713.0 0.0 11713 128 2697.6666666666665 21
230 0.1 13698.0 0.0 13698 128 3107.4545454545455 22
240 0.1 14254.0 0.0 14254 128 3567.913043478261 23
250 0.1 12638.0 0.0 14254 128 4013.1666666666665 24
260 0.1 11626.0 0.0 14254 128 4358.16 25
270 0.1 10468.0 0.0 14254 128 4637.692307692308 26
280 0.1 9070.0 0.0 14254 128 4853.62962962963 27
290 0.1 8007.0 0.0 14254 128 5004.214285714285 28
300 0.1 7554.0 0.0 14254 128 5107.758620689655 29
310 0.1 3414.0 0.0 14254 128 5189.3 30
320 0.1 1072.0 0.0 14254 128 5132.032258064516 31
330 0.1 389.0 0.0 14254 128 5005.15625 32
340 0.1 349.0 0.0 14254 128 4865.272727272727 33
350 0.1 104.0 0.0 14254 104 4732.441176470588 34
360 0.1 76.0 0.0 14254 76 4600.2 35
370 0.1 120.0 0.0 14254 76 4474.527777777777 36
380 0.1 85.0 0.0 14254 76 4356.8378378378375 37
390 0.1 39.0 0.0 14254 39 4244.421052631579 38
400 0.1 128.0 0.0 14254 39 4136.589743589743 39
410 0.1 42.0 0.0 14254 39 4036.374999999999 40
