0 1.2 241.7195027669271 368.9189267510311 1170.636962890625 9.815185546875 0 0
10 5.4 234.1579951533565 536.9128038428966 2432.10791015625 8.240966796875 241.7195027669271 12
20 10.2 73.35786946614583 242.0844406478898 2432.10791015625 7.326904296875 235.53281471946022 66
30 8.9 37.57759282830056 104.48963186503164 2432.10791015625 6.1162109375 137.0694551013765 168
40 13.7 55.79305072422448 145.91462978383177 2432.10791015625 6.1162109375 102.6150747811284 257
50 16.2 55.204702871817084 145.62411539347468 2432.10791015625 6.1162109375 86.33432022327094 394
60 30.6 50.99614162071079 130.68495940884839 2432.10791015625 5.843994140625 77.26417991583294 556
70 27 73.10130750868053 307.20486800643965 3037.0888671875 5.843994140625 67.93933105468749 862
80 26.5 52.377043410966984 124.2231771752622 3037.0888671875 5.843994140625 69.1705445198625 1132
90 19.4 70.91750563788656 168.4762451551503 3037.0888671875 5.843994140625 65.98494838968547 1397
100 39.7 137.34852580880028 330.1941285789115 4248.10205078125 5.843994140625 66.58640414465154 1591
110 41 56.192015410632614 134.0447127879873 4248.10205078125 5.829833984375 80.71747170031907 1988
120 50.3 120.03763891261804 208.74318524807535 4248.10205078125 5.829833984375 76.52421186763706 2398
130 71.7 164.22085601083077 238.43054728558627 4248.10205078125 5.829833984375 84.06893913534662 2901
140 77.1 344.3106751200748 310.97002139093894 4248.10205078125 5.829833984375 99.953108400057 3618
150 75.7 690.4236697722299 395.3324932504905 4248.10205078125 5.829833984375 142.87853194554202 4389
160 78.9 1725.4513807405538 674.0524062182168 4248.10205078125 1.702880859375 223.4249115286751 5146
170 110.5 1844.3787679404695 1509.109757248184 4507.410888671875 1.52685546875 423.1045887330849 5935
180 202.1 1074.68377748968 1383.8236355695626 4751.677001953125 1.52685546875 646.1881069183349 7040
190 269.1 820.9215121912462 1190.9492649401843 4751.677001953125 1.52685546875 741.7614156287078 9061
200 317.6 667.3313613238199 992.1090640978845 4751.677001953125 1.5009765625 759.8876766778732 11752
210 438.6 502.6444050049177 856.8209915347246 4751.677001953125 1.5009765625 740.1958989739293 14928
220 593 361.6954950084974 774.3496459032613 4751.677001953125 1.5009765625 686.2505301974933 19314
230 685.2 306.12807074890327 703.5838011273831 4751.677001953125 1.3779296875 610.0101816524628 25244
240 695.2 329.8359951638241 660.5805371194707 4751.677001953125 1.26904296875 545.1360470590184 32096
250 565.8 390.99756079438095 606.7327024864773 4751.677001953125 1.26904296875 506.80460983367044 39048
260 456.5 472.29686285981984 563.810796215172 4751.677001953125 1.26904296875 492.1480473260809 44706
270 336.4 637.0479574486984 532.9430487614824 4751.677001953125 1.26904296875 490.308818224003 49271
280 227.5 898.4242610319362 339.2692289661396 4751.677001953125 1.26904296875 499.68718745268876 52635
290 211 683.8397898307908 250.07124550299517 4751.677001953125 1.26904296875 516.2074359027487 54910
300 166.2 276.2663794562281 182.76874705316865 4751.677001953125 1.26904296875 522.4105973686934 57020
310 65.1 24.307502805179535 52.970358063080376 4751.677001953125 1.26904296875 515.439265611587 58682
320 29.6 9.168844686972127 5.319021058010041 4751.677001953125 1.26904296875 510.05058178324566 59333
330 20.6 8.89672377503034 5.029133811431473 4751.677001953125 1.26904296875 507.56419103075115 59629
340 3.3 12.836810487689394 5.16024521596806 4751.677001953125 1.26904296875 505.8473781577725 59835
350 2.8 7.198843819754464 1.669162239635616 4751.677001953125 1.26904296875 505.5756244874793 59868
360 2.8 14.602460588727679 4.863684697820103 4751.677001953125 1.26904296875 505.3426448250862 59896
370 2.7 14.44753689236111 4.0533045216391175 4751.677001953125 1.26904296875 505.1133422892305 59924
380 0 0 0 4751.677001953125 1.26904296875 504.892362209737 59951
390 2.6 7.069279597355769 2.0569068583189023 4751.677001953125 1.26904296875 504.892362209737 59951
400 0 0 0 4751.677001953125 1.26904296875 504.6765561482814 59977
410 0 0 0 4751.677001953125 1.26904296875 504.6765561482814 59977
415 2.6 7.994234525240383 0.8419848888998994 4751.677001953125 1.26904296875 504.6765561482814 59977
