20 0.1 44.9248046875 0 44.9248046875 44.9248046875 0 0
30 0 0 0 44.9248046875 44.9248046875 44.9248046875 1
40 0.2 42.66552734375 3.324462890625 45.989990234375 39.341064453125 44.9248046875 1
50 0.1 11.864013671875 0.0 45.989990234375 11.864013671875 43.418619791666664 3
60 0.5 14.680810546875 3.492590164080197 45.989990234375 11.357177734375 35.52996826171875 4
70 0.3 29.481689453125 18.69577935806632 55.903076171875 11.357177734375 23.947102864583332 9
80 0.3 138.13045247395834 175.1788581772524 385.84814453125 11.357177734375 25.33074951171875 12
90 0.3 27.063395182291668 8.038330838991806 385.84814453125 11.357177734375 47.890690104166666 15
100 1 91.4235595703125 95.48422396349054 385.84814453125 10.943115234375 44.419474283854164 18
110 0.8 69.27841186523438 96.1682054815046 385.84814453125 10.943115234375 61.20664760044643 28
120 1 95.99208984375 98.42638382396699 385.84814453125 10.943115234375 63.00037299262153 36
130 1.7 82.78135052849265 86.55960704301853 385.84814453125 10.513916015625 70.1724853515625 46
140 1.3 327.4999248798077 198.2621364407975 754.52001953125 10.513916015625 73.5748775421627 63
150 1.5 492.5320638020833 217.10992764605518 893.513916015625 10.513916015625 117.00942511307566 76
160 1.2 1511.2267456054688 708.2142398912788 2450.575927734375 2.18115234375 178.90876116071428 91
170 3.4 1649.2888470818014 1483.8212658783548 3735.0361328125 1.68896484375 334.13027391155947 103
180 4.6 1076.5718941066575 1342.1620482213752 3735.0361328125 1.68701171875 660.5199928005246 137
190 6 409.7034098307292 907.7337620474241 3735.0361328125 1.68701171875 765.1013450414105 183
200 7.2 767.2541063096788 982.6610439401127 3735.0361328125 1.68701171875 677.3487684461805 243
210 9 417.69194878472223 771.0655647228348 3735.0361328125 1.6630859375 697.8985599578373 315
220 10.5 324.1734909784226 769.901131363169 3735.0361328125 1.6630859375 635.6304241415895 405
230 14.7 228.96455974968111 580.928726893496 3735.0361328125 1.616943359375 571.5069379021139 510
240 16.4 337.2740657155107 632.9157826879454 3735.0361328125 1.616943359375 494.86503594106733 657
250 12.6 427.4978298611111 612.4828513309062 3735.0361328125 1.60107421875 463.38523190088307 821
260 6.1 469.90852330942624 555.6624208445427 3735.0361328125 1.60107421875 458.610350531283 947
270 3.6 644.0279541015626 545.8426861774245 3735.0361328125 1.60107421875 459.2940693204365 1008
280 1.8 933.6675482855903 238.0134127711388 3735.0361328125 1.60107421875 465.6642032784064 1044
290 0.6 732.696044921875 182.90408022538782 3735.0361328125 1.60107421875 473.59646336327387 1062
300 0.7 340.49278041294644 131.8333608131042 3735.0361328125 1.60107421875 475.0520789900076 1068
310 0 0 0 3735.0361328125 1.60107421875 474.17587890625 1075
320 0 0 0 3735.0361328125 1.60107421875 474.17587890625 1075
330 0.1 9.071044921875 0.0 3735.0361328125 1.60107421875 474.17587890625 1075
340 0 0 0 3735.0361328125 1.60107421875 473.7436253430675 1076
350 0 0 0 3735.0361328125 1.60107421875 473.7436253430675 1076
360 0 0 0 3735.0361328125 1.60107421875 473.7436253430675 1076
370 0 0 0 3735.0361328125 1.60107421875 473.7436253430675 1076
380 0 0 0 3735.0361328125 1.60107421875 473.7436253430675 1076
390 0 0 0 3735.0361328125 1.60107421875 473.7436253430675 1076
400 0 0 0 3735.0361328125 1.60107421875 473.7436253430675 1076
410 0 0 0 3735.0361328125 1.60107421875 473.7436253430675 1076
415 0 0 0 3735.0361328125 1.60107421875 473.7436253430675 1076
