10 0.7 42.927559988839285 37.609950642607316 99.698974609375 8.367919921875 0 0
20 1 11.028466796875 1.0389210494282954 99.698974609375 8.367919921875 42.927559988839285 7
30 0.1 40.14599609375 0.0 99.698974609375 8.367919921875 24.163387522977942 17
40 0.8 16.2423095703125 8.412841353179388 99.698974609375 8.367919921875 25.051310221354168 18
50 0.7 21.836181640625 17.114524564030457 99.698974609375 8.367919921875 22.340848482572117 26
60 0.9 12.381944444444445 3.6227810344038898 99.698974609375 8.160888671875 22.23379794034091 33
70 0.4 10.6695556640625 1.3866228365972817 99.698974609375 8.160888671875 20.122686476934526 42
80 0.8 18.3486328125 13.599413744762872 99.698974609375 8.160888671875 19.300675101902176 46
90 0.7 15.894635881696429 6.419687341831152 99.698974609375 8.160888671875 19.15963179976852 54
100 2 55.248474121093736 62.93316020317236 248.011962890625 7.744873046875 18.784960137038933 61
110 1.6 19.608718872070313 12.545683095952288 248.011962890625 7.744873046875 27.78829692322531 81
120 2.9 57.644792227909484 67.5649424501442 280.97998046875 7.744873046875 26.43908817251933 97
130 3 139.59501953124996 160.17657005546434 581.18701171875 7.744873046875 33.62135339161706 126
140 3 273.15460611979165 152.13680255965951 653.60791015625 7.744873046875 54.000904572315704 156
150 3.1 685.5868353074596 340.2244654850666 1418.614013671875 7.744873046875 89.34827578965054 186
160 5.6 1580.4777352469307 584.2871157187942 3034.4189453125 6.260986328125 174.52521286362327 217
170 8.6 1604.9284242142078 1451.9968809542393 3654.631103515625 1.739990234375 462.9257302755838 273
180 10.4 959.2138296274038 1317.2217014167963 3654.631103515625 1.72412109375 736.4974062608809 359
190 17.4 877.8717812724498 1152.21227723813 3654.631103515625 1.701904296875 786.524421444722 463
200 14.2 723.4179756272006 971.4788704543424 3654.631103515625 1.651123046875 811.4764475201138 637
210 19.8 484.5683408794981 815.1444042900195 3654.631103515625 1.651123046875 795.42471066672 779
220 34.1 377.296199854518 772.9104893746049 3654.631103515625 1.625 732.4261833198726 977
230 31.4 341.6044774146594 721.0783390009362 3654.631103515625 1.60400390625 640.5450570970456 1318
240 23.4 399.0528303619124 702.7190403574361 3654.631103515625 1.60400390625 583.0283034081551 1632
250 5.4 550.9168972439236 705.7589358717557 3654.631103515625 1.60400390625 559.9574241515523 1866
260 1 354.367626953125 518.503158755137 3654.631103515625 1.60400390625 559.7031593322753 1920
270 0 0 0 3654.631103515625 1.60400390625 558.6392446567356 1930
280 0 0 0 3654.631103515625 1.60400390625 558.6392446567356 1930
290 0.1 1091.096923828125 0.0 3654.631103515625 1.60400390625 558.6392446567356 1930
300 0 0 0 3654.631103515625 1.60400390625 558.9149865931269 1931
310 0 0 0 3654.631103515625 1.60400390625 558.9149865931269 1931
320 0 0 0 3654.631103515625 1.60400390625 558.9149865931269 1931
330 0 0 0 3654.631103515625 1.60400390625 558.9149865931269 1931
340 0 0 0 3654.631103515625 1.60400390625 558.9149865931269 1931
350 0 0 0 3654.631103515625 1.60400390625 558.9149865931269 1931
360 0 0 0 3654.631103515625 1.60400390625 558.9149865931269 1931
370 0 0 0 3654.631103515625 1.60400390625 558.9149865931269 1931
380 0 0 0 3654.631103515625 1.60400390625 558.9149865931269 1931
390 0 0 0 3654.631103515625 1.60400390625 558.9149865931269 1931
400 0 0 0 3654.631103515625 1.60400390625 558.9149865931269 1931
410 0 0 0 3654.631103515625 1.60400390625 558.9149865931269 1931
415 0 0 0 3654.631103515625 1.60400390625 558.9149865931269 1931
