20 0.1 15.10107421875 0 15.10107421875 15.10107421875 0 0
30 0.2 11.064453125 2.33447265625 15.10107421875 8.72998046875 15.10107421875 1
40 0.5 13.8740234375 2.9920253261511705 17.203125 8.72998046875 12.409993489583334 3
50 0.3 13.593017578125 2.127378040064916 17.203125 8.72998046875 13.32501220703125 8
60 0.3 15.17431640625 4.4587753721455865 21.474853515625 8.72998046875 13.398104580965908 11
70 0.7 13.013323102678571 4.338551068897226 21.474853515625 8.623046875 13.778721400669642 14
80 0.6 21.477498372395832 11.550525466290862 40.9169921875 8.623046875 13.523588634672619 21
90 0.5 22.542041015625 14.510558298281914 43.20703125 8.623046875 15.291124131944445 27
100 0.8 61.22991943359375 47.90696971865751 137.093994140625 8.384033203125 16.42407989501953 32
110 0.7 15.535051618303571 6.4705482058825705 137.093994140625 8.376953125 25.385247802734376 40
120 0.7 34.08935546875 19.00822583389123 137.093994140625 8.376953125 23.91819730718085 47
130 1.4 141.58900669642858 124.01005857419584 383.72705078125 8.376953125 25.236680772569443 54
140 1.5 292.94679361979166 167.15570095933825 690.364013671875 8.376953125 49.1915714039522 68
150 2.3 462.0499214504076 297.2319291134966 1141.597900390625 8.376953125 93.2437199971762 83
160 2.4 1692.2461954752605 631.4687622657331 2757.512939453125 2.2509765625 173.26770710495282 106
170 1.2 1986.7315673828127 1444.7257333957507 3518.181884765625 2.2509765625 453.6945049579327 130
180 2.1 1141.332484654018 1314.7928503872718 3518.181884765625 2.04296875 583.2469327684859 142
190 3.8 579.873136821546 1123.1761529390847 3518.181884765625 1.781005859375 655.1475253426954 163
200 6.4 560.3921813964844 920.3575972223648 3518.181884765625 1.77001953125 640.9165464182989 201
210 7.6 288.0208675986841 650.1031327557283 3518.181884765625 1.77001953125 621.4691526017097 265
220 11.1 421.8184209600226 796.5944837992419 3518.181884765625 1.6611328125 547.1522327769885 341
230 16.2 310.17449725115745 701.1414917093039 3518.181884765625 1.6611328125 516.3733542113177 452
240 17.7 372.8826552568856 695.0439950404717 3518.181884765625 1.322998046875 461.96909553453276 614
250 21.8 409.0325558163704 610.199988242853 3518.181884765625 1.322998046875 442.0344559275245 791
260 25.6 503.86762428283726 570.2211254795236 3518.181884765625 1.322998046875 434.9042138817053 1009
270 23.2 656.4674882559935 540.3045685500905 3518.181884765625 1.322998046875 448.8604455518158 1265
280 18.1 939.6874770696651 303.72569583401645 3518.181884765625 1.322998046875 481.03468329888943 1497
290 14.5 736.0369847790948 233.32125177501322 3518.181884765625 1.322998046875 530.507958431494 1678
300 6.5 281.0137282151442 195.22350440486787 3518.181884765625 1.322998046875 546.8555770932614 1823
310 3.1 28.616510206653224 36.407511158990275 3518.181884765625 1.322998046875 537.7031829316737 1888
320 0.8 10.571075439453125 1.472645541678334 3518.181884765625 1.322998046875 529.4792710742086 1919
330 0.3 11.38671875 0.8484688890621025 3518.181884765625 1.322998046875 527.3250076776968 1927
340 0 0 0 3518.181884765625 1.322998046875 526.5230310627833 1930
350 0 0 0 3518.181884765625 1.322998046875 526.5230310627833 1930
360 0.1 20.7431640625 0.0 3518.181884765625 1.322998046875 526.5230310627833 1930
370 0 0 0 3518.181884765625 1.322998046875 526.2611046686868 1931
380 0 0 0 3518.181884765625 1.322998046875 526.2611046686868 1931
390 0 0 0 3518.181884765625 1.322998046875 526.2611046686868 1931
400 0 0 0 3518.181884765625 1.322998046875 526.2611046686868 1931
410 0 0 0 3518.181884765625 1.322998046875 526.2611046686868 1931
415 0 0 0 3518.181884765625 1.322998046875 526.2611046686868 1931
