20 0.8 18.374603271484375 13.40353772315378 50.483154296875 7.962158203125 0 0
30 0.8 7.78973388671875 2.680682722488801 50.483154296875 6.19091796875 18.374603271484375 8
40 0.8 14.31463623046875 6.258543471590473 50.483154296875 6.19091796875 13.082168579101563 16
50 1.6 12.175323486328125 6.147869766054611 50.483154296875 6.19091796875 13.492991129557291 24
60 4.8 16.137222290039055 11.673572188090226 57.631103515625 5.921142578125 12.965924072265626 40
70 4.5 19.079318576388893 23.75187766885688 99.612060546875 5.921142578125 14.69572310014204 88
80 3.5 11.751569475446429 6.03143665363325 99.612060546875 5.921142578125 16.1788945018797 133
90 0.9 11.01220703125 5.540506297599041 99.612060546875 5.921142578125 15.256535121372767 168
100 3.9 43.36405123197115 63.94750113545538 396.552001953125 5.921142578125 15.040721828654661 177
110 4 10.356939697265627 6.901277876149602 396.552001953125 5.910888671875 20.15465630425347 216
120 3.2 46.821250915527344 60.264385104625454 396.552001953125 5.910888671875 18.62376308441162 256
130 5.6 55.935032435825896 95.37265781834932 493.637939453125 5.910888671875 21.756817287868923 288
140 6.6 171.5949854995265 159.62335401985987 779.635986328125 5.910888671875 27.320712777071222 344
150 3.2 551.7924575805664 372.64701429082294 1559.85791015625 5.910888671875 50.54535180068598 410
160 2.4 1745.5488586425784 510.193042557869 2479.451904296875 5.910888671875 86.83473502456872 442
170 3.5 1293.0559849330357 1516.9145045871542 3592.346923828125 1.7900390625 172.26207186326448 466
180 13 737.0353853665866 1218.1960974602844 3592.346923828125 1.72998046875 250.56104782622256 501
190 16.5 581.798507043087 1048.4904959694366 3592.346923828125 1.7119140625 350.78555476797743 631
200 21.4 520.8742219443636 890.9873189678141 3592.346923828125 1.693115234375 398.671405428019 796
210 32 505.3076675415042 849.4926930960763 3592.346923828125 1.693115234375 424.5638833829673 1010
220 44.7 291.19654521899474 688.3578265760856 3592.346923828125 1.682861328125 443.9909592707355 1330
230 55.2 267.33156508293723 663.6385565307112 3592.346923828125 1.682861328125 405.5558984484912 1777
240 71.3 277.85973590353257 612.4690131775807 3592.346923828125 1.677001953125 372.7951290119151 2329
250 66 342.8337187795925 575.2101232235531 3592.346923828125 1.671142578125 350.5436709953876 3042
260 59.5 382.36990135898105 538.3210644700675 3592.346923828125 1.671142578125 349.169125219476 3702
270 47 601.1572130568483 535.2850891713572 3592.346923828125 1.6689453125 353.7663935003709 4297
280 34 878.714455279182 336.6968857435313 3592.346923828125 1.6689453125 378.1577686192181 4767
290 43.7 655.2016841792406 245.80973240090188 3592.346923828125 1.6689453125 411.4824746040208 5107
300 42.7 285.71701357124556 176.43095559974967 3592.346923828125 1.6689453125 430.69338632558845 5544
310 14.9 22.35265375943793 30.327457113579303 3592.346923828125 1.6689453125 420.3257910875874 5971
320 8 8.131427001953124 2.981306174330577 3592.346923828125 1.6689453125 410.63657581603604 6120
330 5.6 8.290422712053573 3.4249891345772197 3592.346923828125 1.6689453125 405.4429609926285 6200
340 0.8 11.574127197265625 2.731851115784248 3592.346923828125 1.6689453125 401.8878871205518 6256
350 0.8 7.48199462890625 1.116378102504971 3592.346923828125 1.6689453125 401.38940211426404 6264
360 0.8 16.7659912109375 5.387573394308652 3592.346923828125 1.6689453125 400.88696919655314 6272
370 0.8 14.609222412109375 5.302481712289848 3592.346923828125 1.6689453125 400.39764310994724 6280
380 0 0 0 3592.346923828125 1.6689453125 399.90681814722734 6288
390 0.8 7.004638671875 0.5091101133210488 3592.346923828125 1.6689453125 399.90681814722734 6288
400 0 0 0 3592.346923828125 1.6689453125 399.4075777666996 6296
410 0 0 0 3592.346923828125 1.6689453125 399.4075777666996 6296
415 0.8 8.27947998046875 1.0510277919764006 3592.346923828125 1.6689453125 399.4075777666996 6296
