10 0.2 10.907958984375 0.5 11.407958984375 10.407958984375 0 0
20 0 0 0 11.407958984375 10.407958984375 10.907958984375 2
30 0.3 9.382731119791666 1.1204108544564568 11.407958984375 7.9140625 10.907958984375 2
40 0.4 15.53057861328125 8.907925749911813 30.611083984375 7.9140625 9.992822265625 5
50 0.3 12.880777994791666 4.935720941415843 30.611083984375 7.9140625 12.454047309027779 9
60 0.6 14.965494791666666 11.507235452503103 40.484130859375 7.546875 12.56072998046875 12
70 0.3 29.711018880208332 28.65045123175823 70.216064453125 7.546875 13.362318250868055 18
80 0.6 12.023681640625 4.187566469623376 70.216064453125 7.29296875 15.697846912202381 21
90 0.4 12.062744140625 4.399404863184923 70.216064453125 7.29296875 14.88136574074074 27
100 0.4 77.873779296875 71.57932143240895 174.95703125 7.29296875 14.517672631048388 31
110 0.7 23.3076171875 25.678010502732757 174.95703125 7.29296875 21.758370535714285 35
120 1.1 27.139093572443183 19.716111841950692 174.95703125 7.29296875 22.016578311011905 42
130 0.9 93.81868489583333 152.95798785084824 490.14892578125 7.29296875 23.079741855837263 53
140 1.4 325.4768240792411 212.14069083596868 783.81494140625 7.29296875 33.34829810357863 62
150 1.2 380.773193359375 221.24793731328256 911.506103515625 7.29296875 87.1614476254112 76
160 1.1 1916.754305752841 433.96616169561725 2327.171142578125 7.29296875 127.19941295276989 88
170 1.5 2000.1720703125 1444.9144579325346 3591.112060546875 1.698974609375 326.0388454861111 99
180 3.2 948.0376281738281 1310.3189121559456 3591.112060546875 1.698974609375 546.3195329632675 114
190 4.5 879.5744032118056 1131.496092549554 3591.112060546875 1.698974609375 634.3673346532535 146
200 5 623.33083984375 945.7400115245126 3591.112060546875 1.634033203125 692.1386335283049 191
210 7.1 488.352814150528 828.7825301316125 3591.112060546875 1.634033203125 677.86315766014 241
220 8.1 389.3917432243441 768.1304402371056 3591.112060546875 1.634033203125 634.7374064127604 312
230 12.1 249.17650560111042 612.9279950008519 3591.112060546875 1.634033203125 584.1699796487356 393
240 11.8 394.04411496954447 669.9585564515962 3591.112060546875 1.634033203125 505.3096482095086 514
250 8.6 486.0007977152979 622.513391368827 3591.112060546875 1.634033203125 484.53538725647735 632
260 3.6 575.9953274197048 539.562321762903 3591.112060546875 1.634033203125 484.71090995767315 718
270 2.3 619.5389351222826 532.7890869790292 3591.112060546875 1.634033203125 489.06931715745185 754
280 0.4 985.0610961914063 20.450019034053142 3591.112060546875 1.634033203125 492.9313521808638 777
290 0.4 745.3607177734375 67.74150045869402 3591.112060546875 1.634033203125 495.4518630336707 781
300 0.2 140.9888916015625 44.4329833984375 3591.112060546875 1.634033203125 496.72528394954213 785
310 0.1 10.943115234375 0.0 3591.112060546875 1.634033203125 495.821252456917 787
320 0 0 0 3591.112060546875 1.634033203125 495.2059248716092 788
330 0 0 0 3591.112060546875 1.634033203125 495.2059248716092 788
340 0 0 0 3591.112060546875 1.634033203125 495.2059248716092 788
350 0 0 0 3591.112060546875 1.634033203125 495.2059248716092 788
360 0 0 0 3591.112060546875 1.634033203125 495.2059248716092 788
370 0 0 0 3591.112060546875 1.634033203125 495.2059248716092 788
380 0 0 0 3591.112060546875 1.634033203125 495.2059248716092 788
390 0 0 0 3591.112060546875 1.634033203125 495.2059248716092 788
400 0 0 0 3591.112060546875 1.634033203125 495.2059248716092 788
410 0 0 0 3591.112060546875 1.634033203125 495.2059248716092 788
415 0 0 0 3591.112060546875 1.634033203125 495.2059248716092 788
