0 0.7 18.484898158482142 41.66765320427096 120.548095703125 1.2138671875 0 0
10 0.6 1.5234375 0.29779866066659894 120.548095703125 0.932861328125 18.484898158482142 7
20 0.6 1.560302734375 0.31861682927363183 120.548095703125 0.932861328125 10.656531700721153 13
30 1.2 1.691650390625 0.6205571813878924 120.548095703125 0.8798828125 7.784038342927632 19
40 1.3 1.7934758112980769 0.6583769112738366 120.548095703125 0.8798828125 5.425694619455645 31
50 1.5 1.6147786458333333 0.5834284173582791 120.548095703125 0.8798828125 4.3525390625 44
60 1.7 1.7258157169117647 0.6694840313983046 120.548095703125 0.8798828125 3.656498278601695 59
70 1.7 1.4718376608455883 0.22747034236460795 120.548095703125 0.8798828125 3.224635074013158 76
80 1.3 1.5373347355769231 0.28973673999476657 120.548095703125 0.8798828125 2.904231245799731 93
90 3.3 2.2616077769886362 2.511723151732088 120.548095703125 0.8798828125 2.7365929945459904 106
100 4.1 1.4979277820121952 0.41013257647328966 120.548095703125 0.865966796875 2.6238267198741005 139
110 4 68.21813354492187 220.75540417848848 1020.5439453125 0.865966796875 2.3673719618055555 180
120 5.7 1.5668003015350878 0.4321247192612786 1020.5439453125 0.865966796875 14.340237704190342 220
130 8.3 1.4389118975903614 0.3786327231885708 1020.5439453125 0.822998046875 11.711768635773916 277
140 7.5 1.62560546875 1.1727670896205653 1020.5439453125 0.822998046875 9.343304443359376 360
150 12.5 1.4821621093749997 0.6426792934702121 1020.5439453125 0.822998046875 8.012666689116381 435
160 16.7 1.3672415910366762 0.429632460507392 1020.5439453125 0.779052734375 6.554964773995537 560
170 15.4 1.6859701577719153 3.2361965325104243 1020.5439453125 0.77685546875 5.363286958927959 727
180 24.1 1.3942374708246887 0.7930303306127219 1020.5439453125 0.688232421875 4.720486973254825 881
190 34.1 1.5219697924303506 1.5259030438175796 1020.5439453125 0.688232421875 4.006025181734627 1122
200 31.5 1.9260424417162694 1.5523063465594704 1020.5439453125 0.688232421875 3.427034827836637 1463
210 12 1.701314290364583 2.067550341878342 1020.5439453125 0.688232421875 3.161110979901926 1778
220 0.1 1.015869140625 0.0 1020.5439453125 0.688232421875 3.0688161417857613 1898
230 0.1 1.821044921875 0.0 1020.5439453125 0.688232421875 3.0677350743812535 1899
240 0.2 3.1875 1.819580078125 1020.5439453125 0.688232421875 3.067078921669408 1900
250 0.1 1.239990234375 0.0 1020.5439453125 0.688232421875 3.067205547408977 1902
260 0.1 2.64208984375 0.0 1020.5439453125 0.688232421875 3.0662453712066475 1903
270 0.3 1.5642903645833333 0.25091206224385676 1020.5439453125 0.688232421875 3.0660226004464284 1904
280 0.5 1.6763671875 0.37452634780342847 1020.5439453125 0.688232421875 3.063660148056502 1907
290 0.4 1.53271484375 0.24246747231346555 1020.5439453125 0.688232421875 3.0600322898960512 1912
300 0.2 2.66650390625 1.021484375 1020.5439453125 0.688232421875 3.056843735728732 1916
310 0.2 1.31298828125 0.013916015625 1020.5439453125 0.688232421875 3.0564367077522157 1918
320 0 0 0 1020.5439453125 0.688232421875 3.054620615641276 1920
330 0 0 0 1020.5439453125 0.688232421875 3.054620615641276 1920
340 0 0 0 1020.5439453125 0.688232421875 3.054620615641276 1920
350 0 0 0 1020.5439453125 0.688232421875 3.054620615641276 1920
359 0.1 2.5390625 0.0 1020.5439453125 0.688232421875 3.054620615641276 1920
