0 0.1 3170.70703125 0 3170.70703125 3170.70703125 0 0
10 0.1 3170.66796875 0.0 3170.70703125 3170.66796875 3170.70703125 1
20 0.1 3168.3671875 0.0 3170.70703125 3168.3671875 3170.6875 2
30 0.1 3167.9921875 0.0 3170.70703125 3167.9921875 3169.9140625 3
40 0.1 3165.359375 0.0 3170.70703125 3165.359375 3169.43359375 4
50 0.1 3163.07421875 0.0 3170.70703125 3163.07421875 3168.61875 5
60 0.1 3161.5078125 0.0 3170.70703125 3161.5078125 3167.6946614583335 6
70 0.1 3162.71875 0.0 3170.70703125 3161.5078125 3166.8108258928573 7
80 0.1 3160.93359375 0.0 3170.70703125 3160.93359375 3166.29931640625 8
90 0.1 3159.01171875 0.0 3170.70703125 3159.01171875 3165.703125 9
100 0.1 3158.06640625 0.0 3170.70703125 3158.06640625 3165.033984375 10
110 0.1 3152.6171875 0.0 3170.70703125 3152.6171875 3164.400568181818 11
120 0.1 3149.37890625 0.0 3170.70703125 3149.37890625 3163.4186197916665 12
130 0.1 3144.140625 0.0 3170.70703125 3144.140625 3162.338641826923 13
140 0.1 3135.78125 0.0 3170.70703125 3135.78125 3161.0387834821427 14
150 0.1 3129.65234375 0.0 3170.70703125 3129.65234375 3159.354947916667 15
160 0.1 3122.5546875 0.0 3170.70703125 3122.5546875 3157.49853515625 16
170 0.1 3111.25390625 0.0 3170.70703125 3111.25390625 3155.4430147058824 17
180 0.1 3095.046875 0.0 3170.70703125 3095.046875 3152.9880642361113 18
190 0.1 3076.375 0.0 3170.70703125 3076.375 3149.9385279605262 19
200 0.1 3049.93359375 0.0 3170.70703125 3049.93359375 3146.2603515625 20
210 0.1 3022.171875 0.0 3170.70703125 3022.171875 3141.673363095238 21
220 0.1 3016.078125 0.0 3170.70703125 3016.078125 3136.2414772727275 22
230 0.1 3014.734375 0.0 3170.70703125 3014.734375 3131.016983695652 23
240 0.1 3014.46484375 0.0 3170.70703125 3014.46484375 3126.171875 24
250 0.1 3021.171875 0.0 3170.70703125 3014.46484375 3121.70359375 25
260 0.1 3021.609375 0.0 3170.70703125 3014.46484375 3117.8369891826924 26
270 0.1 3022.2734375 0.0 3170.70703125 3014.46484375 3114.273003472222 27
280 0.1 3036.46484375 0.0 3170.70703125 3014.46484375 3110.9873046875 28
290 0.1 3059.58203125 0.0 3170.70703125 3014.46484375 3108.4175646551726 29
300 0.1 3080.99609375 0.0 3170.70703125 3014.46484375 3106.7897135416665 30
310 0.1 3091.03125 0.0 3170.70703125 3014.46484375 3105.9576612903224 31
320 0.1 3102.234375 0.0 3170.70703125 3014.46484375 3105.4912109375 32
330 0.1 3102.6015625 0.0 3170.70703125 3014.46484375 3105.392518939394 33
340 0.1 3102.65234375 0.0 3170.70703125 3014.46484375 3105.310431985294 34
350 0.1 3102.6640625 0.0 3170.70703125 3014.46484375 3105.234486607143 35
359 0.1 3102.69140625 0.0 3170.70703125 3014.46484375 3105.1630859375 36
