10 0.1 100 0 100 100 0 0
20 0.1 423.0 0.0 423 100 100.0 1
30 0.1 134.0 0.0 423 100 261.5 2
40 0.1 296.0 0.0 423 100 219.0 3
50 0.1 411.0 0.0 423 100 238.25 4
60 0.1 434.0 0.0 434 100 272.8 5
70 0.1 551.0 0.0 551 100 299.6666666666667 6
80 0.1 737.0 0.0 737 100 335.57142857142856 7
90 0.1 1049.0 0.0 1049 100 385.75 8
100 0.1 1254.0 0.0 1254 100 459.44444444444446 9
110 0.1 1325.0 0.0 1325 100 538.9 10
120 0.1 1598.0 0.0 1598 100 610.3636363636364 11
130 0.1 1949.0 0.0 1949 100 692.6666666666666 12
140 0.1 3075.0 0.0 3075 100 789.3076923076923 13
150 0.1 3579.0 0.0 3579 100 952.5714285714286 14
160 0.1 4256.0 0.0 4256 100 1127.6666666666667 15
170 0.1 5248.0 0.0 5248 100 1323.1875 16
180 0.1 6563.0 0.0 6563 100 1554.0588235294117 17
190 0.1 9698.0 0.0 9698 100 1832.3333333333333 18
200 0.1 13187.0 0.0 13187 100 2246.315789473684 19
210 0.1 14821.0 0.0 14821 100 2793.35 20
220 0.1 14881.0 0.0 14881 100 3366.095238095238 21
230 0.1 12959.0 0.0 14881 100 3889.5 22
240 0.1 9120.0 0.0 14881 100 4283.826086956522 23
250 0.1 6926.0 0.0 14881 100 4485.333333333333 24
260 0.1 4330.0 0.0 14881 100 4582.96 25
270 0.1 2241.0 0.0 14881 100 4573.2307692307695 26
280 0.1 955.0 0.0 14881 100 4486.851851851852 27
290 0.1 584.0 0.0 14881 100 4360.714285714286 28
300 0.1 446.0 0.0 14881 100 4230.48275862069 29
310 0.1 266.0 0.0 14881 100 4104.333333333334 30
320 0.1 91.0 0.0 14881 91 3980.5161290322585 31
330 0.1 10.0 0.0 14881 10 3858.9687500000005 32
340 0.1 0.0 0.0 14881 0 3742.333333333334 33
350 0.1 0.0 0.0 14881 0 3632.264705882353 34
359 0.1 0.0 0.0 14881 0 3528.4857142857145 35
