0 1.4 194.74862234933036 316.84539484957725 802.8427734375 10.593994140625 0 0
10 3.2 113.81060791015624 249.880825720385 802.8427734375 6.951904296875 194.74862234933036 14
20 3.3 27.270478219696965 35.04682971741602 802.8427734375 6.951904296875 138.4439166525136 46
30 6.1 30.501020587858616 41.523371326965886 802.8427734375 6.951904296875 92.0043790793117 79
40 8.4 19.359499976748506 28.965240555256525 802.8427734375 6.951904296875 65.20648716517857 140
50 15.2 31.25461939761513 51.31179228629182 802.8427734375 6.056884765625 48.0138669695173 224
60 14.1 24.13602615248227 39.02835162302739 802.8427734375 6.056884765625 41.23885199364195 376
70 16.4 42.19208210270582 140.43681284146533 1627.27197265625 6.012939453125 36.57444494605295 517
80 31.8 49.855855689858494 166.6613761999836 2151.33203125 5.971923828125 37.927297359696226 681
90 26 23.88757793719952 36.11582278359142 2151.33203125 5.971923828125 41.72437598731545 999
100 37 32.275346415751706 93.097259747368 2151.33203125 5.971923828125 38.04084342732328 1259
110 37.6 85.36090542407744 217.71482209114893 2151.33203125 5.971923828125 36.731307580618875 1629
120 47.4 42.74507443713741 165.73370577888252 2371.403076171875 5.971923828125 45.850873061486915 2005
130 75.3 40.09203485537021 114.65377401945295 2371.403076171875 5.81298828125 45.257025321292616 2479
140 93.3 53.175820762577 265.2746868310673 4019.44091796875 5.81298828125 44.05367203514176 3232
150 109 41.98686120269496 110.96177070992664 4019.44091796875 5.81298828125 46.0971209577581 4165
160 115.9 36.02409029706374 65.41800549810881 4019.44091796875 5.81298828125 45.244564700285444 5255
170 147 65.97996402662632 221.18438380514795 4462.990966796875 5.81298828125 43.578439063657136 6414
180 211.3 67.57523921852805 182.9266006032769 4462.990966796875 5.81298828125 47.755283520222925 7884
190 280.2 89.86185387251302 147.34189886900333 4462.990966796875 5.81298828125 51.94449692329572 9997
200 306.6 229.9269364985936 255.40184846057187 4462.990966796875 5.81298828125 60.2454918581896 12799
210 329 329.791203294192 292.43967552050697 4462.990966796875 5.81298828125 93.03738024567645 15865
220 330.4 157.15493988702138 200.01973343181854 4462.990966796875 5.81298828125 133.70144069097094 19155
230 230.5 128.3977863171096 278.22090228502907 4462.990966796875 5.81298828125 137.15174397000166 22459
240 191.7 145.03013360108554 376.25644596579656 4462.990966796875 5.81298828125 136.33693729943485 24764
250 140.5 24.841782278692175 27.430794465865805 4462.990966796875 5.81298828125 136.9615337279894 26681
260 82.5 28.81981948390149 43.88679732016313 4462.990966796875 5.81298828125 131.35275174457195 28086
270 36.8 18.29710786238962 18.010573976353147 4462.990966796875 5.81298828125 128.42688722535598 28911
280 18.6 18.13106151293685 18.393290925742406 4462.990966796875 5.81298828125 127.04269518308776 29279
290 16.6 18.297276508377262 17.276875227864146 4462.990966796875 5.81298828125 126.35518240987723 29465
300 9.2 14.284203570822012 4.795565539624251 4462.990966796875 5.81298828125 125.74981599026098 29631
310 5.9 14.939829680879237 6.998936397607166 4462.990966796875 5.81298828125 125.40480248749921 29723
320 0.3 13.186930338541666 3.3132086681557356 4462.990966796875 5.81298828125 125.18596448482677 29782
330 0 0 0 4462.990966796875 5.81298828125 125.17468373604588 29785
340 0 0 0 4462.990966796875 5.81298828125 125.17468373604588 29785
350 0 0 0 4462.990966796875 5.81298828125 125.17468373604588 29785
359 2.6 13.468599759615385 4.474530161124224 4462.990966796875 5.81298828125 125.17468373604588 29785
