0 5.075 5.075
10 17.778125 22.853125
20 19.90703125 42.76015625
30 36.47421875 79.234375
40 54.20390625 133.43828125
50 103.340625 236.77890625
60 93.61796875 330.396875
70 113.271875 443.66875
80 244.78515625 688.45390625
90 173.846875 862.30078125
100 257.41328125 1119.7140625
110 257.23203125 1376.94609375
120 324.565625 1701.51171875
130 523.325 2224.83671875
140 663.74453125 2888.58125
150 751.84375 3640.425
160 754.32109375 4394.74609375
170 1003.84375 5398.58984375
180 1463.84375 6862.43359375
190 1913.29140625 8775.725
200 2179.14140625 10954.86640625
210 2451.6140625 13406.48046875
220 2580.596875 15987.07734375
230 1858.57421875 17845.6515625
240 1517.22578125 19362.87734375
250 1155.521875 20518.39921875
260 676.77109375 21195.1703125
270 304.07265625 21499.24296875
280 152.9015625 21652.14453125
290 138.12890625 21790.2734375
300 76.67109375 21866.94453125
310 49.6453125 21916.58984375
320 2.39375 21918.98359375
330 0 21918.98359375
340 0 21918.98359375
350 0 21918.98359375
359 21.95234375 21940.9359375
