0 0.4 606.8865966796875 332.27841454960065 802.925048828125 31.416015625 0 0
10 0.7 354.7743443080357 373.31081968481436 802.925048828125 26.176025390625 606.8865966796875 4
20 0.2 53.2105712890625 15.4635009765625 802.925048828125 26.176025390625 446.4515269886364 11
30 0.6 32.564453125 6.483881477357477 802.925048828125 22.718994140625 385.95291841947113 13
40 0.6 30.56884765625 8.51127615191227 802.925048828125 22.025146484375 274.3565609580592 19
50 0.7 36.52500697544643 10.717324978301104 802.925048828125 22.025146484375 215.847509765625 25
60 0.9 45.01307508680556 24.26602368624947 802.925048828125 22.025146484375 176.62071228027344 32
70 0.6 31.0455322265625 4.412963844676309 802.925048828125 22.025146484375 147.73123094512195 41
80 0.7 44.725899832589285 28.05668437559299 802.925048828125 22.025146484375 132.83518430019947 47
90 1.5 32.82815755208333 4.8900475652622415 802.925048828125 22.025146484375 121.41361038773148 54
100 2 79.9040283203125 204.56968291651265 970.907958984375 22.025146484375 102.1559032495471 69
110 1.6 175.1621856689453 262.878137480806 970.907958984375 21.053955078125 97.15548191713484 89
120 2.9 147.4773959455819 420.87309127751007 2241.0810546875 21.053955078125 109.04221772693452 105
130 3.8 53.50501773231908 42.66500405180431 2241.0810546875 20.73193359375 117.3602786847015 134
140 4.1 358.36072670541154 988.0580407553069 4019.490966796875 20.73193359375 103.25272103243096 172
150 6 83.13747151692709 198.0906904738108 4019.490966796875 20.60009765625 152.35801789906102 213
160 7.6 49.183307848478634 34.33285050896648 4019.490966796875 20.60009765625 137.14471100188874 273
170 8.5 86.50856502757352 157.35491133337763 4019.490966796875 20.60009765625 117.98979226361031 349
180 10.2 118.83963551240807 340.8629691686198 4019.490966796875 20.60009765625 111.82411411830357 434
190 16.6 146.0298881071159 163.12246655136025 4019.490966796875 20.60009765625 113.1591573686742 536
200 14 288.13621477399556 208.74398221101697 4019.490966796875 20.60009765625 120.93200822705215 702
210 10.1 438.06042843053837 230.4336278914996 4019.490966796875 20.60009765625 148.73318271229215 842
220 0.1 783.5849609375 0.0 4019.490966796875 20.60009765625 179.72157276270877 943
230 0 0 0 4019.490966796875 20.60009765625 180.36125855526683 944
240 0 0 0 4019.490966796875 20.60009765625 180.36125855526683 944
250 0 0 0 4019.490966796875 20.60009765625 180.36125855526683 944
260 0 0 0 4019.490966796875 20.60009765625 180.36125855526683 944
270 0 0 0 4019.490966796875 20.60009765625 180.36125855526683 944
280 0 0 0 4019.490966796875 20.60009765625 180.36125855526683 944
290 0 0 0 4019.490966796875 20.60009765625 180.36125855526683 944
300 0 0 0 4019.490966796875 20.60009765625 180.36125855526683 944
310 0 0 0 4019.490966796875 20.60009765625 180.36125855526683 944
320 0 0 0 4019.490966796875 20.60009765625 180.36125855526683 944
330 0 0 0 4019.490966796875 20.60009765625 180.36125855526683 944
340 0 0 0 4019.490966796875 20.60009765625 180.36125855526683 944
350 0 0 0 4019.490966796875 20.60009765625 180.36125855526683 944
359 0 0 0 4019.490966796875 20.60009765625 180.36125855526683 944
