30 0.1 12.032958984375 0 12.032958984375 12.032958984375 0 0
40 0.1 13.5859375 0.0 13.5859375 12.032958984375 12.032958984375 1
50 0.5 19.922412109375 11.082664115511545 40.097900390625 10.26708984375 12.8094482421875 2
60 0.2 11.778076171875 1.531005859375 40.097900390625 10.2470703125 17.89013671875 7
70 0.5 15.402587890625 5.638078225587395 40.097900390625 10.2470703125 16.531901041666668 9
80 0.6 43.6683349609375 70.18943124357094 200.571044921875 9.96484375 16.128574916294642 14
90 1 20.995947265625 28.145252370963366 200.571044921875 9.362060546875 24.3905029296875 20
100 0.5 11.953857421875 0.6447776924389763 200.571044921875 9.362060546875 23.258984375 30
110 0.9 140.33626302083334 365.3616582637114 1173.72314453125 9.178955078125 21.643966238839287 35
120 1 20.571044921875 19.627453076371264 1173.72314453125 9.178955078125 45.92193603515625 44
130 1.5 23.524153645833334 17.376163926342493 1173.72314453125 8.830078125 41.2273265697338 54
140 1.9 25.940224095394736 20.544233462552103 1173.72314453125 8.093994140625 37.37881071671195 69
150 2.3 19.107400645380434 30.75469655535152 1173.72314453125 7.9619140625 34.90911587801847 88
160 2.7 16.233714916087962 9.782318542973696 1173.72314453125 7.9619140625 31.634886595579953 111
170 3.9 37.89616511418269 57.63042528908793 1173.72314453125 7.9619140625 28.621613875679348 138
180 3.9 34.71327248597756 44.70191995545262 1173.72314453125 7.9619140625 30.665159063824152 177
190 5.5 50.91880326704545 40.92127430002833 1173.72314453125 7.9619140625 31.396068431712962 216
200 6.6 201.64827843868375 174.90365632708648 1173.72314453125 7.9619140625 35.35824708833026 271
210 8.5 303.7657111672794 231.58437337369386 1173.72314453125 7.9619140625 67.92543423706417 337
220 9 107.53325466579861 105.43400051404731 1173.72314453125 7.9619140625 115.42880755239189 422
230 13.1 78.51001908396947 118.21573618039459 1173.72314453125 7.9619140625 114.04091739654541 512
240 13.6 65.3372641170726 117.69359284116028 1173.72314453125 7.9619140625 106.80211851793351 643
250 7.8 19.712007962740383 12.380230707263607 1173.72314453125 7.9619140625 99.56306819891287 779
260 4.9 19.512864716198983 17.180697898077725 1173.72314453125 7.9619140625 92.29541044112821 857
270 1.9 12.879664370888158 2.7906458207620655 1173.72314453125 7.9619140625 88.35904759287045 906
280 0.8 14.76629638671875 6.976754657655691 1173.72314453125 7.9619140625 86.80866026182433 925
290 0.7 12.198067801339286 2.159654168086708 1173.72314453125 7.9619140625 86.19093366911174 933
300 0.2 11.1619873046875 0.7640380859375 1173.72314453125 7.9619140625 85.6399229658411 940
310 0.1 23.532958984375 0.0 1173.72314453125 7.9619140625 85.48179571390658 942
320 0.1 17.60400390625 0.0 1173.72314453125 7.9619140625 85.41610235576286 943
330 0 0 0 1173.72314453125 7.9619140625 85.3442675057104 944
340 0 0 0 1173.72314453125 7.9619140625 85.3442675057104 944
350 0 0 0 1173.72314453125 7.9619140625 85.3442675057104 944
359 0 0 0 1173.72314453125 7.9619140625 85.3442675057104 944
