10 0.3 15.445719401041666 1.940828830636789 17.526123046875 12.85498046875 0 0
20 0.3 19.354654947916668 7.852505356420675 25.968017578125 8.322021484375 15.445719401041666 3
30 0.5 17.1837890625 7.446897920164245 29.75 8.322021484375 17.400187174479168 6
40 0.4 13.2108154296875 6.669141795841379 29.75 8.322021484375 17.301824396306817 11
50 0.7 14.466657366071429 7.830072612473983 32.73193359375 8.322021484375 16.210888671874997 15
60 0.7 9.939801897321429 0.9624429255634348 32.73193359375 8.322021484375 15.65590598366477 22
70 0.9 25.48749457465278 39.846739759080606 137.698974609375 8.322021484375 14.276156721443964 29
80 0.4 12.74249267578125 6.224048402199722 137.698974609375 8.322021484375 16.931473581414473 38
90 0.7 10.034563337053571 1.3372442462972929 137.698974609375 7.574951171875 16.532523018973215 42
100 1.5 15.387369791666666 10.253915324147563 137.698974609375 7.574951171875 15.604243064413266 49
110 1.7 18.259593290441178 24.17373204405805 137.698974609375 7.574951171875 15.553413391113281 64
120 2.2 11.761707652698863 6.597933079015936 137.698974609375 7.574951171875 16.121377073688272 81
130 2.2 16.071777343749996 14.04181591168064 137.698974609375 7.574951171875 15.190185546875 103
140 4.7 14.826395237699469 8.68353958980197 137.698974609375 7.123046875 15.345345703125 125
150 3.6 18.74045138888889 19.946455380306233 137.698974609375 7.123046875 15.203539471293604 172
160 3.8 15.714522512335526 13.02627911128402 137.698974609375 7.123046875 15.815697303185097 208
170 8.4 35.61246454148065 57.36530277793836 341.151123046875 7.123046875 15.8000686769563 246
180 6.8 46.28146541819853 59.88805863130742 360.18408203125 7.123046875 20.843223987926137 330
190 11.2 70.22605242047989 102.93159894398222 974.14599609375 7.123046875 25.189456192093278 398
200 13.1 154.7077841722328 141.30709293985794 974.14599609375 7.123046875 35.079845952052686 510
210 14.5 280.1430781923491 238.4537023841097 974.14599609375 7.123046875 59.52798933246391 641
220 10.6 106.06270037956956 139.17976179563811 974.14599609375 7.123046875 100.226701653944 786
230 3.6 110.15526665581598 193.1696990161187 974.14599609375 7.123046875 100.92021719757216 892
240 1.3 41.64145132211539 50.91328003889042 974.14599609375 7.123046875 101.27847342655575 928
250 0.2 16.0340576171875 1.1881103515625 974.14599609375 7.123046875 100.45458257920428 941
260 0 0 0 974.14599609375 7.123046875 100.27553586666555 943
270 0.1 9.9169921875 0.0 974.14599609375 7.123046875 100.27553586666555 943
280 0 0 0 974.14599609375 7.123046875 100.17981707039525 944
290 0 0 0 974.14599609375 7.123046875 100.17981707039525 944
300 0 0 0 974.14599609375 7.123046875 100.17981707039525 944
310 0 0 0 974.14599609375 7.123046875 100.17981707039525 944
320 0 0 0 974.14599609375 7.123046875 100.17981707039525 944
330 0 0 0 974.14599609375 7.123046875 100.17981707039525 944
340 0 0 0 974.14599609375 7.123046875 100.17981707039525 944
350 0 0 0 974.14599609375 7.123046875 100.17981707039525 944
359 0 0 0 974.14599609375 7.123046875 100.17981707039525 944
