0 0.2 18.490478515625 0.451416015625 18.94189453125 18.0390625 0 0
10 0.5 15.54423828125 4.8471200488755555 19.89111328125 9.280029296875 18.490478515625 2
20 0.4 18.970947265625 9.565869343941554 35.47705078125 9.280029296875 16.386021205357142 7
30 0.4 13.32232666015625 3.6344166828522084 35.47705078125 9.280029296875 17.325994318181817 11
40 0.8 12.8642578125 2.985614139887699 35.47705078125 9.280029296875 16.258349609375 15
50 0.5 11.37646484375 1.4163752994848449 35.47705078125 9.280029296875 15.077795940896738 23
60 0.9 15.24270290798611 8.30749404122157 35.47705078125 9.10791015625 14.416843959263392 28
70 0.8 11.16485595703125 0.6835847663289085 35.47705078125 9.10791015625 14.617728568412161 37
80 0.6 18.26806640625 17.023510235273186 56.2080078125 9.10791015625 14.003884548611111 45
90 1.1 26.38370028409091 43.04498804942027 161.10302734375 9.10791015625 14.50555300245098 51
100 2.1 17.430071149553573 23.23131368261893 161.10302734375 7.43310546875 16.612966229838708 62
110 1.5 12.424690755208333 4.091598138215913 161.10302734375 7.43310546875 16.819703619164155 83
120 2 16.92744140625 13.7852324026917 161.10302734375 7.43310546875 16.14699756855867 98
130 3.7 29.310454497466218 32.99334699336395 175.362060546875 7.43310546875 16.279276185116522 118
140 4.1 27.03657941120427 33.23631253458482 175.362060546875 7.43310546875 19.38994455645161 155
150 4.5 22.132817925347222 20.405150689882515 175.362060546875 7.43310546875 20.98949572504783 196
160 6.5 29.079522235576917 52.68531535143927 422.9169921875 7.43310546875 21.202979123443985 241
170 8.2 30.755576529153963 35.896849564101764 422.9169921875 7.43310546875 22.87610102634804 306
180 7.9 60.753912430775316 106.61795511394534 547.37109375 7.43310546875 24.541351003745167 388
190 15.9 63.48808778007076 64.1794482789351 547.37109375 7.43310546875 30.66724469268603 467
200 15 193.30768391927083 169.38057480259144 755.794921875 7.43310546875 39.003529119034546 626
210 12.3 304.6201628398119 247.2517278030835 924.6259765625 7.43310546875 68.83036316547197 776
220 3.9 122.53550055088141 119.16753579541977 924.6259765625 7.43310546875 101.09081406641056 899
230 0.6 47.228597005208336 45.46244330799618 924.6259765625 7.43310546875 101.98243749167108 938
240 0 0 0 924.6259765625 7.43310546875 101.6344257936639 944
250 0 0 0 924.6259765625 7.43310546875 101.6344257936639 944
260 0 0 0 924.6259765625 7.43310546875 101.6344257936639 944
270 0 0 0 924.6259765625 7.43310546875 101.6344257936639 944
280 0 0 0 924.6259765625 7.43310546875 101.6344257936639 944
290 0 0 0 924.6259765625 7.43310546875 101.6344257936639 944
300 0 0 0 924.6259765625 7.43310546875 101.6344257936639 944
310 0 0 0 924.6259765625 7.43310546875 101.6344257936639 944
320 0 0 0 924.6259765625 7.43310546875 101.6344257936639 944
330 0 0 0 924.6259765625 7.43310546875 101.6344257936639 944
340 0 0 0 924.6259765625 7.43310546875 101.6344257936639 944
350 0 0 0 924.6259765625 7.43310546875 101.6344257936639 944
359 0 0 0 924.6259765625 7.43310546875 101.6344257936639 944
