10 0.2 2
20 0.4 6
30 0.6 12
40 0.3 15
50 0.8 23
60 0.9 32
70 0.4 36
80 1 46
90 0.4 50
100 1.5 65
110 1.3 78
120 1.9 97
130 2 117
140 2 137
150 2.9 166
160 4.5 211
170 9.4 305
180 9.8 403
190 12.6 529
200 16.8 697
210 17.6 873
220 15.4 1027
230 21.2 1239
240 14.2 1381
250 20.9 1590
260 19.6 1786
270 19.9 1985
280 21 2195
290 18.9 2384
300 19.9 2583
310 28.5 2868
320 36.8 3236
330 29.1 3527
340 22.8 3755
350 17.4 3929
360 17.5 4104
370 22.6 4330
380 29.8 4628
390 28.7 4915
400 33.6 5251
410 24.1 5492
420 9.7 5589
430 7.1 5660
440 1.2 5672
450 5.6 5728
460 0.2 5730
470 0.2 5732
480 0 5732
490 0 5732
500 0 5732
502 0 5732
