30 0.8 8
40 2.4 32
50 0.8 40
60 2.4 64
70 3.2 96
80 0.9 105
90 3.9 144
100 0.1 145
110 3.1 176
120 1.8 194
130 0.7 201
140 0.3 204
150 0.9 213
160 2 233
170 2.4 257
180 1.4 271
190 0.8 279
200 0.2 281
210 0.3 284
220 0.1 285
230 0 285
240 0 285
250 0 285
260 0.5 290
270 0.1 291
280 0.4 295
290 0.1 296
300 0.1 297
310 0.4 301
320 0.8 309
330 0.9 318
340 0.5 323
350 0.5 328
360 0.6 334
370 0.6 340
380 0.7 347
390 1.5 362
400 2.6 388
410 4.7 435
420 2.4 459
430 3.2 491
440 0 491
450 0.8 499
460 0 499
470 0 499
480 0 499
490 0 499
500 0.8 507
502 0 507
