140 5.9 59
150 38.1 440
160 82.8 1268
170 116.4 2432
180 150.5 3937
190 168.5 5622
200 138.6 7008
210 164 8648
220 150.1 10149
230 190.4 12053
240 184.8 13901
250 169.4 15595
260 189.1 17486
270 218.1 19667
280 217.7 21844
290 224.8 24092
300 180.5 25897
310 193.4 27831
320 103.3 28864
330 79.4 29658
340 115.6 30814
350 111 31924
360 99.5 32919
370 43.3 33352
380 31.9 33671
390 9.5 33766
400 0 33766
410 0 33766
420 0 33766
430 0 33766
440 0 33766
450 0 33766
460 0 33766
470 0 33766
480 0 33766
490 0 33766
500 0 33766
502 0 33766
