0 0.1 5.121529093984954 0 5.121529093984954 5.121529093984954 0 0
10 0.1 2.6470588235294117 0.0 5.121529093984954 2.6470588235294117 5.121529093984954 1
20 0.1 1.7664376840039255 0.0 5.121529093984954 1.7664376840039255 3.8842939587571825 2
30 0.1 2.156862745098039 0.0 5.121529093984954 1.7664376840039255 3.1783418671727635 3
40 0.1 2.073050345508391 0.0 5.121529093984954 1.7664376840039255 2.9229720866540823 4
50 0.1 2.5440313111545985 0.0 5.121529093984954 1.7664376840039255 2.752987738424944 5
60 0.1 2.848722986247544 0.0 5.121529093984954 1.7664376840039255 2.7181616672132196 6
70 0.1 2.9154518950437316 0.0 5.121529093984954 1.7664376840039255 2.736813284218123 7
80 0.1 3.2289628180039136 0.0 5.121529093984954 1.7664376840039255 2.759143110571324 8
90 0.1 3.0303030303030303 0.0 5.121529093984954 1.7664376840039255 2.8113453002860562 9
100 0.1 3.5502958579881656 0.0 5.121529093984954 1.7664376840039255 2.8332410732877538 10
110 0.1 4.562737642585551 0.0 5.121529093984954 1.7664376840039255 2.898427871896882 11
120 0.1 4.505386875612145 0.0 5.121529093984954 1.7664376840039255 3.0371203527876047 12
130 0.1 5.145631067961165 0.0 5.145631067961165 1.7664376840039255 3.1500639314664154 13
140 0.1 5.43778801843318 0.0 5.43778801843318 1.7664376840039255 3.29260444121604 14
150 0.1 6.256015399422522 0.0 6.256015399422522 1.7664376840039255 3.435616679697183 15
160 0.1 9.971509971509972 0.0 9.971509971509972 1.7664376840039255 3.6118915996800167 16
170 0.1 12.735849056603774 0.0 12.735849056603774 1.7664376840039255 3.9859867980229553 17
180 0.1 16.28352490421456 0.0 16.28352490421456 1.7664376840039255 4.472090256833001 18
190 0.1 21.087786259541986 0.0 21.087786259541986 1.7664376840039255 5.093744711958346 19
200 0.1 19.481680071492406 0.0 21.087786259541986 1.7664376840039255 5.893446789337528 20
210 0.1 21.557454890788225 0.0 21.557454890788225 1.7664376840039255 6.54050551705919 21
220 0.1 27.29007633587786 0.0 27.29007633587786 1.7664376840039255 7.2230941249559635 22
230 0.1 23.380035026269702 0.0 27.29007633587786 1.7664376840039255 8.095571612387351 23
240 0.1 22.136752136752136 0.0 27.29007633587786 1.7664376840039255 8.732424254632448 24
250 0.1 16.310679611650485 0.0 27.29007633587786 1.7664376840039255 9.268597369917236 25
260 0.1 14.417435037720033 0.0 27.29007633587786 1.7664376840039255 9.539446686906976 26
270 0.1 16.80594243268338 0.0 27.29007633587786 1.7664376840039255 9.720112922122276 27
280 0.1 19.06934306569343 0.0 27.29007633587786 1.7664376840039255 9.97317826178517 28
290 0.1 18.65671641791045 0.0 27.29007633587786 1.7664376840039255 10.286839117092352 29
300 0.1 18.653846153846153 0.0 27.29007633587786 1.7664376840039255 10.565835027119622 30
310 0.1 18.07465618860511 0.0 27.29007633587786 1.7664376840039255 10.826738611852736 31
320 0.1 14.134615384615385 0.0 27.29007633587786 1.7664376840039255 11.053236036126247 32
330 0.1 12.464319695528069 0.0 27.29007633587786 1.7664376840039255 11.146611167898644 33
340 0.1 11.268939393939394 0.0 27.29007633587786 1.7664376840039255 11.185367301064215 34
350 0.1 12.180746561886052 0.0 27.29007633587786 1.7664376840039255 11.187755075146363 35
360 0.1 10.452961672473867 0.0 27.29007633587786 1.7664376840039255 11.215338172000243 36
370 0.1 11.306042884990253 0.0 27.29007633587786 1.7664376840039255 11.194733401742774 37
380 0.1 9.46073793755913 0.0 27.29007633587786 1.7664376840039255 11.197662598670338 38
390 0.1 7.015985790408526 0.0 27.29007633587786 1.7664376840039255 11.153126068898256 39
400 0.1 6.395348837209303 0.0 27.29007633587786 1.7664376840039255 11.049697561936012 40
410 0.1 5.893536121673003 0.0 27.29007633587786 1.7664376840039255 10.936176861332923 41
420 0.1 3.6027263875365136 0.0 27.29007633587786 1.7664376840039255 10.816113986579115 42
430 0.1 2.9469548133595285 0.0 27.29007633587786 1.7664376840039255 10.64836078660138 43
440 0.1 1.2858555885262115 0.0 27.29007633587786 1.2858555885262115 10.473328832664064 44
450 0.1 1.574803149606299 0.0 27.29007633587786 1.2858555885262115 10.269162760572112 45
460 0.1 1.0869565217391304 0.0 27.29007633587786 1.0869565217391304 10.08015494294242 46
470 0.1 1.0880316518298714 0.0 27.29007633587786 1.0869565217391304 9.888810295682775 47
480 0.1 0.9823182711198428 0.0 27.29007633587786 0.9823182711198428 9.705460740602506 48
490 0.1 0.8866995073891626 0.0 27.29007633587786 0.8866995073891626 9.527437424898778 49
500 0.1 0.8884501480750246 0.0 27.29007633587786 0.8866995073891626 9.354622666548586 50
