0 0 0
10 0 0
20 0.1 1
30 0.4 5
40 0.6 11
50 0.9 20
60 1 30
70 1.3 43
80 1.1 54
90 1.6 70
100 1.1 81
110 1.8 99
120 1.2 111
130 1.7 128
140 1.9 147
150 2.7 174
160 3.1 205
170 6.3 268
180 9.1 359
190 10.2 461
200 9.6 557
210 11.6 673
220 14 813
230 19.5 1008
240 15.2 1160
250 15.3 1313
260 17.5 1488
270 19.9 1687
280 21.2 1899
290 22.6 2125
300 18.4 2309
310 22.2 2531
320 15.8 2689
330 17 2859
340 16.4 3023
350 13.4 3157
360 11 3267
370 7.5 3342
380 9.2 3434
390 9.1 3525
400 9.4 3619
410 10.5 3724
420 3.9 3763
430 3.8 3801
440 0.8 3809
450 1 3819
460 0.2 3821
470 0.3 3824
480 0.1 3825
490 0 3825
500 0.1 3826
502 0 3826
