0 0.1 3168.359375 0 3168.359375 3168.359375 0 0
10 0.1 3168.56640625 0.0 3168.56640625 3168.359375 3168.359375 1
20 0.1 3167.125 0.0 3168.56640625 3167.125 3168.462890625 2
30 0.1 3165.44140625 0.0 3168.56640625 3165.44140625 3168.0169270833335 3
40 0.1 3164.85546875 0.0 3168.56640625 3164.85546875 3167.373046875 4
50 0.1 3162.80859375 0.0 3168.56640625 3162.80859375 3166.86953125 5
60 0.1 3162.55859375 0.0 3168.56640625 3162.55859375 3166.1927083333335 6
70 0.1 3161.3828125 0.0 3168.56640625 3161.3828125 3165.6735491071427 7
80 0.1 3161.28515625 0.0 3168.56640625 3161.28515625 3165.13720703125 8
90 0.1 3160.08984375 0.0 3168.56640625 3160.08984375 3164.7092013888887 9
100 0.1 3159.6015625 0.0 3168.56640625 3159.6015625 3164.247265625 10
110 0.1 3155.03125 0.0 3168.56640625 3155.03125 3163.8249289772725 11
120 0.1 3154.1953125 0.0 3168.56640625 3154.1953125 3163.0921223958335 12
130 0.1 3149.44921875 0.0 3168.56640625 3149.44921875 3162.407752403846 13
140 0.1 3142.93359375 0.0 3168.56640625 3142.93359375 3161.4821428571427 14
150 0.1 3138.6015625 0.0 3168.56640625 3138.6015625 3160.245572916667 15
160 0.1 3133.31640625 0.0 3168.56640625 3133.31640625 3158.892822265625 16
170 0.1 3126.421875 0.0 3168.56640625 3126.421875 3157.3883272058824 17
180 0.1 3123.11328125 0.0 3168.56640625 3123.11328125 3155.66796875 18
190 0.1 3114.4765625 0.0 3168.56640625 3114.4765625 3153.9545641447367 19
200 0.1 3103.15625 0.0 3168.56640625 3103.15625 3151.9806640625 20
210 0.1 3091.2421875 0.0 3168.56640625 3091.2421875 3149.655691964286 21
220 0.1 3078.8984375 0.0 3168.56640625 3078.8984375 3147.0005326704545 22
230 0.1 3063.375 0.0 3168.56640625 3063.375 3144.0395720108695 23
240 0.1 3052.0390625 0.0 3168.56640625 3052.0390625 3140.6785481770835 24
250 0.1 3047.2109375 0.0 3168.56640625 3047.2109375 3137.13296875 25
260 0.1 3042.3984375 0.0 3168.56640625 3042.3984375 3133.6744290865386 26
270 0.1 3039.921875 0.0 3168.56640625 3039.921875 3130.2938368055557 27
280 0.1 3039.234375 0.0 3168.56640625 3039.234375 3127.0662667410716 28
290 0.1 3038.72265625 0.0 3168.56640625 3038.72265625 3124.0375808189656 29
300 0.1 3038.58203125 0.0 3168.56640625 3038.58203125 3121.19375 30
310 0.1 3038.03125 0.0 3168.56640625 3038.03125 3118.528855846774 31
320 0.1 3038.0546875 0.0 3168.56640625 3038.03125 3116.0133056640625 32
330 0.1 3038.05078125 0.0 3168.56640625 3038.03125 3113.6509232954545 33
340 0.1 3042.859375 0.0 3168.56640625 3038.03125 3111.4273897058824 34
350 0.1 3044.484375 0.0 3168.56640625 3038.03125 3109.4683035714284 35
360 0.1 3046.03515625 0.0 3168.56640625 3038.03125 3107.663194444444 36
370 0.1 3047.9453125 0.0 3168.56640625 3038.03125 3105.99757179054 37
380 0.1 3048.40234375 0.0 3168.56640625 3038.03125 3104.4698807565783 38
390 0.1 3048.5390625 0.0 3168.56640625 3038.03125 3103.0322516025635 39
400 0.1 3049.046875 0.0 3168.56640625 3038.03125 3101.669921874999 40
410 0.1 3049.35546875 0.0 3168.56640625 3038.03125 3100.3864329268285 41
420 0.1 3049.54296875 0.0 3168.56640625 3038.03125 3099.1714099702376 42
430 0.1 3059.671875 0.0 3168.56640625 3038.03125 3098.0172601744184 43
440 0.1 3059.9453125 0.0 3168.56640625 3038.03125 3097.1457741477275 44
450 0.1 3065.69140625 0.0 3168.56640625 3038.03125 3096.3190972222224 45
460 0.1 3065.96875 0.0 3168.56640625 3038.03125 3095.653277853261 46
470 0.1 3076.03515625 0.0 3168.56640625 3038.03125 3095.021692154255 47
480 0.1 3076.21484375 0.0 3168.56640625 3038.03125 3094.6261393229165 48
490 0.1 3076.30859375 0.0 3168.56640625 3038.03125 3094.250398596939 49
500 0.1 3076.4375 0.0 3168.56640625 3038.03125 3093.8915625 50
