0 0.1 0.44921875 0 0.44921875 0.44921875 0 0
10 0.1 0.37890625 0.0 0.44921875 0.37890625 0.44921875 1
20 0.1 0.328125 0.0 0.44921875 0.328125 0.4140625 2
30 0.1 0.28125 0.0 0.44921875 0.28125 0.3854166666666667 3
40 0.1 0.23046875 0.0 0.44921875 0.23046875 0.359375 4
50 0.1 0.19921875 0.0 0.44921875 0.19921875 0.33359375 5
60 0.1 0.171875 0.0 0.44921875 0.171875 0.3111979166666667 6
70 0.1 0.140625 0.0 0.44921875 0.140625 0.29129464285714285 7
80 0.1 0.12109375 0.0 0.44921875 0.12109375 0.2724609375 8
90 0.1 0.1015625 0.0 0.44921875 0.1015625 0.2556423611111111 9
100 0.1 0.08984375 0.0 0.44921875 0.08984375 0.240234375 10
110 0.1 0.0703125 0.0 0.44921875 0.0703125 0.2265625 11
120 0.1 0.05859375 0.0 0.44921875 0.05859375 0.21354166666666666 12
130 0.1 0.05078125 0.0 0.44921875 0.05078125 0.20162259615384615 13
140 0.1 0.12109375 0.0 0.44921875 0.05078125 0.19084821428571427 14
150 0.1 0.1015625 0.0 0.44921875 0.05078125 0.18619791666666666 15
160 0.1 0.078125 0.0 0.44921875 0.05078125 0.180908203125 16
170 0.1 0.0703125 0.0 0.44921875 0.05078125 0.17486213235294118 17
180 0.1 0.12890625 0.0 0.44921875 0.05078125 0.16905381944444445 18
190 0.1 0.109375 0.0 0.44921875 0.05078125 0.1669407894736842 19
200 0.1 0.1796875 0.0 0.44921875 0.05078125 0.1640625 20
210 0.1 0.21875 0.0 0.44921875 0.05078125 0.16480654761904762 21
220 0.1 0.19140625 0.0 0.44921875 0.05078125 0.16725852272727273 22
230 0.1 0.23046875 0.0 0.44921875 0.05078125 0.1683084239130435 23
240 0.1 0.28125 0.0 0.44921875 0.05078125 0.1708984375 24
250 0.1 0.23046875 0.0 0.44921875 0.05078125 0.1753125 25
260 0.1 0.19921875 0.0 0.44921875 0.05078125 0.17743389423076922 26
270 0.1 0.25 0.0 0.44921875 0.05078125 0.17824074074074073 27
280 0.1 0.2109375 0.0 0.44921875 0.05078125 0.18080357142857142 28
290 0.1 0.1796875 0.0 0.44921875 0.05078125 0.1818426724137931 29
300 0.1 0.1484375 0.0 0.44921875 0.05078125 0.18177083333333333 30
310 0.1 0.12890625 0.0 0.44921875 0.05078125 0.18069556451612903 31
320 0.1 0.109375 0.0 0.44921875 0.05078125 0.1790771484375 32
330 0.1 0.08984375 0.0 0.44921875 0.05078125 0.17696496212121213 33
340 0.1 0.16015625 0.0 0.44921875 0.05078125 0.17440257352941177 34
350 0.1 0.2890625 0.0 0.44921875 0.05078125 0.17399553571428572 35
360 0.1 0.23828125 0.0 0.44921875 0.05078125 0.1771918402777778 36
370 0.1 0.19921875 0.0 0.44921875 0.05078125 0.1788429054054054 37
380 0.1 0.171875 0.0 0.44921875 0.05078125 0.17937911184210525 38
390 0.1 0.1484375 0.0 0.44921875 0.05078125 0.1791866987179487 39
400 0.1 0.1796875 0.0 0.44921875 0.05078125 0.17841796875 40
410 0.1 0.1484375 0.0 0.44921875 0.05078125 0.17844893292682926 41
420 0.1 0.12890625 0.0 0.44921875 0.05078125 0.17773437499999997 42
430 0.1 0.109375 0.0 0.44921875 0.05078125 0.1765988372093023 43
440 0.1 0.08984375 0.0 0.44921875 0.05078125 0.1750710227272727 44
450 0.1 0.078125 0.0 0.44921875 0.05078125 0.17317708333333331 45
460 0.1 0.0703125 0.0 0.44921875 0.05078125 0.17111073369565216 46
470 0.1 0.05859375 0.0 0.44921875 0.05078125 0.1689660904255319 47
480 0.1 0.05078125 0.0 0.44921875 0.05078125 0.16666666666666666 48
490 0.1 0.0390625 0.0 0.44921875 0.0390625 0.1643016581632653 49
500 0.1 0.03125 0.0 0.44921875 0.03125 0.161796875 50
