10 0.1 126 0 126 126 0 0
20 0.1 220.0 0.0 220 126 126.0 1
30 0.1 352.0 0.0 352 126 173.0 2
40 0.1 704.0 0.0 704 126 232.66666666666666 3
50 0.1 753.0 0.0 753 126 350.5 4
60 0.1 733.0 0.0 753 126 431.0 5
70 0.1 1081.0 0.0 1081 126 481.3333333333333 6
80 0.1 1098.0 0.0 1098 126 567.0 7
90 0.1 1298.0 0.0 1298 126 633.375 8
100 0.1 1386.0 0.0 1386 126 707.2222222222222 9
110 0.1 1649.0 0.0 1649 126 775.1 10
120 0.1 1855.0 0.0 1855 126 854.5454545454545 11
130 0.1 2397.0 0.0 2397 126 937.9166666666666 12
140 0.1 2187.0 0.0 2397 126 1050.1538461538462 13
150 0.1 2541.0 0.0 2541 126 1131.357142857143 14
160 0.1 3260.0 0.0 3260 126 1225.3333333333333 15
170 0.1 4497.0 0.0 4497 126 1352.5 16
180 0.1 5302.0 0.0 5302 126 1537.4705882352941 17
190 0.1 6640.0 0.0 6640 126 1746.611111111111 18
200 0.1 6258.0 0.0 6640 126 2004.157894736842 19
210 0.1 7341.0 0.0 7341 126 2216.85 20
220 0.1 6494.0 0.0 7341 126 2460.8571428571427 21
230 0.1 6402.0 0.0 7341 126 2644.181818181818 22
240 0.1 7016.0 0.0 7341 126 2807.5652173913045 23
250 0.1 6258.0 0.0 7341 126 2982.9166666666665 24
260 0.1 6997.0 0.0 7341 126 3113.92 25
270 0.1 8069.0 0.0 8069 126 3263.269230769231 26
280 0.1 8728.0 0.0 8728 126 3441.259259259259 27
290 0.1 8220.0 0.0 8728 126 3630.0714285714284 28
300 0.1 8154.0 0.0 8728 126 3788.344827586207 29
310 0.1 8560.0 0.0 8728 126 3933.866666666667 30
320 0.1 6437.0 0.0 8728 126 4083.0967741935483 31
330 0.1 5545.0 0.0 8728 126 4156.65625 32
340 0.1 5990.0 0.0 8728 126 4198.727272727273 33
350 0.1 6298.0 0.0 8728 126 4251.411764705882 34
360 0.1 5127.0 0.0 8728 126 4309.885714285714 35
370 0.1 4453.0 0.0 8728 126 4332.583333333333 36
380 0.1 4198.0 0.0 8728 126 4335.8378378378375 37
390 0.1 3811.0 0.0 8728 126 4332.210526315789 38
400 0.1 3878.0 0.0 8728 126 4318.846153846154 39
410 0.1 3906.0 0.0 8728 126 4307.825000000001 40
420 0.1 1891.0 0.0 8728 126 4298.024390243903 41
430 0.1 1279.0 0.0 8728 126 4240.714285714286 42
440 0.1 373.0 0.0 8728 126 4171.837209302326 43
450 0.1 307.0 0.0 8728 126 4085.5000000000005 44
460 0.1 198.0 0.0 8728 126 4001.5333333333338 45
470 0.1 59.0 0.0 8728 59 3918.847826086957 46
480 0.1 7.0 0.0 8728 7 3836.7234042553196 47
490 0.1 5.0 0.0 8728 5 3756.9375000000005 48
500 0.1 0.0 0.0 8728 0 3680.367346938776 49
