20 0.1 24532.23095703125 0 24532.23095703125 24532.23095703125 0 0
30 0.4 20452.122314453125 8904.917331837414 32512.552001953125 9742.994140625 24532.23095703125 1
40 0.6 26513.032836914063 11209.302530991472 42573.2431640625 9742.994140625 21268.14404296875 5
50 0.9 32356.143310546875 13670.1768015521 49361.43017578125 9742.994140625 24128.99247602983 11
60 1 36524.84521484375 17819.04816222439 64140.675048828125 9742.994140625 27831.2103515625 20
70 1.3 41587.40093524638 12723.179636341263 66199.3779296875 9742.994140625 30729.088639322916 30
80 1.1 36291.986328125 12105.06259678786 66199.3779296875 9742.994140625 34011.83421716025 43
90 1.6 38714.08200073242 15762.554931912358 72390.666015625 9742.994140625 34476.30964717158 54
100 1.1 47648.28011807529 15647.23159476439 75344.60717773438 9742.994140625 35444.94332798549 70
110 1.8 37443.01500108507 16073.285675728837 75344.60717773438 9742.994140625 37102.18659577546 81
120 1.2 36928.27549235026 16415.541144548442 75344.60717773438 9117.776123046875 37164.15539674085 99
130 1.7 43310.7849408318 16332.591439690772 82018.416015625 9117.776123046875 37138.65486653646 111
140 1.9 50943.210025185035 11971.867986463401 82921.56298828125 9117.776123046875 37958.39089202881 128
150 2.7 56830.52922453704 20903.837380905807 115079.0888671875 9117.776123046875 39636.70084801499 147
160 3.1 46333.89232610887 12835.325249464355 115079.0888671875 9117.776123046875 42304.70869954427 174
170 6.3 47730.76872132316 16266.448667828476 115079.0888671875 9117.776123046875 42913.999882097945 205
180 9.1 47795.09023276528 19150.022418360455 115079.0888671875 9117.776123046875 44046.30001967701 268
190 10.2 47762.14368633195 18787.4973877618 115079.0888671875 4853.85009765625 44996.55046366317 359
200 9.6 46950.290186564125 16915.860810809223 115079.0888671875 4853.85009765625 45608.460460869705 461
210 11.6 48158.59007105334 18775.792438835582 115079.0888671875 4853.85009765625 45839.72734357467 557
220 14 49007.803072684146 15574.475158951893 115079.0888671875 4853.85009765625 46239.412449648255 673
230 19.5 52265.32297676282 16027.466771668558 115079.0888671875 4853.85009765625 46716.13408215136 813
240 15.2 55739.30503604287 16830.62063068361 115703.52099609375 4853.85009765625 47789.63788616846 1008
250 15.3 56019.8653668173 15874.93332681736 115703.52099609375 4853.85009765625 48831.31840925545 1160
260 17.5 59056.83386439732 17989.568582412358 128385.63500976563 4853.85009765625 49668.97848884948 1313
270 19.9 68320.2542902501 18002.30490553357 128385.63500976563 4853.85009765625 50773.06094229093 1488
280 21.2 73029.86826079742 21196.569376826843 178901.09497070313 4853.85009765625 52842.94326371587 1687
290 22.6 77937.51540462524 19870.297401300486 178901.09497070313 4853.85009765625 55096.56522231581 1899
300 18.4 84760.19506305199 19439.346283758285 178901.09497070313 4853.85009765625 57525.767453469656 2125
310 22.2 93666.11211993248 16845.21670363524 178901.09497070313 4853.85009765625 59696.02933314187 2309
320 15.8 101408.0846503535 12520.05489327421 178901.09497070313 4853.85009765625 62675.62568978648 2531
330 17 111792.69588551241 16593.563792599583 201656.65087890625 4853.85009765625 64951.46373953345 2689
340 16.4 122096.49716409823 21167.350419983788 205297.31884765625 4853.85009765625 67736.70664433108 2859
350 13.4 139854.24889772324 25822.8403241761 233916.56884765625 4853.85009765625 70685.76573968066 3023
360 11 146051.40678932893 19212.86797869541 233916.56884765625 4853.85009765625 73621.64687467518 3157
370 7.5 157630.87105794268 18521.13129006771 238742.2099609375 4853.85009765625 76060.35932971403 3267
380 9.2 165496.91514521063 12256.160749121083 238742.2099609375 4853.85009765625 77890.93634336369 3342
390 9.1 174689.3679091904 10974.511872036197 238742.2099609375 4853.85009765625 80237.98062110684 3434
400 9.4 182372.51998057263 9742.841641374393 238742.2099609375 4853.85009765625 82676.30012272828 3525
410 10.5 188246.55370861234 11603.387790419596 263720.18603515625 4853.85009765625 85265.81232682813 3619
420 3.9 196674.74594976963 9630.768081668588 263720.18603515625 4853.85009765625 88169.4046590213 3724
430 3.8 203507.97205874795 8676.296259223502 263720.18603515625 4853.85009765625 89293.96174388423 3763
440 0.8 210183.8127746582 8159.561322500909 263720.18603515625 4853.85009765625 90435.80136292259 3801
450 1 236522.5880859375 14910.00469488507 263720.18603515625 4853.85009765625 90687.30676888055 3809
460 0.2 238971.2921142578 1603.6329345703125 263720.18603515625 4853.85009765625 91069.17448639052 3819
470 0.3 241422.22119140625 6006.7236036088525 263720.18603515625 4853.85009765625 91146.58988425907 3821
480 0.1 246674.92797851563 0.0 263720.18603515625 4853.85009765625 91264.48394647702 3824
490 0 0 0 263720.18603515625 4853.85009765625 91305.1141279233 3825
500 0.1 282256.8649902344 0.0 282256.8649902344 4853.85009765625 91305.1141279233 3825
502 0 0 0 282256.8649902344 4853.85009765625 91355.02310619364 3826
