20 0.2 86.2445068359375 63.8194580078125 150.06396484375 22.425048828125 0 0
30 0.2 20.3065185546875 6.3214111328125 150.06396484375 13.985107421875 86.2445068359375 2
40 0.2 23.1875 9.592529296875 150.06396484375 13.594970703125 53.2755126953125 4
50 0.3 26.862711588541668 2.178125752479767 150.06396484375 13.594970703125 43.246175130208336 6
60 0.3 148.06502278645834 150.13447816664336 358.971923828125 13.594970703125 37.78502061631944 9
70 0.3 99.73665364583333 51.842805573042796 358.971923828125 13.594970703125 65.35502115885417 12
80 0.6 116.16487630208333 121.3517241934533 383.7548828125 13.594970703125 72.23134765625 15
90 0.5 36.994091796875 15.79945973411192 383.7548828125 13.446044921875 84.78378441220238 21
100 0.2 62.62451171875 37.761474609375 383.7548828125 13.446044921875 75.5934589092548 26
110 0.6 124.67903645833333 96.4660258977611 383.7548828125 13.446044921875 74.66710553850446 28
120 0.5 245.9865234375 155.79682518889862 427.596923828125 13.446044921875 83.49274040670956 34
130 1.1 1156.4729447798295 223.00228570129488 1598.113037109375 13.446044921875 104.32527669270833 39
140 0.6 2541.464803059896 375.3336720488575 3040.30810546875 13.446044921875 335.797763671875 50
150 1.3 732.2000262920673 1091.7894274076123 3040.30810546875 0.815185546875 572.1192321777344 56
160 2.2 332.7750909978693 828.7914542086403 3040.30810546875 0.751953125 602.2793817934783 69
170 2.8 940.5961652483259 946.7605284963198 3040.30810546875 0.723876953125 537.12449830443 91
180 3.6 544.2887030707466 808.8159780934357 3040.30810546875 0.723876953125 632.0590081735819 119
190 4.9 157.1776496731505 494.29492282282547 3040.30810546875 0.677001953125 611.6736469884073 155
200 5 370.1108837890625 656.1732224345936 3040.30810546875 0.677001953125 502.50549077052705 204
210 5.1 990.537717333027 1776.9856329652996 9262.31201171875 0.677001953125 476.4435602623647 254
220 7.1 507.1999442946741 759.9525489256927 9262.31201171875 0.677001953125 562.4068455430328 305
230 6.2 655.9203235257056 2462.4951884328316 18666.535888671875 0.677001953125 551.9821381264544 376
240 4.6 521.068263841712 876.4790989599326 18666.535888671875 0.677001953125 566.6948493016909 438
250 5.2 931.7730290339545 2782.563417769238 20079.27490234375 0.677001953125 562.3584382868995 484
260 5.6 694.9642857142857 970.4495054761323 20079.27490234375 0.677001953125 598.197167239972 536
270 5.7 589.6001747532895 1002.2157983265936 20079.27490234375 0.677001953125 607.3508135821369 592
280 5.4 2741.600545247396 12433.430143365667 66273.83618164063 0.6630859375 605.791820649557 649
290 4.6 1913.4971552309783 9476.198342501571 66273.83618164063 0.6630859375 769.8510967922075 703
300 4.7 477.63390334109056 677.8674601474507 66273.83618164063 0.6630859375 840.0883714092748 749
310 4.9 367.7093730070153 534.6116370616453 66273.83618164063 0.6630859375 818.6871653801232 796
320 5.2 658.1347844050483 564.118471023975 66273.83618164063 0.6630859375 792.5357904377773 845
330 2.2 784.160722212358 662.4685224319322 66273.83618164063 0.6630859375 784.7444277692133 897
340 2.7 5252.487756799768 23938.531007909834 127264.47583007813 0.6630859375 784.7304544044138 919
350 1.8 624.5549994574653 781.1460759590329 127264.47583007813 0.6630859375 912.2457262486787 946
360 2.6 605.6568415715145 843.8106437662567 127264.47583007813 0.6630859375 906.8739076986352 964
370 3.4 958.3734489889706 711.4673276707855 127264.47583007813 0.6630859375 898.9631564670138 990
380 4 1050.7146911621094 539.2600572563259 127264.47583007813 0.6630859375 900.935763835907 1024
390 2 1210.465380859375 492.25880431009824 127264.47583007813 0.6630859375 906.5665505774936 1064
400 1.3 879.8421724759615 136.6366865491389 127264.47583007813 0.6630859375 912.1735400660891 1084
410 1.4 420.60220772879467 304.98863007312434 127264.47583007813 0.6630859375 911.7903971502535 1097
420 0.4 55.51177978515625 52.30149042284925 127264.47583007813 0.6630859375 905.6008070045286 1111
430 0.5 52.684375 47.85041399126926 127264.47583007813 0.6630859375 902.5511602701094 1115
440 0 0 0 127264.47583007813 0.6630859375 898.7571121215822 1120
450 0 0 0 127264.47583007813 0.6630859375 898.7571121215822 1120
460 0.1 4.776123046875 0.0 127264.47583007813 0.6630859375 898.7571121215822 1120
470 0 0 0 127264.47583007813 0.6630859375 897.9596268503291 1121
480 0 0 0 127264.47583007813 0.6630859375 897.9596268503291 1121
490 0 0 0 127264.47583007813 0.6630859375 897.9596268503291 1121
500 0 0 0 127264.47583007813 0.6630859375 897.9596268503291 1121
502 0 0 0 127264.47583007813 0.6630859375 897.9596268503291 1121
