0 0.5 30.14521484375 45.81899905857119 121.782958984375 7.0810546875 0 0
10 0.6 8.986857096354166 3.208972485618884 121.782958984375 6.449951171875 30.14521484375 5
20 0.5 185.691845703125 308.6673970622765 800.239990234375 6.449951171875 18.604292436079547 11
30 0.6 9.8009033203125 6.3665745956995545 800.239990234375 6.34912109375 70.81915283203125 16
40 1 16.0985595703125 14.659604256491527 800.239990234375 6.34912109375 54.17781205610795 22
50 0.6 113.93216959635417 143.17911062028236 800.239990234375 6.34912109375 42.278045654296875 32
60 0.9 24.428792317708332 19.028711781314186 800.239990234375 6.34912109375 53.5918546977796 38
70 0.9 11.920844184027779 6.106084368068756 800.239990234375 6.34912109375 48.007438497340424 47
80 0.8 15.961334228515625 20.44101876695378 800.239990234375 6.34912109375 42.20780726841518 56
90 2.3 16.135678498641305 12.169479986385014 800.239990234375 6.011962890625 38.926998138427734 64
100 1.9 146.11632658305922 188.62660325937173 800.239990234375 6.011962890625 32.901706739403735 87
110 2.1 79.73066638764881 75.83900203422272 800.239990234375 6.011962890625 53.1948933151533 106
120 2.9 485.6218851023707 439.0165050753369 1198.462890625 5.947998046875 57.58269831139272 127
130 3.2 1036.9248428344727 494.4190626588425 2420.428955078125 5.947998046875 137.15408559945914 156
140 2.8 1997.2169625418526 962.732810534742 2920.97314453125 1.81396484375 290.30655491605717 188
150 7.1 912.7229072678255 1163.898745574077 3200.72802734375 1.304931640625 511.5727188675492 216
160 8.6 960.4129922556323 1113.9921283633807 3200.72802734375 1.293212890625 610.8119640815548 287
170 7.5 578.9518391927083 892.305132461004 3200.72802734375 1.23095703125 691.4170268777228 373
180 15 443.86077799479165 760.3540223380462 3200.72802734375 1.23095703125 672.5891494750977 448
190 9.9 1361.815059777462 1419.3623611994565 4856.381103515625 1.218994140625 615.2158121472617 598
200 8 6360.947705078125 1330.9060460821265 10990.073974609375 1.218994140625 721.2607554978928 697
210 13.6 6668.440138872931 3962.590695300561 20782.72412109375 1.218994140625 1301.9235044894224 777
220 7 8178.100334821429 3058.826676348695 21070.330078125 1.218994140625 2101.317000958379 913
230 11.3 11682.415870869054 8903.912213953552 36976.922119140625 1.218994140625 2534.0482658316378 983
240 10 13188.141169433598 8742.089050874987 37072.4609375 1.218994140625 3477.2649988327585 1096
250 9.3 24431.72005208334 9461.5926792271 45197.258056640625 1.218994140625 4289.211166943196 1196
260 7.9 36215.965196054196 6557.482683094072 66766.13403320313 1.218994140625 5742.472087283019 1289
270 6.6 45482.15743371211 14820.617913881293 70023.59692382813 1.218994140625 7502.271762424045 1368
280 9.3 66425.39788621468 1492.6630811965213 73111.65698242188 1.218994140625 9250.299973236468 1434
290 9.6 66359.47970835364 1749.218564998889 74063.1669921875 1.218994140625 12732.476859881508 1527
300 6.9 66799.92343537704 636.4566443906817 74063.1669921875 1.218994140625 15904.499209513871 1623
310 0.1 106295.50903320313 0.0 106295.50903320313 1.218994140625 17980.02182865368 1692
320 0.2 127292.32250976563 13.677490234375 127306.0 1.218994140625 18032.18691264928 1693
330 2.4 127630.96974690755 528.6234722295114 128552.40405273438 1.218994140625 18161.107426628176 1695
340 8.7 127419.9262386629 448.52396775477905 128977.14501953125 1.218994140625 19689.482467749003 1719
350 7.9 127545.50077568731 598.7409700359863 129047.92895507813 1.218994140625 24879.155008208312 1806
360 3.4 127517.94908949907 613.5164750420585 129086.97607421875 1.218994140625 29181.882496606635 1885
370 0.2 129142.46105957031 49.1868896484375 129191.64794921875 1.218994140625 30924.157777564604 1919
380 0 0 0 129191.64794921875 1.218994140625 31026.415251049253 1921
390 0 0 0 129191.64794921875 1.218994140625 31026.415251049253 1921
400 0 0 0 129191.64794921875 1.218994140625 31026.415251049253 1921
410 0.1 190362.47802734375 0.0 190362.47802734375 1.218994140625 31026.415251049253 1921
420 0.1 190395.32495117188 0.0 190395.32495117188 1.218994140625 31109.316428352216 1922
430 0 0 0 190395.32495117188 1.218994140625 31192.14846606559 1923
440 0 0 0 190395.32495117188 1.218994140625 31192.14846606559 1923
450 0 0 0 190395.32495117188 1.218994140625 31192.14846606559 1923
460 0 0 0 190395.32495117188 1.218994140625 31192.14846606559 1923
470 0 0 0 190395.32495117188 1.218994140625 31192.14846606559 1923
480 0 0 0 190395.32495117188 1.218994140625 31192.14846606559 1923
490 0 0 0 190395.32495117188 1.218994140625 31192.14846606559 1923
500 0 0 0 190395.32495117188 1.218994140625 31192.14846606559 1923
502 0 0 0 190395.32495117188 1.218994140625 31192.14846606559 1923
