30 0.1 8.175048828125 0 8.175048828125 8.175048828125 0 0
40 0.2 7.0164794921875 0.4105224609375 8.175048828125 6.60595703125 8.175048828125 1
50 0.5 17.58125 13.405546558838378 41.962158203125 6.60595703125 7.402669270833333 3
60 0.4 17.40777587890625 15.893928654573612 44.93408203125 6.60595703125 13.7642822265625 8
70 0.7 20.330950055803573 18.204823922728842 62.72216796875 6.60595703125 14.978780110677084 12
80 0.6 19.7994384765625 19.161915534441412 62.72216796875 6.60595703125 16.950632195723685 19
90 1 38.6201171875 31.587814570605275 104.3720703125 6.35400390625 17.634345703125 25
100 0.8 89.97454833984375 152.65836350920156 486.85986328125 6.35400390625 23.63028041294643 35
110 0.9 54.589572482638886 52.76126355108713 486.85986328125 6.35400390625 35.97340002725291 43
120 0.9 259.63902452256946 354.40807470477705 1005.251953125 6.239013671875 39.19542987530048 52
130 0.7 1216.94677734375 614.6388692504057 2351.623046875 6.239013671875 71.71989465932377 61
140 1.3 2045.804180438702 908.4184932833853 2892.8662109375 0.719970703125 189.61089728860293 68
150 1.5 507.1835774739584 1010.6968155364125 2903.526123046875 0.719970703125 487.5184612509645 81
160 1.8 509.16912163628473 948.8536399802115 2903.526123046875 0.680908203125 490.5911356608073 96
170 2.2 593.0088223544034 864.724658358532 2903.526123046875 0.680908203125 493.5245018674616 114
180 4.2 521.4638671875 806.5975425472761 2903.526123046875 0.680908203125 509.6175537109375 136
190 5.2 427.3772536057692 737.5408712405363 2903.526123046875 0.6708984375 512.412751272823 178
200 5.8 373.38044265220907 960.0780149159693 6215.504150390625 0.6708984375 493.1873344089674 230
210 7.8 692.6449318910257 933.8573820777762 6215.504150390625 0.6708984375 469.05955759684247 288
220 9.2 942.2363865064538 2043.7443430789554 12565.8779296875 0.6708984375 516.7088996595372 366
230 8.4 873.5011276971728 3026.1538757347525 20035.253173828125 0.6708984375 602.1860367554244 458
240 8 624.7335021972655 1004.9913417600834 20035.253173828125 0.6708984375 644.2348700379093 542
250 10.2 596.7814869600184 772.3123895869356 20035.253173828125 0.6708984375 641.7266555246433 622
260 8.3 630.5672533885543 1219.0143922343318 20035.253173828125 0.6708984375 635.394601389848 724
270 9.6 435.17736307779955 752.3720747116054 20035.253173828125 0.6708984375 634.8981083488228 807
280 10.6 1092.5517186578716 6362.120999300353 65865.01391601563 0.6708984375 613.6653380874516 903
290 10 392.65906494140626 613.7806779843921 65865.01391601563 0.6708984375 663.9745118639278 1009
300 8.9 420.3803985252809 661.0997711025542 65865.01391601563 0.6708984375 639.5096383812838 1109
310 8.4 615.9578043619791 615.47890088823 65865.01391601563 0.6708984375 623.2304210630999 1198
320 8.4 560.0136486235119 585.959938343418 65865.01391601563 0.6708984375 622.7539001560062 1282
330 9 753.9009195963541 636.6786817884265 65865.01391601563 0.6708984375 618.8957880559115 1366
340 8.6 820.2794672056687 740.0921539575986 65865.01391601563 0.6708984375 627.2408854725596 1456
350 7.3 977.3108244595467 793.7751207779146 65865.01391601563 0.6708984375 638.0069801736279 1542
360 3.6 702.1253458658854 896.1922053281409 65865.01391601563 0.6708984375 653.3439341258706 1615
370 3.6 1022.5921698676216 736.2708868961105 65865.01391601563 0.6708984375 654.4076111837994 1651
380 4.6 976.9803944463315 537.1520173101659 65865.01391601563 0.6708984375 662.2645430822095 1687
390 6.1 1042.8577300525103 504.29022234845604 65865.01391601563 0.6708984375 670.6182240762946 1733
400 4.4 794.974570534446 187.1782190642553 65865.01391601563 0.6708984375 683.2751972449396 1794
410 3.2 409.14344787597656 207.82999603300925 65865.01391601563 0.6708984375 685.9491757132412 1838
420 2.9 15.303298424030173 14.454487703060149 65865.01391601563 0.6708984375 681.212393204796 1870
430 1.4 20.185459681919642 20.224451087701617 65865.01391601563 0.6708984375 671.0431653224147 1899
440 0.2 9.008544921875 0.863525390625 65865.01391601563 0.6708984375 666.2799620401528 1913
450 0.3 12.170003255208334 6.035730803573584 65865.01391601563 0.6708984375 665.5935166959039 1915
460 0.3 7.765706380208333 0.11513507824952163 65865.01391601563 0.6708984375 664.5714778323367 1918
470 0.1 7.781005859375 0.0 65865.01391601563 0.6708984375 663.5457530461022 1921
480 0.1 7.822998046875 0.0 65865.01391601563 0.6708984375 663.2045643118739 1922
490 0 0 0 65865.01391601563 0.6708984375 662.8637522649342 1923
500 0 0 0 65865.01391601563 0.6708984375 662.8637522649342 1923
502 0 0 0 65865.01391601563 0.6708984375 662.8637522649342 1923
