0 0.2 7.5025634765625 0.2825927734375 7.78515625 7.219970703125 0 0
10 0.4 31.50128173828125 29.64139359290346 80.0771484375 7.0009765625 7.5025634765625 2
20 0.4 142.21978759765625 186.85847640029806 465.47900390625 7.0009765625 23.501708984375 6
30 0.7 49.132742745535715 64.22173656838245 465.47900390625 6.343994140625 70.9889404296875 10
40 0.7 15.539481026785714 7.573231216920844 465.47900390625 6.343994140625 61.989329618566174 17
50 0.7 9.158761160714286 3.3554662243288726 465.47900390625 6.343994140625 48.44145711263021 24
60 0.8 11.66998291015625 7.7917355517741855 465.47900390625 6.343994140625 39.57117092993952 31
70 0.8 18.28228759765625 17.133831546912326 465.47900390625 6.343994140625 33.847850310496796 39
80 0.9 37.037082248263886 44.36394154647211 465.47900390625 6.093994140625 31.198392827460108 47
90 0.9 17.473253038194443 11.262877037063053 465.47900390625 6.093994140625 32.136753627232146 56
100 2 41.8937255859375 75.28726045162927 465.47900390625 6.093994140625 30.10642277644231 65
110 2.4 58.668436686197914 61.63255678286209 465.47900390625 6.093994140625 32.87990579044118 85
120 1.7 332.33521943933823 419.8685667574421 1224.449951171875 6.093994140625 38.55811442803899 109
130 1.7 1262.9392377068016 568.7621253019312 2344.754150390625 6.093994140625 78.19470796130952 126
140 2.9 2034.0296504579746 1074.4140471009734 2961.744140625 0.722900390625 219.03846324573863 143
150 3.8 1643.1485081722863 1275.8715848012368 3182.81298828125 0.722900390625 525.054419229197 172
160 6.5 703.815966796875 1019.8471740602129 3182.81298828125 0.694091796875 727.3762067522322 210
170 8.1 472.71562439718366 796.593075064798 3182.81298828125 0.694091796875 721.8074227627841 275
180 9.7 535.291753080702 790.5326432353323 3182.81298828125 0.65185546875 665.1320416739817 356
190 13.3 541.5206656778663 819.2988255918583 3778.116943359375 0.65185546875 637.3295957721094 453
200 9.2 431.50135604194975 707.612953171618 3778.116943359375 0.65185546875 615.5845655630064 586
210 9.8 682.2535450215242 1210.0414634907545 7144.580078125 0.65185546875 590.6057229731285 678
220 9.7 414.969844857442 707.7557680865822 7144.580078125 0.65185546875 602.1798035926424 776
230 8.5 1122.4044318704043 3032.4788696111905 20039.322021484375 0.65185546875 581.3786970665091 873
240 9.4 440.2657236951462 797.1634311344691 20039.322021484375 0.65185546875 629.3820242672722 958
250 9.5 543.4049290707237 1555.5548678851849 20039.322021484375 0.65185546875 612.4837996914358 1052
260 9.7 685.6817312338916 1288.5078550405997 20039.322021484375 0.65185546875 606.7623587943411 1147
270 8.1 1287.761776017554 7283.302427114228 66078.0439453125 0.6201171875 612.9160397643061 1244
280 8.2 571.7723329125381 1231.7463105544323 66078.0439453125 0.6201171875 654.1707602446933 1325
290 9.5 484.5953227796053 861.6613504271353 66078.0439453125 0.6201171875 649.3685775572471 1407
300 8.7 579.6020283315373 788.6977154431424 66078.0439453125 0.6201171875 638.9468337464109 1502
310 7.6 599.8956041837995 623.3872369948841 66078.0439453125 0.6201171875 635.6976216185984 1589
320 1.4 424.12241908482144 556.0150002844425 66078.0439453125 0.6201171875 634.0634154173704 1665
330 0.8 487.37322998046875 613.1798417619835 66078.0439453125 0.6201171875 632.3128651203747 1679
340 3.1 4484.718623991936 22431.804134343955 127300.208984375 0.6201171875 631.6255402353011 1687
350 7.5 2394.69126953125 14540.532101589395 127300.77587890625 0.6201171875 701.1516668921437 1718
360 6.5 659.883191856971 809.5694465355049 127300.77587890625 0.6201171875 771.9913044816211 1793
370 4.7 968.3468718833112 734.0684665414176 127300.77587890625 0.6201171875 768.0693306815123 1858
380 1.3 904.593505859375 618.2923471066097 127300.77587890625 0.6201171875 773.0105613568322 1905
390 0.3 1162.3379720052083 90.9783122887577 127300.77587890625 0.6201171875 773.9024165594042 1918
400 0 0 0 127300.77587890625 0.6201171875 774.5090311696788 1921
410 0 0 0 127300.77587890625 0.6201171875 774.5090311696788 1921
420 0.1 7.140869140625 0.0 127300.77587890625 0.6201171875 774.5090311696788 1921
430 0 0 0 127300.77587890625 0.6201171875 774.1097761426084 1922
440 0.1 9.43798828125 0.0 127300.77587890625 0.6201171875 774.1097761426084 1922
450 0 0 0 127300.77587890625 0.6201171875 773.7121309071111 1923
460 0 0 0 127300.77587890625 0.6201171875 773.7121309071111 1923
470 0 0 0 127300.77587890625 0.6201171875 773.7121309071111 1923
480 0 0 0 127300.77587890625 0.6201171875 773.7121309071111 1923
490 0 0 0 127300.77587890625 0.6201171875 773.7121309071111 1923
500 0 0 0 127300.77587890625 0.6201171875 773.7121309071111 1923
502 0 0 0 127300.77587890625 0.6201171875 773.7121309071111 1923
