0 0.1 5.72412109375 0 5.72412109375 5.72412109375 0 0
10 0.5 27.248046875 19.46929185275532 55.615966796875 5.72412109375 5.72412109375 1
20 0.3 8.489339192708334 1.637014155510057 55.615966796875 5.72412109375 23.660725911458332 6
30 0.3 16.06103515625 13.968888490461154 55.615966796875 5.72412109375 18.603597005208332 9
40 0.6 11.5086669921875 7.267636222097968 55.615966796875 5.56689453125 17.96795654296875 12
50 0.5 109.700634765625 200.4818654940312 510.5830078125 5.56689453125 15.814860026041666 18
60 1.1 24.25162020596591 22.81502500298015 510.5830078125 5.26904296875 36.22481105638587 23
70 1 18.6893310546875 11.769069280588251 510.5830078125 5.26904296875 32.35113166360294 34
80 0.6 28.442911783854168 27.816772717949558 510.5830078125 5.26904296875 29.246176979758523 44
90 1 14.5109375 9.294040291234642 510.5830078125 5.26904296875 29.14978515625 50
100 1 39.721923828125 32.2790387361021 510.5830078125 5.26904296875 26.709977213541666 60
110 2.2 57.20066139914773 62.27044629345037 510.5830078125 5.26904296875 28.568826729910715 70
120 1.7 327.7803165211397 389.78531449255684 1228.533935546875 5.26904296875 35.41556980298913 92
130 1.6 730.2904968261719 234.14489022192527 1363.39306640625 5.26904296875 81.01374130948967 109
140 2.2 1889.0553977272727 1056.1878624793715 3004.857177734375 2.760009765625 164.121166015625 125
150 3.7 1156.7210330447635 1264.289940243065 3170.282958984375 0.742919921875 422.2745884486607 147
160 3.9 837.0975435697114 1113.5460811704831 3170.282958984375 0.73681640625 569.9621887207031 184
170 7.3 889.3854512253855 983.896787499019 3170.282958984375 0.7060546875 616.6809279095431 223
180 8.6 404.3011730105378 721.5031178638104 3170.282958984375 0.694091796875 683.9357596732475 296
190 11.9 430.2917152212448 707.8102743967204 3170.282958984375 0.676025390625 620.9813762884489 382
200 10 550.0893603515623 1093.8307390348466 6663.093994140625 0.676025390625 575.6878240589134 501
210 10.2 604.4351399739581 863.692274579036 6663.093994140625 0.676025390625 571.4285122939632 601
220 9.9 565.3593774660673 946.9406225258946 6663.093994140625 0.676025390625 576.2175251294675 703
230 8 632.3457153320312 1464.7254776349039 11132.448974609375 0.676025390625 574.8771802183994 802
240 8.8 666.5514914772725 897.849565156975 11132.448974609375 0.676025390625 580.089745761586 882
250 11.1 549.0659949500282 1134.187281272281 11132.448974609375 0.676025390625 587.9336979502256 970
260 8.6 1317.336624500364 5269.773804018464 35200.819091796875 0.676025390625 583.9426572166252 1081
270 9.8 472.93759964923487 688.9694089346331 35200.819091796875 0.676025390625 637.9888278990601 1167
280 8 1794.592797851561 8143.715007386011 65779.82592773438 0.676025390625 625.2022505326704 1265
290 8.5 397.88309397977935 636.4359884726116 65779.82592773438 0.6708984375 694.7570786259873 1345
300 9 913.3115912543403 3536.3443013076617 65779.82592773438 0.6708984375 677.1107228952687 1430
310 8.4 1261.2837815057665 7008.042995801027 65779.82592773438 0.662841796875 691.0963006270559 1520
320 5.2 550.2747567983774 568.4711029496256 65779.82592773438 0.662841796875 720.9564928925246 1604
330 1.5 443.89930013020836 627.2972700830293 65779.82592773438 0.662841796875 715.5969214692784 1656
340 2.1 6675.517624627976 26982.740909524025 127305.72290039063 0.662841796875 713.1579841143496 1671
350 4.9 430.2698650749363 703.1181384262004 127305.72290039063 0.662841796875 787.1589016384548 1692
360 7.2 2343.8369140625 15009.07413636066 128638.0498046875 0.662841796875 777.1143509252944 1741
370 5.8 889.1882618871227 683.4258623741554 128638.0498046875 0.662841796875 839.3338901122104 1813
380 3.4 1009.9659639246323 500.174218535557 128638.0498046875 0.662841796875 840.87934899139 1871
390 1.1 1314.4232954545455 293.75419228666414 128638.0498046875 0.662841796875 843.8971678405921 1905
400 0.4 818.7598266601563 129.3324689100304 128638.0498046875 0.662841796875 846.5985182600878 1916
410 0.1 297.593017578125 0.0 128638.0498046875 0.662841796875 846.5405209859213 1920
420 0.1 6.10009765625 0.0 128638.0498046875 0.662841796875 846.2547596619193 1921
430 0 0 0 128638.0498046875 0.662841796875 845.8176344475562 1922
440 0.1 9.86083984375 0.0 128638.0498046875 0.662841796875 845.8176344475562 1922
450 0 0 0 128638.0498046875 0.662841796875 845.3829195257654 1923
460 0 0 0 128638.0498046875 0.662841796875 845.3829195257654 1923
470 0 0 0 128638.0498046875 0.662841796875 845.3829195257654 1923
480 0 0 0 128638.0498046875 0.662841796875 845.3829195257654 1923
490 0 0 0 128638.0498046875 0.662841796875 845.3829195257654 1923
500 0 0 0 128638.0498046875 0.662841796875 845.3829195257654 1923
502 0 0 0 128638.0498046875 0.662841796875 845.3829195257654 1923
