0 0.2 7.9444580078125 0.1405029296875 8.0849609375 7.803955078125 0 0
10 0.5 13.6892578125 7.524433721102037 25.7001953125 7.696044921875 7.9444580078125 2
20 0.3 20.866129557291668 19.049605351810406 47.80615234375 7.30908203125 12.047886439732142 7
30 0.7 28.088518415178573 48.489002988083165 146.81884765625 7.30908203125 14.693359375 10
40 0.8 16.7471923828125 13.946266589932286 146.81884765625 7.30908203125 20.20901309742647 17
50 0.8 15.040130615234373 15.573195047529062 146.81884765625 6.10888671875 19.10123046875 25
60 0.6 30.518229166666668 39.873154590934675 146.81884765625 6.10888671875 18.116721413352273 33
70 0.9 13.290093315972221 8.568646719716732 146.81884765625 6.10595703125 20.02464568309295 39
80 1 29.5421142578125 31.086354955701736 146.81884765625 6.056884765625 18.761917114257813 48
90 0.9 26.233289930555557 22.02956149290296 146.81884765625 6.056884765625 20.620571794181036 58
100 2.1 44.55209495907738 83.5458171252825 398.58203125 5.99609375 21.37451900652985 67
110 2.3 101.27584706182066 82.5138592127662 398.58203125 5.99609375 26.90553144975142 88
120 1.9 316.11619808799344 392.46970833946835 1070.09619140625 5.99609375 42.315596846846844 111
130 2.6 1268.765164888822 639.8481366707035 2458.428955078125 5.99609375 82.33260779747596 130
140 2.7 2358.527208116319 733.4327268190998 3026.817138671875 0.79296875 280.0713673127003 156
150 3.9 1635.576384715545 1240.6011492061305 3150.7509765625 0.72607421875 586.7287864476605 183
160 6.8 914.1713795381432 1125.2687119487625 3150.7509765625 0.69287109375 770.9857969541807 222
170 9.1 583.5895942436467 876.5590214059073 3150.7509765625 0.672119140625 804.5603473531788 290
180 10.2 650.272559072457 827.7916684291205 3150.7509765625 0.672119140625 751.7825559280674 381
190 13.8 525.2389340608015 784.2606948394789 3150.7509765625 0.6591796875 730.3456621821622 483
200 8 649.2446258544921 800.9481410424467 3150.7509765625 0.6591796875 684.7663892663043 621
210 10.2 626.6657475490194 1585.5268782614407 13924.1611328125 0.6591796875 680.712550360534 701
220 9.4 995.677716194315 2422.2447859885956 13924.1611328125 0.6591796875 673.8473275874649 803
230 8.8 696.7900446111506 2143.6242646956875 19511.77001953125 0.6591796875 707.5731431159419 897
240 9 444.0686387803819 794.8462580044331 19511.77001953125 0.6591796875 706.6097800007931 985
250 9.5 599.2244757401314 1092.1076762921998 19511.77001953125 0.6591796875 684.6295914335028 1075
260 10.1 578.1037500966893 813.6307847282558 19511.77001953125 0.6591796875 677.6949880225026 1170
270 8.3 1302.9688647166788 6927.07637765735 63416.39013671875 0.6591796875 669.7809714760768 1271
280 7.6 813.564543071546 2088.8667029740977 63416.39013671875 0.6591796875 708.5952958032334 1354
290 10 759.2333715820314 1894.4102888339855 63416.39013671875 0.6591796875 714.1740809727381 1430
300 8.2 530.5942650771723 982.7267346933893 63416.39013671875 0.620849609375 717.1191326465482 1530
310 6 861.462646484375 1219.1590199264208 63416.39013671875 0.620849609375 707.6308949662201 1612
320 1.1 670.2367276278409 508.00376723797075 63416.39013671875 0.620849609375 713.1511731307472 1672
330 1 352.2710205078125 526.4064864130806 63416.39013671875 0.620849609375 712.8706865588329 1683
340 4.1 658.862411871189 745.4740361772646 63416.39013671875 0.620849609375 710.7407416914316 1693
350 8.4 780.0025489443826 799.4159917804457 63416.39013671875 0.620849609375 709.5140914477004 1734
360 5.7 993.2732875890899 834.3906934960276 63416.39013671875 0.620849609375 712.7709838732897 1818
370 3.6 836.4047919379341 755.4257597027487 63416.39013671875 0.620849609375 721.29825390625 1875
380 0.9 1186.5706651475693 466.2985208127231 63416.39013671875 0.620849609375 723.4666659256852 1911
390 0.1 1783.196044921875 0.0 63416.39013671875 0.620849609375 725.6374659220378 1920
400 0 0 0 63416.39013671875 0.620849609375 726.187990950148 1921
410 0 0 0 63416.39013671875 0.620849609375 726.187990950148 1921
420 0.1 6.833984375 0.0 63416.39013671875 0.620849609375 726.187990950148 1921
430 0.1 7.97509765625 0.0 63416.39013671875 0.620849609375 725.81371727347 1922
440 0 0 0 63416.39013671875 0.620849609375 725.4404262596286 1923
450 0 0 0 63416.39013671875 0.620849609375 725.4404262596286 1923
460 0 0 0 63416.39013671875 0.620849609375 725.4404262596286 1923
470 0 0 0 63416.39013671875 0.620849609375 725.4404262596286 1923
480 0 0 0 63416.39013671875 0.620849609375 725.4404262596286 1923
490 0 0 0 63416.39013671875 0.620849609375 725.4404262596286 1923
500 0 0 0 63416.39013671875 0.620849609375 725.4404262596286 1923
502 0 0 0 63416.39013671875 0.620849609375 725.4404262596286 1923
