30 0.8 37.498870849609375 27.789988378988696 80.075927734375 6.6650390625 0 0
40 2.4 17.997568766276043 7.380633348616151 80.075927734375 6.64013671875 37.498870849609375 8
50 0.8 12.848907470703125 5.481946656787557 80.075927734375 6.64013671875 22.872894287109375 32
60 2.4 37.666168212890625 43.75749146149059 234.52392578125 6.64013671875 20.868096923828126 40
70 3.2 16.862205505371097 7.81575694951324 234.52392578125 6.56591796875 27.167373657226563 64
80 0.8 75.01998901367188 51.05356588283571 234.52392578125 6.56591796875 23.732317606608074 96
90 4 22.741101074218747 22.241011486977325 234.52392578125 6.493896484375 27.677523099459133 104
100 0 0 0 234.52392578125 6.493896484375 26.306294759114582 144
110 3.2 70.05895233154297 64.45055962838188 344.138916015625 6.493896484375 26.306294759114582 144
120 1.7 299.7359260110294 327.9450232017978 1236.718994140625 6.493896484375 34.261323408647016 176
130 0.7 836.7716936383929 310.47757201549865 1407.29296875 6.493896484375 57.64509669486723 193
140 0.6 1218.2388916015625 1233.6307822876138 2826.72802734375 0.14013671875 84.91452758789063 200
150 2.1 709.8782087053571 1127.8773761710415 3022.096923828125 0.119140625 117.92397508343447 206
160 8.8 503.4015891335229 931.3662481283268 3022.096923828125 0.118896484375 172.68626101321587 227
170 20.8 323.5028275709887 719.1419358356239 3022.096923828125 0.112060546875 265.0765749007937 315
180 14.6 335.73389340753425 685.751918733883 3022.096923828125 0.112060546875 288.3130195573913 523
190 15.1 395.885488345923 766.703794009212 3727.701904296875 0.112060546875 298.6619696054046 669
200 10.6 947.7274354178948 1691.612128574546 7092.6650390625 0.112060546875 316.56532488567075 820
210 15.4 1365.4467551491473 2027.9806171014436 10262.155029296875 0.112060546875 388.8149833267245 926
220 10 1231.6198754882819 2009.432094733057 10262.155029296875 0.112060546875 528.0754396791812 1080
230 19.2 991.04557800293 2903.424649579962 35559.06787109375 0.112060546875 587.6978494935116 1180
240 17.8 962.7988569281074 3414.9049115488538 36128.201171875 0.109130859375 644.1430126668413 1372
250 17.2 1255.5975753429327 2555.9773453991206 36128.201171875 0.067138671875 680.7370386529738 1550
260 22.3 1680.7196050395885 2974.893781166183 36128.201171875 0.067138671875 738.1563257091137 1722
270 39 1748.013912259616 3725.61110586708 36128.201171875 0.050048828125 846.2239921824792 1945
280 35 1517.6824204799113 3819.048300648608 65837.44287109375 0.050048828125 996.8441501396882 2335
290 35.4 1929.0476081115387 6949.134917519724 66088.28979492188 0.050048828125 1064.737406981058 2685
300 27.2 1790.705480238971 6929.772944821047 66121.74389648438 0.050048828125 1165.417173746504 3039
310 52.4 478.9082031249998 838.2777787764203 66121.74389648438 0.050048828125 1216.7848630747887 3311
320 33 334.341515743371 510.03014780103797 66121.74389648438 0.050048828125 1115.9641669043351 3835
330 24.9 1972.5390850511428 12609.657119277854 127351.130859375 0.050048828125 1054.0348812181123 4165
340 31 794.638969569053 7219.312675819948 127351.130859375 0.050048828125 1105.8490059925628 4414
350 23.5 904.2385108460772 8286.959751920564 127351.130859375 0.050048828125 1085.4266708335263 4724
360 20.6 1044.8489338402615 8848.631710771597 127351.130859375 0.050048828125 1076.8404200577547 4959
370 9.5 816.9851331208881 749.4940437941136 127351.130859375 0.050048828125 1075.564476948209 5165
380 13.5 599.9215151186345 631.1839123276288 127351.130859375 0.050048828125 1070.8943176965747 5260
390 11 1106.8084849964494 338.0763274917774 127351.130859375 0.050048828125 1059.1090853799813 5395
400 18 748.6621039496531 177.59525071313345 127351.130859375 0.050048828125 1060.0622068982032 5505
410 15.6 301.60888984875817 206.60219216493726 127351.130859375 0.050048828125 1050.2025730317582 5685
420 6.4 10.648693084716797 8.577681082262618 127351.130859375 0.050048828125 1030.209315956506 5841
430 6.3 13.309237041170634 11.657553928407266 127351.130859375 0.050048828125 1019.1590399423156 5905
440 0.5 3.54140625 0.253066689639129 127351.130859375 0.050048828125 1008.5409873982854 5968
450 3.5 8.539522879464284 5.226602459032099 127351.130859375 0.050048828125 1007.6997019628692 5973
460 0 0 0 127351.130859375 0.050048828125 1001.879028482856 6008
470 0 0 0 127351.130859375 0.050048828125 1001.879028482856 6008
480 0 0 0 127351.130859375 0.050048828125 1001.879028482856 6008
490 0 0 0 127351.130859375 0.050048828125 1001.879028482856 6008
500 0.8 14.060882568359375 7.537828824730958 127351.130859375 0.050048828125 1001.879028482856 6008
502 0 0 0 127351.130859375 0.050048828125 1000.5654405228634 6016
