30 0.8 20.30926513671875 14.80368815738071 47.2919921875 4.569091796875 0 0
40 2.4 11.131622314453125 10.14561735757686 47.2919921875 4.55517578125 20.30926513671875 8
50 0.8 18.26129150390625 10.61544967036479 47.2919921875 4.55517578125 13.426033020019531 32
60 2.4 22.152923583984375 25.302834845162714 126.762939453125 4.514892578125 14.393084716796874 40
70 3.2 14.814811706542969 13.830601248632027 126.762939453125 4.514892578125 17.303024291992188 64
80 0.9 47.409423828125 22.810595344623845 126.762939453125 4.514892578125 16.47362009684245 96
90 3.9 10.89974584334936 8.95547436645657 126.762939453125 4.44287109375 19.125260416666666 105
100 0.1 518.717041015625 0.0 518.717041015625 4.44287109375 16.89751688639323 144
110 3.1 53.976452242943544 60.18644653314437 518.717041015625 4.44287109375 20.35834119073276 145
120 1.8 278.13616265190973 290.4736763457669 1040.213134765625 4.44287109375 26.279713023792613 176
130 0.7 956.1296037946429 630.0310784599848 2421.093017578125 4.44287109375 49.64783721609214 194
140 0.6 1053.2548014322917 1053.009664940803 2421.093017578125 0.717041015625 81.21685396260884 201
150 2.3 1056.2990085767663 1327.288750994078 3095.467041015625 0.717041015625 109.39186693274456 207
160 8.8 634.0694968483664 1007.5715346743624 3095.467041015625 0.674072265625 204.08258109714674 230
170 21.1 390.9663722323017 761.4532686798963 3095.467041015625 0.674072265625 323.07267099056605 318
180 14.7 515.7304637675383 798.7413531989602 3095.467041015625 0.674072265625 350.1531453988954 529
190 15.5 417.3851278981856 762.1437910579249 4162.906005859375 0.674072265625 386.15886403823043 676
200 10.9 821.9804441119552 1572.6708342746833 7659.447998046875 0.674072265625 391.9832574176445 831
210 16.1 793.8118509802017 1283.1392667112889 8475.7490234375 0.674072265625 441.84463332155923 940
220 9.9 819.2391394412883 1291.2996716473858 8475.7490234375 0.674072265625 493.3130457130591 1101
230 20.5 208.24854944740855 547.09062359702 8475.7490234375 0.674072265625 520.201948445638 1200
240 18.1 348.53214563190613 866.1708482479189 8475.7490234375 0.674072265625 474.6856162074622 1405
250 17.9 623.4291923991796 1158.0275561214803 8475.7490234375 0.674072265625 460.28853034732623 1586
260 26.8 461.99629507491846 954.6279638607573 8475.7490234375 0.674072265625 476.83367397751414 1765
270 37.2 275.7716451665405 587.4127396918848 8475.7490234375 0.674072265625 474.8777381457898 2033
280 33 293.45734789299246 602.6392609402408 8475.7490234375 0.674072265625 444.0804547410993 2405
290 35.3 267.09008858224155 583.4336939456016 8475.7490234375 0.674072265625 425.90655153821984 2735
300 27.5 435.58067560369324 805.1612204237282 8475.7490234375 0.674072265625 407.7516903259594 3088
310 49.2 291.82651377111927 534.9338684008281 8475.7490234375 0.6728515625 410.0273284322266 3363
320 32.4 386.63017442491326 526.5543778069587 8475.7490234375 0.6728515625 394.941776989097 3855
330 25.3 1551.7643801723077 11246.485813536587 127351.36279296875 0.6728515625 394.29737420594415 4179
340 30.5 451.2024694223873 658.3018949966912 127351.36279296875 0.6728515625 460.3711902053778 4432
350 23.3 432.831676041108 699.6949944325536 127351.36279296875 0.6728515625 459.7808461397641 4737
360 20.4 441.28767424938735 731.9916304098408 127351.36279296875 0.6728515625 458.51743434238244 4970
370 9.5 869.5826120476974 720.9541303198395 127351.36279296875 0.6728515625 457.8381009332268 5174
380 13.7 620.538050296533 634.8076997926031 127351.36279296875 0.6728515625 465.26184899849056 5269
390 11.6 1112.5919820851288 347.3563304413655 127351.36279296875 0.6728515625 469.19689146571807 5406
400 16.9 759.970583221616 164.687380489982 127351.36279296875 0.6728515625 482.7126159336376 5522
410 15 306.37752278645826 218.92014112059965 127351.36279296875 0.6728515625 490.9460716482165 5691
420 6.4 10.49477005004883 7.871650804089988 127351.36279296875 0.6728515625 486.20625272521295 5841
430 6.3 12.817568824404763 10.647451959498962 127351.36279296875 0.6728515625 481.0503619731028 5905
440 0.5 13.880615234375 15.830302748595502 127351.36279296875 0.6728515625 476.1075560132556 5968
450 3.5 7.255908203125 6.378213187490698 127351.36279296875 0.6728515625 475.7206257095733 5973
460 0 0 0 127351.36279296875 0.6728515625 472.9915536202381 6008
470 0 0 0 127351.36279296875 0.6728515625 472.9915536202381 6008
480 0 0 0 127351.36279296875 0.6728515625 472.9915536202381 6008
490 0 0 0 127351.36279296875 0.6728515625 472.9915536202381 6008
500 0.8 6.03912353515625 2.642009258715672 127351.36279296875 0.6728515625 472.9915536202381 6008
502 0 0 0 127351.36279296875 0.6728515625 472.37060623980585 6016
