20 0.1 7.337158203125 0 7.337158203125 7.337158203125 0 0
30 0.3 7.764322916666667 0.40828728708160056 8.06201171875 7.18701171875 7.337158203125 1
40 0.1 8.47119140625 0.0 8.47119140625 7.18701171875 7.65753173828125 4
50 0.5 126.31064453125 205.0162962147625 535.783935546875 7.074951171875 7.820263671875 5
60 0.4 36.8204345703125 25.152795272746083 535.783935546875 7.074951171875 67.0654541015625 10
70 0.1 28.68310546875 0.0 535.783935546875 7.074951171875 58.424019949776785 14
80 0.3 20.765787760416668 9.415656611614617 535.783935546875 7.074951171875 56.44129231770833 15
90 0.1 11.181884765625 0.0 535.783935546875 7.074951171875 50.49537489149306 18
100 0.6 83.51802571614583 124.05691269204061 535.783935546875 6.93408203125 48.42624383223684 19
110 0.5 84.06484375 71.17031107880771 535.783935546875 6.93408203125 56.848271484375 25
120 0.5 536.78564453125 409.9053499943772 997.698974609375 6.93408203125 61.38436686197917 30
130 0.5 997.55908203125 515.3929272657238 1948.0771484375 6.93408203125 129.29883510044644 35
140 1.4 2075.7485700334823 883.1854514696497 2951.81591796875 0.847900390625 237.83136596679688 40
150 1.4 1588.1397530691963 1183.7938213778764 2951.81591796875 0.847900390625 714.3284188729746 54
160 3.1 515.5390624999999 952.5589723983505 2951.81591796875 0.697021484375 894.2307523839614 68
170 2.9 776.8749579067888 925.5099073102718 2951.81591796875 0.696044921875 775.6505262586805 99
180 3.6 429.90536838107647 724.2032699762392 2951.81591796875 0.696044921875 775.9279365539551 128
190 4.1 401.0377882050305 694.4728290566529 2951.81591796875 0.68701171875 699.9717630525914 164
200 4.1 182.74434308307926 469.06498503102716 2951.81591796875 0.68701171875 640.1849680830793 205
210 3 518.385791015625 740.8573662965141 2951.81591796875 0.68701171875 563.9448639164126 246
220 3.2 557.7772750854493 829.348340741334 2951.81591796875 0.68701171875 558.9927907750226 276
230 4.3 366.362060546875 655.9502223537766 2951.81591796875 0.68701171875 558.8665034306514 308
240 2.8 665.1016148158482 894.8737262210618 2951.81591796875 0.68701171875 535.2833380631232 351
250 4.1 576.3839617473321 753.6567418934471 2951.81591796875 0.68701171875 544.8741342348285 379
260 4.2 502.5422944568451 685.4947835955068 2951.81591796875 0.68701171875 547.9500935872396 420
270 3.4 2168.115873448989 11189.041741247604 66387.05493164063 0.68701171875 543.8221118481129 462
280 4.1 355.4894304973323 618.1417715179372 66387.05493164063 0.672119140625 655.1648293772051 496
290 4.1 445.2877762957317 677.0255173758453 66387.05493164063 0.672119140625 632.2845847699896 537
300 3.1 457.1045394405242 702.3645454105258 66387.05493164063 0.672119140625 619.0201052761408 578
310 4.6 490.7058742357337 593.0311433759905 66387.05493164063 0.672119140625 610.7780978198123 609
320 1.3 680.8564640925481 533.7825519655378 66387.05493164063 0.672119140625 602.3455447131441 655
330 1 757.42451171875 627.9052953090386 66387.05493164063 0.672119140625 603.8734518268152 668
340 1.2 579.0512084960938 683.7352765534387 66387.05493164063 0.672119140625 606.1382167219765 678
350 2 720.5171630859376 793.2174137334051 66387.05493164063 0.672119140625 605.667138318048 690
360 2.6 576.5814678485577 736.8140458237236 66387.05493164063 0.672119140625 608.9023502833406 710
370 2 696.922900390625 713.125431767155 66387.05493164063 0.66015625 607.760579979938 736
380 1.4 1184.8128836495537 133.34182932398417 66387.05493164063 0.66015625 610.1193715251943 756
390 0.6 853.1949869791666 692.1225913939758 66387.05493164063 0.66015625 620.5683444729099 770
400 0.3 976.9366048177084 65.64911827287156 66387.05493164063 0.66015625 622.367004079917 776
410 0.1 543.47314453125 0.0 66387.05493164063 0.66015625 623.7324839287147 779
420 0.1 28.63916015625 0.0 66387.05493164063 0.66015625 623.6295873397436 780
430 0.1 12.6650390625 0.0 66387.05493164063 0.66015625 622.8677558068582 781
440 0 0 0 66387.05493164063 0.66015625 622.0874454273898 782
450 0 0 0 66387.05493164063 0.66015625 622.0874454273898 782
460 0 0 0 66387.05493164063 0.66015625 622.0874454273898 782
470 0 0 0 66387.05493164063 0.66015625 622.0874454273898 782
480 0 0 0 66387.05493164063 0.66015625 622.0874454273898 782
490 0 0 0 66387.05493164063 0.66015625 622.0874454273898 782
500 0 0 0 66387.05493164063 0.66015625 622.0874454273898 782
502 0 0 0 66387.05493164063 0.66015625 622.0874454273898 782
