20 0.1 28.405029296875 0 28.405029296875 28.405029296875 0 0
30 0.2 28.348876953125 0.155029296875 28.50390625 28.19384765625 28.405029296875 1
40 0.3 61.560302734375 24.0688388261499 86.52099609375 28.19384765625 28.367594401041668 3
50 0.3 67.821044921875 56.19172603448561 147.2880859375 28.0029296875 44.963948567708336 6
60 0.2 167.49951171875 22.474609375 189.97412109375 28.0029296875 52.582980685763886 9
70 0.3 69.07503255208333 53.54130968242041 189.97412109375 28.0029296875 73.4768954190341 11
80 0.4 60.0377197265625 32.67603769355649 189.97412109375 26.708984375 72.53363909040179 14
90 0.5 73.1720703125 42.40042147303225 189.97412109375 26.708984375 69.75676812065973 18
100 0.3 55.357666015625 19.2860913136588 189.97412109375 26.708984375 70.49922511888587 23
110 0.4 132.68304443359375 93.46973317077438 290.574951171875 26.708984375 68.7521221454327 26
120 0.5 558.880810546875 424.28996697110904 1109.10400390625 26.708984375 77.2762451171875 30
130 0.8 1172.599853515625 583.9856759842635 2296.788818359375 26.708984375 146.07689732142856 35
140 0.7 2249.303152901786 972.0879959325318 3258.533203125 26.708984375 337.05791242732556 43
150 1.1 514.8627707741477 1098.053134791289 3258.533203125 0.765869140625 604.77224609375 50
160 1.5 618.101025390625 1025.2184330792898 3258.533203125 0.72802734375 588.5590620197233 61
170 2.2 886.8315318714489 972.8144524615941 3258.533203125 0.72802734375 594.3897126850329 76
180 3.2 416.07173919677734 786.6587054112358 3258.533203125 0.68798828125 660.0399169921875 98
190 4.4 467.27286044034093 760.185780319534 3258.533203125 0.68017578125 599.9862116887019 130
200 4.5 697.4273708767361 1109.8069460972852 6127.240966796875 0.68017578125 566.426513671875 174
210 4.6 560.9368312669837 858.4698145902623 6127.240966796875 0.68017578125 593.3444980290383 219
220 5.2 396.42927903395434 732.1040678980021 6127.240966796875 0.68017578125 587.7190162514742 265
230 7.1 632.279599471831 789.560783762386 6127.240966796875 0.68017578125 556.3402580959189 317
240 5.4 558.2386655454281 898.2452525251438 6127.240966796875 0.68017578125 570.2363746879028 388
250 5.1 407.8602797564337 665.3554014294211 6127.240966796875 0.68017578125 568.7705912180077 442
260 6.3 401.1634812127975 636.8146275066017 6127.240966796875 0.68017578125 552.1246969288793 493
270 4.8 2585.4850413004565 10683.097307937369 66343.26611328125 0.68017578125 535.0193793207621 556
280 5.7 383.77838884320175 670.6674835836372 66343.26611328125 0.68017578125 697.9702928555722 604
290 6.2 481.9537392893145 686.443355979218 66343.26611328125 0.658203125 670.8765885761394 661
300 4.4 2426.28213223544 12879.880728271964 86754.71606445313 0.658203125 654.6757356635762 723
310 4.4 366.2402510209517 576.5639680450718 86754.71606445313 0.658203125 756.3063503300195 767
320 4.7 574.8082353307847 560.3354904274538 86754.71606445313 0.658203125 735.1437012922896 811
330 4.5 647.212820095486 608.5860208620917 86754.71606445313 0.658203125 726.3607561871722 858
340 2.6 723.8234299879807 718.9274153651446 86754.71606445313 0.658203125 722.4165068802776 903
350 2.3 637.2867378566576 774.1522086467629 86754.71606445313 0.658203125 722.4558825539054 929
360 2.3 780.8896484375 896.3685731965845 86754.71606445313 0.658203125 720.3982246463038 952
370 2.6 812.9018085186298 766.5801743329184 86754.71606445313 0.658203125 721.8252018229167 975
380 3.9 856.6833245693109 613.238681630814 86754.71606445313 0.658203125 724.1908279708573 1001
390 2.9 981.6818089978449 483.63290002689 86754.71606445313 0.658203125 729.1592965932992 1040
400 1.7 859.1988022748162 159.63907872260904 86754.71606445313 0.658203125 736.0097669952935 1069
410 1.8 483.43226453993066 258.4306398337924 86754.71606445313 0.658203125 737.938140475728 1086
420 0.8 32.128143310546875 34.84405757751994 86754.71606445313 0.658203125 733.7885881506878 1104
430 0.7 46.16392299107143 30.886824658715703 86754.71606445313 0.658203125 728.7406712813344 1112
440 0.1 36.76513671875 0.0 86754.71606445313 0.658203125 724.4707541785356 1119
450 0 0 0 86754.71606445313 0.658203125 723.8567313058036 1120
460 0 0 0 86754.71606445313 0.658203125 723.8567313058036 1120
470 0.1 3.822021484375 0.0 86754.71606445313 0.658203125 723.8567313058036 1120
480 0 0 0 86754.71606445313 0.658203125 723.2144166672474 1121
490 0 0 0 86754.71606445313 0.658203125 723.2144166672474 1121
500 0 0 0 86754.71606445313 0.658203125 723.2144166672474 1121
502 0 0 0 86754.71606445313 0.658203125 723.2144166672474 1121
