0 1 10
10 0.8 18
20 1.1 29
30 1.1 40
40 1.9 59
50 1.4 73
60 1.5 88
70 1.7 105
80 1.3 118
90 4 158
100 4 198
110 3.9 237
120 7.2 309
130 7.6 385
140 6.6 451
150 15.1 602
160 16.6 768
170 14.4 912
180 31.6 1228
190 32.6 1554
200 30.3 1857
210 57.8 2435
220 67.9 3114
230 61 3724
240 10.2 3826
250 0 3826
260 0 3826
270 0 3826
280 0 3826
290 0 3826
300 0 3826
310 0 3826
320 0 3826
330 0 3826
340 0 3826
350 0 3826
360 0 3826
370 0 3826
380 0 3826
390 0 3826
400 0 3826
410 0 3826
420 0 3826
430 0 3826
440 0 3826
450 0 3826
460 0 3826
470 0 3826
480 0 3826
490 0 3826
500 0 3826
502 0 3826
