0 0.1 0.01171875 0 0.01171875 0.01171875 0 0
10 0.1 0.01171875 0.0 0.01171875 0.01171875 0.01171875 1
20 0.1 0.01171875 0.0 0.01171875 0.01171875 0.01171875 2
30 0.1 0.01171875 0.0 0.01171875 0.01171875 0.01171875 3
40 0.1 0.0 0.0 0.01171875 0.0 0.01171875 4
50 0.1 0.0 0.0 0.01171875 0.0 0.009375 5
60 0.1 0.0 0.0 0.01171875 0.0 0.0078125 6
70 0.1 0.0 0.0 0.01171875 0.0 0.006696428571428571 7
80 0.1 0.0 0.0 0.01171875 0.0 0.005859375 8
90 0.1 0.0 0.0 0.01171875 0.0 0.005208333333333333 9
100 0.1 0.0 0.0 0.01171875 0.0 0.0046875 10
110 0.1 0.0 0.0 0.01171875 0.0 0.004261363636363636 11
120 0.1 0.1484375 0.0 0.1484375 0.0 0.00390625 12
130 0.1 0.12890625 0.0 0.1484375 0.0 0.015024038461538462 13
140 0.1 0.109375 0.0 0.1484375 0.0 0.023158482142857144 14
150 0.1 0.08984375 0.0 0.1484375 0.0 0.02890625 15
160 0.1 0.078125 0.0 0.1484375 0.0 0.03271484375 16
170 0.1 0.05859375 0.0 0.1484375 0.0 0.035386029411764705 17
180 0.1 0.05078125 0.0 0.1484375 0.0 0.036675347222222224 18
190 0.1 0.12890625 0.0 0.1484375 0.0 0.03741776315789474 19
200 0.1 0.109375 0.0 0.1484375 0.0 0.0419921875 20
210 0.1 0.08984375 0.0 0.1484375 0.0 0.045200892857142856 21
220 0.1 0.078125 0.0 0.1484375 0.0 0.04723011363636364 22
230 0.1 0.05859375 0.0 0.1484375 0.0 0.04857336956521739 23
240 0.1 0.05078125 0.0 0.1484375 0.0 0.048990885416666664 24
250 0.1 0.05078125 0.0 0.1484375 0.0 0.0490625 25
260 0.1 0.12109375 0.0 0.1484375 0.0 0.04912860576923077 26
270 0.1 0.1015625 0.0 0.1484375 0.0 0.05179398148148148 27
280 0.1 0.078125 0.0 0.1484375 0.0 0.05357142857142857 28
290 0.1 0.0703125 0.0 0.1484375 0.0 0.05441810344827586 29
300 0.1 0.05859375 0.0 0.1484375 0.0 0.054947916666666666 30
310 0.1 0.05078125 0.0 0.1484375 0.0 0.05506552419354839 31
320 0.1 0.0390625 0.0 0.1484375 0.0 0.054931640625 32
330 0.1 0.0390625 0.0 0.1484375 0.0 0.054450757575757576 33
340 0.1 0.03125 0.0 0.1484375 0.0 0.053998161764705885 34
350 0.1 0.03125 0.0 0.1484375 0.0 0.053348214285714284 35
356 0.1 0.01953125 0.0 0.1484375 0.0 0.052734375 36
