0 2.084375 2.084375
10 16.6890625 18.7734375
20 53.3484375 72.121875
30 115.003125 187.125
40 113.9921875 301.1171875
50 149.2390625 450.35625
60 160.2859375 610.6421875
70 193.94609375 804.58828125
80 246.87890625 1051.4671875
90 244.215625 1295.6828125
100 266.15859375 1561.84140625
110 305.62890625 1867.4703125
120 302.34296875 2169.81328125
130 322.0203125 2491.83359375
140 419.64140625 2911.475
150 464.36484375 3375.83984375
160 731.99453125 4107.834375
170 775.99453125 4883.82890625
180 1111.94140625 5995.7703125
190 1191.99609375 7187.76640625
200 1124.765625 8312.53203125
210 1244.0671875 9556.59921875
220 1473.365625 11029.96484375
230 1576.17890625 12606.14375
240 1309.07578125 13915.21953125
250 1000.4671875 14915.68671875
260 917.81171875 15833.4984375
270 747.015625 16580.5140625
280 779.6359375 17360.15
290 332.35 17692.5
300 168.05703125 17860.55703125
310 155.80703125 18016.3640625
320 71.90546875 18088.26953125
330 81.3515625 18169.62109375
340 4.37265625 18173.99375
350 8.634375 18182.628125
356 0.59765625 18183.22578125
