20 0.4 24.9580078125 13.55863699745396 47.169189453125 11.18603515625 0 0
30 0.3 12.142659505208334 4.003579571223865 47.169189453125 9.117919921875 24.9580078125 4
40 0.4 109.4000244140625 84.57772777838659 250.161865234375 9.117919921875 19.465715680803573 7
50 0.4 36.40277099609375 27.809465455682293 250.161865234375 9.117919921875 52.16910067471591 11
60 0.5 70.74287109375 69.7898114846339 250.161865234375 9.117919921875 47.96474609375 15
70 0.7 57.553989955357146 69.52282767650377 250.161865234375 9.09521484375 53.65927734375 20
80 0.9 56.73027886284722 55.279351624890566 250.161865234375 9.09521484375 54.66901765046296 27
90 0.9 49.554117838541664 49.51489590367898 250.161865234375 9.09521484375 55.18433295355903 36
100 0.3 266.6951497395833 364.34747445859034 781.960205078125 8.80712890625 54.05828993055555 45
110 0.5 571.35517578125 460.0250180870568 1292.827880859375 8.80712890625 67.3480936686198 48
120 1.3 824.0490347055288 192.6689340632479 1292.827880859375 8.80712890625 114.89593160377359 53
130 0.7 2245.0778459821427 1116.449635164664 3663.48291015625 1.010986328125 254.5776034268466 66
140 1.1 1516.6516335227273 1663.6238036268212 3674.422119140625 0.739990234375 445.44748969927224 73
150 3.3 1227.3732392282197 1551.391848741412 3969.038818359375 0.735107421875 585.7242228190104 84
160 2.9 1232.687811489763 1366.9404659370493 3969.038818359375 0.735107421875 766.702150524172 117
170 6.6 1068.316617098721 1169.2572964968829 3969.038818359375 0.697998046875 859.2609461954195 146
180 5.1 545.8818646599264 934.5408020557157 3969.038818359375 0.68408203125 924.3443154389003 212
190 6.5 370.2615271935096 766.0037005566343 3969.038818359375 0.625 850.954258443738 263
200 9 450.73460557725696 923.0536757395912 4464.369140625 0.625 755.6950281654915 328
210 9.5 582.9727744654605 1374.010239029104 11321.277099609375 0.625 690.0336931584554 418
220 7.1 1132.9047920334508 3230.233444636837 19595.380126953125 0.625 670.2075971041971 513
230 7.9 491.7499783672866 716.9344862661836 19595.380126953125 0.625 726.4601670356647 584
240 6 559.2902954101563 721.1713663795746 19595.380126953125 0.625 698.4931913119816 663
250 2.5 880.42853515625 623.782592023038 19595.380126953125 0.625 686.9410837682617 723
260 1.6 886.9255523681641 515.4581791074717 19595.380126953125 0.625 693.4079103520849 748
270 0.5 988.870947265625 229.49723922208582 19595.380126953125 0.625 697.4606358393327 764
280 0.8 452.3791809082031 246.1284727743307 19595.380126953125 0.625 699.355371284237 769
290 0 0 0 19595.380126953125 0.625 696.812501885256 777
300 0.1 10.257080078125 0.0 19595.380126953125 0.625 696.812501885256 777
310 0 0 0 19595.380126953125 0.625 695.9300399034987 778
320 0 0 0 19595.380126953125 0.625 695.9300399034987 778
330 0 0 0 19595.380126953125 0.625 695.9300399034987 778
340 0 0 0 19595.380126953125 0.625 695.9300399034987 778
350 0 0 0 19595.380126953125 0.625 695.9300399034987 778
356 0 0 0 19595.380126953125 0.625 695.9300399034987 778
