0 0.1 7.915816935824652 0 7.915816935824652 7.915816935824652 0 0
10 0.1 2.1589793915603535 0.0 7.915816935824652 2.1589793915603535 7.915816935824652 1
20 0.1 1.6683022571148183 0.0 7.915816935824652 1.6683022571148183 5.037398163692503 2
30 0.1 1.5763546798029555 0.0 7.915816935824652 1.5763546798029555 3.9143661948332746 3
40 0.1 2.060843964671246 0.0 7.915816935824652 1.5763546798029555 3.329863316075695 4
50 0.1 2.24609375 0.0 7.915816935824652 1.5763546798029555 3.0760594457948054 5
60 0.1 2.2571148184494603 0.0 7.915816935824652 1.5763546798029555 2.9377318298290045 6
70 0.1 2.6548672566371683 0.0 7.915816935824652 1.5763546798029555 2.840500828203355 7
80 0.1 2.623906705539359 0.0 7.915816935824652 1.5763546798029555 2.8172966317575816 8
90 0.1 2.73972602739726 0.0 7.915816935824652 1.5763546798029555 2.795808862177779 9
100 0.1 3.3235581622678394 0.0 7.915816935824652 1.5763546798029555 2.7902005786997273 10
110 0.1 3.4648700673724733 0.0 7.915816935824652 1.5763546798029555 2.8386876317513736 11
120 0.1 3.1589338598223096 0.0 7.915816935824652 1.5763546798029555 2.890869501386465 12
130 0.1 4.0 0.0 7.915816935824652 1.5763546798029555 2.911489836650761 13
140 0.1 4.761904761904762 0.0 7.915816935824652 1.5763546798029555 2.989240562604278 14
150 0.1 5.202312138728324 0.0 7.915816935824652 1.5763546798029555 3.107418175890977 15
160 0.1 8.165225744476464 0.0 8.165225744476464 1.5763546798029555 3.238349048568311 16
170 0.1 9.85267034990792 0.0 9.85267034990792 1.5763546798029555 3.5281653247982026 17
180 0.1 11.497584541062803 0.0 11.497584541062803 1.5763546798029555 3.879526715082076 18
190 0.1 15.304182509505704 0.0 15.304182509505704 1.5763546798029555 4.280477126975799 19
200 0.1 17.437722419928825 0.0 17.437722419928825 1.5763546798029555 4.831662396102295 20
210 0.1 19.325432999088424 0.0 19.325432999088424 1.5763546798029555 5.431950968665463 21
220 0.1 15.427509293680297 0.0 19.325432999088424 1.5763546798029555 6.063472879139234 22
230 0.1 14.623069936421434 0.0 19.325432999088424 1.5763546798029555 6.470604897162758 23
240 0.1 15.033301617507137 0.0 19.325432999088424 1.5763546798029555 6.810290940465204 24
250 0.1 12.197392923649906 0.0 19.325432999088424 1.5763546798029555 7.1392113675468805 25
260 0.1 10.507246376811594 0.0 19.325432999088424 1.5763546798029555 7.333756812012382 26
270 0.1 7.714016933207903 0.0 19.325432999088424 1.5763546798029555 7.451293462560501 27
280 0.1 6.509433962264151 0.0 19.325432999088424 1.5763546798029555 7.460676443655052 28
290 0.1 6.529850746268656 0.0 19.325432999088424 1.5763546798029555 7.427874978779503 29
300 0.1 3.232125367286973 0.0 19.325432999088424 1.5763546798029555 7.397940837695809 30
310 0.1 2.2549019607843137 0.0 19.325432999088424 1.5763546798029555 7.263559693489072 31
320 0.1 1.2745098039215685 0.0 19.325432999088424 1.2745098039215685 7.1070391393420485 32
330 0.1 1.663405088062622 0.0 19.325432999088424 1.2745098039215685 6.930295826147488 33
