10 0.1 75 0 75 75 0 0
20 0.1 238.0 0.0 238 75 75.0 1
30 0.1 224.0 0.0 238 75 156.5 2
40 0.1 518.0 0.0 518 75 179.0 3
50 0.1 664.0 0.0 664 75 263.75 4
60 0.1 564.0 0.0 664 75 343.8 5
70 0.1 1057.0 0.0 1057 75 380.5 6
80 0.1 777.0 0.0 1057 75 477.14285714285717 7
90 0.1 902.0 0.0 1057 75 514.625 8
100 0.1 1229.0 0.0 1229 75 557.6666666666666 9
110 0.1 1318.0 0.0 1318 75 624.8 10
120 0.1 1377.0 0.0 1377 75 687.8181818181819 11
130 0.1 1618.0 0.0 1618 75 745.25 12
140 0.1 1725.0 0.0 1725 75 812.3846153846154 13
150 0.1 1955.0 0.0 1955 75 877.5714285714286 14
160 0.1 2666.0 0.0 2666 75 949.4 15
170 0.1 3639.0 0.0 3639 75 1056.6875 16
180 0.1 3728.0 0.0 3728 75 1208.5882352941176 17
190 0.1 4763.0 0.0 4763 75 1348.5555555555557 18
200 0.1 5914.0 0.0 5914 75 1528.2631578947369 19
210 0.1 5928.0 0.0 5928 75 1747.55 20
220 0.1 5468.0 0.0 5928 75 1946.6190476190477 21
230 0.1 7039.0 0.0 7039 75 2106.681818181818 22
240 0.1 5382.0 0.0 7039 75 2321.1304347826085 23
250 0.1 4908.0 0.0 7039 75 2448.6666666666665 24
260 0.1 4445.0 0.0 7039 75 2547.04 25
270 0.1 3882.0 0.0 7039 75 2620.0384615384614 26
280 0.1 3787.0 0.0 7039 75 2666.777777777778 27
290 0.1 3584.0 0.0 7039 75 2706.785714285714 28
300 0.1 846.0 0.0 7039 75 2737.0344827586205 29
310 0.1 568.0 0.0 7039 75 2674.0 30
320 0.1 181.0 0.0 7039 75 2606.064516129032 31
330 0.1 350.0 0.0 7039 75 2530.28125 32
