10 0.1 72 0 72 72 0 0
20 0.1 243.0 0.0 243 72 72.0 1
30 0.1 224.0 0.0 243 72 157.5 2
40 0.1 422.0 0.0 422 72 179.66666666666666 3
50 0.1 560.0 0.0 560 72 240.25 4
60 0.1 459.0 0.0 560 72 304.2 5
70 0.1 803.0 0.0 803 72 330.0 6
80 0.1 659.0 0.0 803 72 397.57142857142856 7
90 0.1 720.0 0.0 803 72 430.25 8
100 0.1 1006.0 0.0 1006 72 462.44444444444446 9
110 0.1 1127.0 0.0 1127 72 516.8 10
120 0.1 1154.0 0.0 1154 72 572.2727272727273 11
130 0.1 1362.0 0.0 1362 72 620.75 12
140 0.1 1487.0 0.0 1487 72 677.7692307692307 13
150 0.1 1757.0 0.0 1757 72 735.5714285714286 14
160 0.1 2637.0 0.0 2637 72 803.6666666666666 15
170 0.1 3586.0 0.0 3586 72 918.25 16
180 0.1 4041.0 0.0 4041 72 1075.1764705882354 17
190 0.1 5348.0 0.0 5348 72 1239.9444444444443 18
200 0.1 6598.0 0.0 6598 72 1456.157894736842 19
210 0.1 6903.0 0.0 6903 72 1713.25 20
220 0.1 6247.0 0.0 6903 72 1960.3809523809523 21
230 0.1 7038.0 0.0 7038 72 2155.2272727272725 22
240 0.1 5568.0 0.0 7038 72 2367.5217391304345 23
250 0.1 4723.0 0.0 7038 72 2500.8749999999995 24
260 0.1 3934.0 0.0 7038 72 2589.7599999999993 25
270 0.1 3230.0 0.0 7038 72 2641.461538461538 26
280 0.1 2920.0 0.0 7038 72 2663.2592592592587 27
290 0.1 2722.0 0.0 7038 72 2672.428571428571 28
300 0.1 942.0 0.0 7038 72 2674.1379310344823 29
310 0.1 623.0 0.0 7038 72 2616.3999999999996 30
320 0.1 189.0 0.0 7038 72 2552.096774193548 31
330 0.1 306.0 0.0 7038 72 2478.2499999999995 32
