0 13.01796875 13.01796875
10 71.08671875 84.1046875
20 80.8765625 164.98125
30 160.509375 325.490625
40 283.21015625 608.70078125
50 231.99921875 840.7
60 391.47890625 1232.17890625
70 309.1515625 1541.33046875
80 311.21171875 1852.5421875
90 425.08515625 2277.62734375
100 473.35859375 2750.9859375
110 418.390625 3169.3765625
120 544.87734375 3714.25390625
130 489.8984375 4204.15234375
140 576.69296875 4780.8453125
150 635.3765625 5416.221875
160 865.95234375 6282.17421875
170 955.9421875 7238.11640625
180 1002.30234375 8240.41875
190 1280.6296875 9521.0484375
200 1229.3875 10750.4359375
210 1214.96640625 11965.40234375
220 1344.50625 13309.90859375
230 1339.05 14648.95859375
240 1167.9265625 15816.88515625
250 1060.8828125 16877.76796875
260 962.80390625 17840.571875
270 923.35234375 18763.92421875
280 884.15234375 19648.0765625
290 472.88203125 20120.95859375
300 189.0671875 20310.02578125
310 78.909375 20388.93515625
320 130.75703125 20519.6921875
330 13.99609375 20533.68828125
