10 0.2 34.7135009765625 1.6234130859375 36.3369140625 33.090087890625 0 0
20 0.2 52.3760986328125 22.8519287109375 75.22802734375 29.524169921875 34.7135009765625 2
30 0.2 91.0379638671875 50.1719970703125 141.2099609375 29.524169921875 43.5447998046875 4
40 0.1 30.277099609375 0.0 141.2099609375 29.524169921875 59.3758544921875 6
50 0.3 37.760660807291664 12.009679177793855 141.2099609375 29.237060546875 55.21888950892857 7
60 0.1 120.64697265625 0.0 141.2099609375 29.237060546875 49.9814208984375 10
70 0.5 72.329150390625 22.245165475074252 141.2099609375 29.237060546875 56.40556196732955 11
80 0.3 50.967366536458336 23.05163824166272 141.2099609375 29.237060546875 61.381683349609375 16
90 0.2 51.6395263671875 17.3526611328125 141.2099609375 29.237060546875 59.73731753700658 19
100 0.6 349.8704833984375 302.6316234717395 858.093994140625 29.237060546875 58.966099330357146 21
110 0.7 945.7638811383929 553.7599580818978 1481.81103515625 29.237060546875 123.61151801215277 27
120 0.3 960.4313151041666 164.09153160830473 1481.81103515625 29.237060546875 292.87818100873164 34
130 0.5 1839.75458984375 444.45611240094144 2380.22998046875 29.237060546875 347.0041108002534 37
140 0.7 2848.088065011161 1255.6444570348017 3864.107177734375 0.81298828125 524.7125011625744 42
150 1 1026.2630859375 1565.4756192328277 3864.107177734375 0.81298828125 856.6232959980867 49
160 2.7 1420.726806640625 1627.122219990998 3962.857177734375 0.672119140625 885.3758027674788 59
170 2.7 1059.9415147569443 1229.3388803331727 3962.857177734375 0.672119140625 1053.451117936955 86
180 3.2 674.7201919555664 1189.4622339063712 3962.857177734375 0.635986328125 1055.0019207169523 113
190 4.6 685.9723696501359 1025.1179920347379 3962.857177734375 0.626953125 971.0776771282327 145
200 4.6 427.6397068189538 861.2688425058983 3962.857177734375 0.626953125 902.4135716623036 191
210 4.8 484.59461466471356 882.3761793680595 3962.857177734375 0.626953125 810.2633700471387 237
220 4 607.5281372070313 936.6130618035672 3962.857177734375 0.626953125 755.4138954564145 285
230 2.4 662.5661112467448 923.341945078419 3962.857177734375 0.626953125 737.2125713641827 325
240 1.5 730.42412109375 777.7668786641337 3962.857177734375 0.626953125 732.0792904392013 349
250 1.1 965.5641202059659 725.8531169028464 3962.857177734375 0.626953125 732.0110829112294 364
260 0.3 1533.3710123697917 36.61865440895563 3962.857177734375 0.626953125 738.8619720052084 375
270 0.5 1338.973046875 110.02035057458686 3962.857177734375 0.626953125 745.1675993096892 378
280 0.2 1001.1396484375 141.717529296875 3962.857177734375 0.626953125 752.9196286512729 383
290 0 0 0 3962.857177734375 0.626953125 754.2090832995129 385
300 0 0 0 3962.857177734375 0.626953125 754.2090832995129 385
310 0 0 0 3962.857177734375 0.626953125 754.2090832995129 385
320 0 0 0 3962.857177734375 0.626953125 754.2090832995129 385
330 0 0 0 3962.857177734375 0.626953125 754.2090832995129 385
