60 0.1 14.322998046875 0 14.322998046875 14.322998046875 0 0
70 0.1 71.072021484375 0.0 71.072021484375 14.322998046875 14.322998046875 1
80 0.1 42.52587890625 0.0 71.072021484375 14.322998046875 42.697509765625 2
90 0.1 450.5029296875 0.0 450.5029296875 14.322998046875 42.640299479166664 3
100 0.2 295.6044921875 258.341552734375 553.946044921875 14.322998046875 144.60595703125 4
110 0.1 1275.238037109375 0.0 1275.238037109375 14.322998046875 194.93880208333334 6
120 0.4 1314.7632446289063 235.02631327774105 1686.109130859375 14.322998046875 349.2672642299107 7
130 0.6 2499.2410481770835 547.7073494346621 3001.589111328125 14.322998046875 700.3567116477273 11
140 0.2 3198.3505859375 422.569580078125 3620.920166015625 14.322998046875 1335.2570657169117 17
150 0.4 19.29022216796875 24.040765993543964 3620.920166015625 0.68994140625 1531.3721731085527 19
160 0.5 1074.8802734375 1321.6625506461294 3620.920166015625 0.68994140625 1268.4013990319293 23
170 0.9 676.8634440104166 953.4377933134293 3620.920166015625 0.68896484375 1233.8440551757813 28
180 1.4 1332.7638113839287 1344.3430178655665 3620.920166015625 0.68603515625 1098.3622848923142 37
190 1.1 730.7205033735795 962.8078819811858 3620.920166015625 0.68603515625 1162.7078019684436 51
200 1.8 214.53526475694446 589.7010614277013 3620.920166015625 0.655029296875 1086.0648941532259 62
210 1.7 420.0247012867647 745.5559564997114 3620.920166015625 0.635986328125 889.9707275390625 80
220 1.5 1152.4637532552083 1332.293038571604 5010.613037109375 0.635986328125 807.6090528350516 97
230 2.2 420.6862681995739 766.3703419254717 5010.613037109375 0.6279296875 853.7949502127511 112
240 1.5 675.05693359375 721.4705693425171 5010.613037109375 0.6279296875 782.6875546583489 134
250 1.4 880.355974469866 561.23787941666 5010.613037109375 0.6279296875 771.8522572357383 149
260 0.5 922.56923828125 470.6299121786154 5010.613037109375 0.6279296875 781.1715949122892 163
270 0.9 1236.4354654947917 196.8792233021181 5010.613037109375 0.6279296875 785.3798581077939 168
280 0.3 693.79638671875 216.4862983954072 5010.613037109375 0.6279296875 808.3148889918785 177
290 0.2 6.5860595703125 1.7940673828125 5010.613037109375 0.6279296875 806.4062472873264 180
300 0 0 0 5010.613037109375 0.6279296875 797.6170144552713 182
310 0 0 0 5010.613037109375 0.6279296875 797.6170144552713 182
320 0 0 0 5010.613037109375 0.6279296875 797.6170144552713 182
330 0 0 0 5010.613037109375 0.6279296875 797.6170144552713 182
