50 0.1 13.427978515625 0 13.427978515625 13.427978515625 0 0
60 0 0 0 13.427978515625 13.427978515625 13.427978515625 1
70 0.1 35.885986328125 0.0 35.885986328125 13.427978515625 13.427978515625 1
80 0.2 40.8505859375 16.784423828125 57.635009765625 13.427978515625 24.656982421875 2
90 0.1 205.129150390625 0.0 205.129150390625 13.427978515625 32.7537841796875 4
100 0.3 16.612955729166668 8.224581218320909 205.129150390625 9.557861328125 67.228857421875 5
110 0.3 1146.9993489583333 395.1623141190535 1561.59619140625 9.557861328125 48.247894287109375 8
120 0.6 914.3246663411459 203.0786182338784 1561.59619140625 9.557861328125 347.90738192471593 11
130 0.2 1957.031005859375 167.885009765625 2124.916015625 9.557861328125 547.8193646599265 17
140 0.4 1801.6837768554688 1802.9733416780953 3723.867919921875 0.697021484375 696.1574321546053 19
150 0.5 1918.201025390625 1586.6678067909409 3723.867919921875 0.678955078125 888.4228834069294 23
160 0.9 1245.849392361111 1392.7011037392922 3723.867919921875 0.678955078125 1072.3118373325892 28
170 1.7 1105.090576171875 1293.9294777142038 3769.875 0.66796875 1114.5236750422298 37
180 0.9 8.505316840277779 12.140461754504093 3769.875 0.6640625 1111.5539957682292 54
190 1.3 296.1867863581731 686.9603000784153 3769.875 0.614013671875 953.9756130642362 63
200 1.6 259.4131469726562 661.8238485033613 3769.875 0.614013671875 841.459103232936 76
210 1.9 826.890406558388 870.7538997538871 3769.875 0.614013671875 740.2337195354959 92
220 1.8 386.7225477430556 715.0160135861361 3769.875 0.614013671875 755.066846143018 111
230 2.4 353.9094543457031 681.59935383137 3769.875 0.614013671875 703.6699672965116 129
240 1.1 633.2216574928977 693.8387914562143 3769.875 0.614013671875 648.8055731081495 153
250 1.1 837.5768599076705 641.0406021896389 3769.875 0.614013671875 647.7603104754193 164
260 0.4 1168.9220581054688 166.61253346931224 3769.875 0.614013671875 659.6916364397322 175
270 0 0 0 3769.875 0.614013671875 671.0710872032123 179
280 0.2 711.0885009765625 18.1414794921875 3769.875 0.614013671875 671.0710872032123 179
290 0.1 4.3828125 0.0 3769.875 0.614013671875 671.5132685708736 181
300 0 0 0 3769.875 0.614013671875 667.8477166144403 182
310 0 0 0 3769.875 0.614013671875 667.8477166144403 182
320 0 0 0 3769.875 0.614013671875 667.8477166144403 182
330 0 0 0 3769.875 0.614013671875 667.8477166144403 182
