10 0.3 11.571614583333334 3.8878938024353666 14.531982421875 6.078857421875 0 0
20 0.1 16.093017578125 0.0 16.093017578125 6.078857421875 11.571614583333334 3
30 0.5 27.478515625 10.043168990083778 45.02392578125 6.078857421875 12.70196533203125 4
40 0.4 12.40130615234375 3.3305613567077454 45.02392578125 6.078857421875 20.91115993923611 9
50 0.5 46.067626953125 47.365658260010875 133.199951171875 6.078857421875 18.292743389423077 13
60 0.6 25.117024739583332 14.303870616630498 133.199951171875 6.078857421875 26.00798882378472 18
70 0.4 23.895751953125 8.385767606930152 133.199951171875 6.078857421875 25.785247802734375 24
80 0.8 31.36846923828125 20.508836715099402 133.199951171875 5.720947265625 25.51531982421875 28
90 0.5 52.21982421875 50.720659326186805 148.85107421875 5.720947265625 26.816019694010418 36
100 0.8 52.123382568359375 66.21048551950236 222.488037109375 5.720947265625 29.91404463605183 41
110 0.4 1037.2797241210938 336.544814617475 1485.283935546875 5.720947265625 33.540058992346935 49
120 1.1 696.7719504616477 289.1057104900294 1485.283935546875 5.720947265625 109.29399598319576 53
130 1.1 2057.079989346591 629.9562085155083 3186.900146484375 5.720947265625 210.2667694091797 64
140 1.7 2881.413028492647 839.2188573508831 3867.836181640625 0.616943359375 481.1327083333333 75
150 3 1540.026700846354 1652.263666793265 3867.836181640625 0.59912109375 924.6627674932065 92
160 4.3 1084.5564589389535 1260.8816104054831 3867.836181640625 0.5859375 1075.9817674980789 122
170 5.6 612.6900285993303 1045.3649646354922 3867.836181640625 0.566162109375 1078.2163840553978 165
180 6.9 1014.9257034080616 1432.557732350703 3867.836181640625 0.56005859375 960.2549546185663 221
190 8.2 477.24492068407005 901.0853954310492 3867.836181640625 0.56005859375 973.2628224339978 290
200 8.7 786.2038518094469 945.679627624156 3867.836181640625 0.557861328125 863.9255430160031 372
210 8.2 650.0084288062117 981.5633887874034 4717.30615234375 0.557861328125 849.1939806304466 459
220 8.5 664.078394990809 874.2370048440497 4717.30615234375 0.557861328125 819.0031945868473 541
230 7 608.2590890066967 855.3075440247777 4717.30615234375 0.551025390625 797.9670796257238 626
240 3.6 927.2749091254341 664.2150089469561 4717.30615234375 0.551025390625 778.8872529830056 696
250 1.9 709.3439684416119 673.3321986303995 4717.30615234375 0.551025390625 786.1850065637807 732
260 1 1247.729833984375 169.4314130654033 4717.30615234375 0.551025390625 784.2409589947778 751
270 0.3 1056.18798828125 86.80293777881799 4717.30615234375 0.551025390625 790.3314829762443 761
280 0.1 985.73779296875 0.0 4717.30615234375 0.551025390625 791.375422133201 764
290 0 0 0 4717.30615234375 0.551025390625 791.6294905918096 765
300 0 0 0 4717.30615234375 0.551025390625 791.6294905918096 765
310 0 0 0 4717.30615234375 0.551025390625 791.6294905918096 765
320 0 0 0 4717.30615234375 0.551025390625 791.6294905918096 765
330 0 0 0 4717.30615234375 0.551025390625 791.6294905918096 765
