10 0.2 8.363525390625 0.427490234375 8.791015625 7.93603515625 0 0
20 0.1 8.805908203125 0.0 8.805908203125 7.93603515625 8.363525390625 2
30 0.2 155.5986328125 94.368408203125 249.967041015625 7.93603515625 8.510986328125 3
40 0.4 15.69354248046875 7.52765262006688 249.967041015625 7.93603515625 67.346044921875 5
50 0.6 16.28564453125 8.279513164939821 249.967041015625 7.93603515625 44.389377170138886 9
60 0.5 41.908447265625 22.987641346337696 249.967041015625 7.93603515625 33.147884114583334 15
70 0.4 20.0137939453125 7.392387152841903 249.967041015625 7.93603515625 35.33802490234375 20
80 0.7 37.343087332589285 24.440425265557348 249.967041015625 7.93603515625 32.78398640950521 24
90 0.7 108.45099748883929 113.17170886975678 361.427978515625 7.93603515625 33.813460811491936 31
100 0.3 15.233968098958334 4.636606830866273 361.427978515625 7.93603515625 47.56248072574013 38
110 0.5 677.609619140625 521.4828287641483 1288.18994140625 7.93603515625 45.196979801829265 41
120 0.9 889.5101182725695 279.5533899588106 1352.634033203125 7.93603515625 113.93748407778533 46
130 0.8 2033.4260559082031 1024.9968677836368 3247.115966796875 0.7841796875 240.84936967329546 55
140 1.3 2189.4772010216348 1234.3310787910066 3611.303955078125 0.7841796875 468.4781552269345 63
150 1.8 1652.9831678602432 1653.2173571712597 3611.303955078125 0.72802734375 762.8595709549753 76
160 3.3 1076.9130341500947 1380.4158269627105 3760.2080078125 0.72509765625 933.308770362367 94
170 4.6 820.1360977836277 1091.9379605308043 3760.2080078125 0.656982421875 970.6232641024852 127
180 5.9 864.9342392743644 1301.969424102032 3797.45703125 0.65087890625 930.6093354859104 173
190 6.8 744.6345250746782 1004.060075697673 3797.45703125 0.64990234375 913.9074791217672 232
200 8.8 461.7582896839489 831.7715263609344 3797.45703125 0.64208984375 875.5389428710937 300
210 8.2 438.7694121570122 788.9666460313632 3797.45703125 0.636962890625 781.6917844162774 388
220 8.7 673.6286817528736 853.8562807245985 3797.45703125 0.612060546875 721.8627747880652 470
230 8 520.9556091308594 816.9813365029262 3797.45703125 0.590087890625 714.328903883107 557
240 5.7 612.5817057291666 661.0444373261168 3797.45703125 0.590087890625 690.0434037572361 637
250 3.9 797.1333696414263 602.8904028294745 3797.45703125 0.590087890625 683.681275821213 694
260 1.8 966.9381510416666 523.8928599192194 3797.45703125 0.590087890625 689.7176082345668 733
270 0.9 1038.220675998264 581.6319297003303 3797.45703125 0.590087890625 696.3620420168941 751
280 0.4 818.134765625 185.6828119489607 3797.45703125 0.590087890625 700.4103679456209 760
290 0.1 267.157958984375 0.0 3797.45703125 0.590087890625 701.0267260486543 764
300 0 0 0 3797.45703125 0.590087890625 700.4595773335376 765
310 0 0 0 3797.45703125 0.590087890625 700.4595773335376 765
320 0 0 0 3797.45703125 0.590087890625 700.4595773335376 765
330 0 0 0 3797.45703125 0.590087890625 700.4595773335376 765
