30 0.8 13.429290771484375 5.200740463892138 22.81201171875 7.328125 0 0
40 1.6 17.100540161132813 7.144123512206038 34.30517578125 6.9970703125 13.429290771484375 8
50 0.8 13.523834228515625 4.992333889006635 34.30517578125 6.9970703125 15.876790364583334 24
60 2.8 29.90870012555803 26.024920253463485 117.666015625 6.9970703125 15.288551330566406 32
70 1.2 26.618855794270832 17.895865213717705 117.666015625 6.9970703125 22.111287434895832 60
80 0.8 22.766510009765625 13.624677543224342 117.666015625 6.9970703125 22.862548828125 72
90 1.6 72.03529357910156 42.40666230084644 155.121826171875 6.9970703125 22.852944946289064 80
100 1.6 60.99577331542969 121.84083762748254 523.7880859375 6.9970703125 31.050003051757813 96
110 0.1 647.016845703125 0.0 647.016845703125 6.9970703125 35.32797023228237 112
120 1.4 758.6958705357143 293.92728077648457 1298.18994140625 6.9970703125 40.74114612140487 113
130 1.2 844.1668497721354 999.7164427875433 2141.05810546875 0.123046875 119.88576141117126 127
140 0.8 3279.749786376953 292.5769610266823 3690.401123046875 0.123046875 182.41362515456385 139
150 3.4 904.9250416475184 1506.232390814287 3701.023193359375 0.12109375 350.976137329932 147
160 5.3 895.5473909198113 1332.5082674020148 3701.023193359375 0.1201171875 455.03283758848414 181
170 5.6 425.61756678989957 873.3738676254167 3701.023193359375 0.1201171875 554.8075013772035 234
180 10 199.08669921875008 683.9541058757261 3701.023193359375 0.118896484375 529.860479525862 290
190 14.1 363.7837450825575 784.0798950496843 3701.023193359375 0.118896484375 445.04668970352566 390
200 6.5 602.4108323317305 1095.9489824123227 5244.635986328125 0.118896484375 423.46839367422905 531
210 10.2 707.9879246132047 1657.6392634142333 8978.47705078125 0.118896484375 442.98392809157406 596
220 13.6 1320.2584982479314 2271.0142357176437 12890.133056640625 0.118896484375 481.70944047725646 698
230 39 430.86020132211524 1031.4921164046675 16189.178955078125 0.06689453125 618.4512532552081 834
240 18.4 410.8938293457031 629.467386114977 16189.178955078125 0.06689453125 558.6795945510364 1224
250 14.9 614.6912292890099 621.007542528878 16189.178955078125 0.06689453125 539.3666820526122 1408
260 11.6 923.8906397326239 502.6839106559338 16189.178955078125 0.06689453125 546.5750041709316 1557
270 11.7 992.4019451956464 351.4412237443125 16189.178955078125 0.06689453125 572.7367577424536 1673
280 17.9 625.9109295892979 139.1829375925619 16189.178955078125 0.06689453125 600.1673873134165 1790
290 8 168.9292724609375 111.57324990040887 16189.178955078125 0.06689453125 602.5077093384967 1969
300 1.6 8.183563232421875 6.592249949885168 16189.178955078125 0.06689453125 585.5793174643119 2049
310 0 0 0 16189.178955078125 0.06689453125 581.10554890852 2065
320 3.2 8.362831115722654 5.229426362760268 16189.178955078125 0.06689453125 581.10554890852 2065
330 0 0 0 16189.178955078125 0.06689453125 572.3655551224591 2097
