40 0.3 56.75830078125 20.9498307058509 86.305908203125 40.10107421875 0 0
50 0.2 87.2060546875 39.333984375 126.5400390625 40.10107421875 56.75830078125 3
60 0.2 66.6265869140625 23.7894287109375 126.5400390625 40.10107421875 68.93740234375 5
70 0.1 52.79296875 0.0 126.5400390625 40.10107421875 68.27716936383929 7
80 0.2 142.2054443359375 84.1014404296875 226.306884765625 40.10107421875 66.34164428710938 8
90 0.3 121.82633463541667 75.55792111766809 227.86083984375 40.10107421875 81.514404296875 10
100 0.4 186.2314453125 220.89463156709138 568.10498046875 38.779052734375 90.81715745192308 13
110 0.4 1139.1953125 340.88057141569135 1668.033935546875 38.779052734375 113.267578125 17
120 0.3 678.2010091145834 93.38522969284104 1668.033935546875 38.779052734375 308.68238467261904 21
130 0.5 2332.75439453125 629.6324266793376 3208.673095703125 38.779052734375 354.87221272786456 24
140 0.2 2128.448974609375 2127.791015625 4256.239990234375 0.657958984375 695.8863820043103 29
150 0.9 1894.9054633246528 1700.6891638248603 4256.239990234375 0.657958984375 788.3097750756049 31
160 0.4 1131.4207763671875 1145.824063036868 4256.239990234375 0.636962890625 1037.2938049316406 40
170 2.6 914.2455866887019 1291.830736531335 4256.239990234375 0.60205078125 1045.8508023348722 44
180 2.3 1445.9857124660325 1528.404073657822 4256.239990234375 0.60205078125 996.968865094866 70
190 2.4 771.4727681477865 1005.1725337950201 4256.239990234375 0.595947265625 1108.0160424017138 93
200 2.9 145.1783068426724 510.80444650713196 4256.239990234375 0.575927734375 1038.9815246060364 117
210 3.1 488.5339591733871 825.5846031584924 4256.239990234375 0.575927734375 861.4452690229024 146
220 4.1 492.554824456936 829.1701116502144 4256.239990234375 0.575927734375 796.1331187102754 177
230 2.9 655.7408152613147 844.9054068261611 4256.239990234375 0.575927734375 739.0381184149226 218
240 2.3 488.1919582201087 679.916373258313 4256.239990234375 0.575927734375 729.2582731053897 247
250 1.7 748.47900390625 632.2362472807764 4256.239990234375 0.575927734375 708.7229944299769 270
260 0.5 692.68681640625 582.8107356372216 4256.239990234375 0.575927734375 711.0778800087108 287
270 0.6 1362.148681640625 113.83114275941136 4256.239990234375 0.575927734375 710.762964536066 292
280 0.3 750.3756510416666 45.322262590265716 4256.239990234375 0.575927734375 723.8781132026006 298
290 0.1 17.72802734375 0.0 4256.239990234375 0.575927734375 724.1422082641195 301
300 0 0 0 4256.239990234375 0.575927734375 721.8030884597474 302
310 0 0 0 4256.239990234375 0.575927734375 721.8030884597474 302
320 0 0 0 4256.239990234375 0.575927734375 721.8030884597474 302
330 0 0 0 4256.239990234375 0.575927734375 721.8030884597474 302
