10 0.3 155.90193684895834 2.8584274662966305 159.443115234375 152.44287109375 0 0
20 0.1 314.0810546875 0.0 314.0810546875 152.44287109375 155.90193684895834 3
30 0.5 626.49033203125 485.5816360115095 1564.055908203125 152.44287109375 195.44671630859375 4
40 0.4 221.49261474609375 82.14559943436454 1564.055908203125 151.850830078125 434.91539171006946 9
50 0.5 682.560107421875 478.92526156169475 1564.055908203125 151.850830078125 369.2468449519231 13
60 0.6 320.8761393229167 121.45436548144586 1564.055908203125 151.850830078125 456.27830674913196 18
70 0.4 315.84124755859375 170.08156773367648 1564.055908203125 151.850830078125 422.4277648925781 24
80 0.8 274.7086181640625 107.41102536553879 1564.055908203125 151.850830078125 407.2011195591518 28
90 0.5 464.802783203125 278.0565454459126 1564.055908203125 151.850830078125 377.7583414713542 36
100 0.8 553.1937561035156 393.16904389268524 1564.055908203125 151.850830078125 388.3735172923018 41
110 0.6 1405.5503336588542 210.8509958984341 1651.65380859375 151.850830078125 415.2829440369898 49
120 1 1702.34423828125 309.3351748513523 2095.4931640625 151.850830078125 523.3121138139204 55
130 1.5 2729.5268717447916 523.164869823191 3887.6201171875 151.850830078125 704.7016714242789 65
140 1.8 3602.2950846354165 1356.3039367991714 5081.81787109375 0.747802734375 1084.356396484375 80
150 2.9 1716.6648285964445 2054.752257833719 5081.81787109375 0.714111328125 1546.8349310427295 98
160 4.1 850.9090963224086 1449.5778545411672 5081.81787109375 0.68603515625 1585.6149863896408 127
170 6.6 712.8978345466384 1240.0564823472855 5081.81787109375 0.68603515625 1406.311763218471 168
180 6.5 984.7245680588942 1517.5516492315148 5081.81787109375 0.658935546875 1210.7334756443643 234
190 7.8 539.9756610576924 1028.2493565384946 5081.81787109375 0.658935546875 1161.6011044301317 299
200 8.5 740.2615866268383 1152.5443295623318 5081.81787109375 0.658935546875 1032.9889437323857 377
210 8.2 565.892375666921 1077.7160579665529 5111.72314453125 0.655029296875 979.1321788969494 462
220 8.7 1127.9631179283404 1900.4029875174965 12590.450927734375 0.64892578125 916.8423556159524 544
230 7 680.2412074497768 988.4236906426756 12590.450927734375 0.64892578125 945.9509234783578 631
240 3.4 972.8050106272977 1034.3356413814106 12590.450927734375 0.64892578125 919.4178562572441 701
250 1.7 494.3321892233456 687.3008381277597 12590.450927734375 0.64892578125 921.8874661192602 735
260 0.9 1710.6009657118057 694.8024458669673 12590.450927734375 0.64892578125 912.221987785177 752
270 0.4 2151.3662109375 258.94270493717573 12590.450927734375 0.64892578125 921.6640519130872 761
280 0 0 0 12590.450927734375 0.64892578125 928.0938671236723 765
290 0 0 0 12590.450927734375 0.64892578125 928.0938671236723 765
300 0 0 0 12590.450927734375 0.64892578125 928.0938671236723 765
310 0 0 0 12590.450927734375 0.64892578125 928.0938671236723 765
320 0 0 0 12590.450927734375 0.64892578125 928.0938671236723 765
330 0 0 0 12590.450927734375 0.64892578125 928.0938671236723 765
