0 0.8 29.51358032226563 42.93217069039739 117.887939453125 0.77490234375 0 0
10 0.6 1.6746826171875 2.0009701072299557 117.887939453125 0.6220703125 29.51358032226563 8
20 1.1 1.4818004261363635 2.0940550225166414 117.887939453125 0.6220703125 17.58262416294643 14
30 1 1.990771484375 2.535257244714035 117.887939453125 0.6220703125 10.49826171875 25
40 1.4 1.2434605189732142 1.1916070065119853 117.887939453125 0.6220703125 8.067550223214285 35
50 2 1.77237548828125 2.068370663123086 117.887939453125 0.531005859375 6.117810307716836 49
60 2 1.92691650390625 2.3481355406679683 117.887939453125 0.531005859375 4.858263983242754 69
70 2.1 2.585146949404762 2.5282961335139222 117.887939453125 0.531005859375 4.199534212605337 89
80 2.1 1.4483816964285714 1.6324051180331751 117.887939453125 0.531005859375 3.8913330078125 110
90 3.3 1.7905125473484849 2.0649766160142415 117.887939453125 0.52294921875 3.499714858659351 131
100 5.1 3.2140730315563726 3.193457443442451 117.887939453125 0.52294921875 3.155790003334604 164
110 4 3.224346923828125 2.9643449358123863 117.887939453125 0.52294921875 3.1696152797965116 215
120 5.1 3.3156259574142157 2.782113478887943 117.887939453125 0.52294921875 3.178200635723039 255
130 6.5 3.3467435396634606 3.45215278487304 117.887939453125 0.52294921875 3.201104856004902 306
140 9.2 2.747269340183423 2.76796107063879 117.887939453125 0.495849609375 3.2266210674275606 371
150 15.5 2.9083669354838717 3.3062342070492683 117.887939453125 0.495849609375 3.13137191212203 463
160 18.9 2.8782280815972223 3.29859871061284 117.887939453125 0.495849609375 3.07544024322411 618
170 22.4 2.4241441999162943 3.039571004836543 117.887939453125 0.47412109375 3.0292530083449503 807
180 31.8 2.4606127469044803 2.9228379314773116 117.887939453125 0.470947265625 2.8977841692683075 1031
190 42.1 2.8238945822817687 3.130634597840519 117.887939453125 0.454833984375 2.7947296753382136 1349
200 20.8 767.6448012131913 1668.7657760637233 7022.238037109375 0.454833984375 2.8016666390801555 1770
210 23.3 3380.8324692361853 3357.2935258371494 15034.9560546875 0.454833984375 83.23006501694421 1978
220 23.8 5633.520355993961 6823.545788025803 15041.843017578125 0.454833984375 430.73859517663806 2211
230 41.2 7096.285774305028 12733.10356238042 31085.5830078125 0.454833984375 936.3580558032296 2449
240 22.8 955.526844760828 5359.177819324147 31085.5830078125 0.454833984375 1823.4220963564424 2861
250 12.2 2.6525978963883197 4.2387719355137445 31085.5830078125 0.454833984375 1759.3624921596795 3089
260 8.1 1.4270471643518519 2.403000473413719 31085.5830078125 0.454833984375 1692.6173638195608 3211
270 0.7 4.283307756696429 5.950861095032592 31085.5830078125 0.454833984375 1651.0054514109727 3292
280 0.8 2.942962646484375 3.8523010275857827 31085.5830078125 0.454833984375 1647.511345619648 3299
290 0.3 2.3610026041666665 2.323644789092998 31085.5830078125 0.454833984375 1643.5329521924375 3307
300 0.7 0.8016531808035714 0.2018392282122037 31085.5830078125 0.454833984375 1642.0454851686413 3310
310 0.3 0.7286783854166666 0.0673454537388812 31085.5830078125 0.454833984375 1638.5819015617933 3317
320 0.3 0.7396647135416666 0.07416019025664586 31085.5830078125 0.454833984375 1637.1019137095257 3320
330 0.2 0.7919921875 0.009033203125 31085.5830078125 0.454833984375 1635.624608037847 3323
340 0.3 0.8585611979166666 0.10907528699977545 31085.5830078125 0.454833984375 1634.6412500734257 3325
350 0 0 0 31085.5830078125 0.454833984375 1633.1684892360981 3328
360 0 0 0 31085.5830078125 0.454833984375 1633.1684892360981 3328
370 0 0 0 31085.5830078125 0.454833984375 1633.1684892360981 3328
380 0.1 0.85595703125 0.0 31085.5830078125 0.454833984375 1633.1684892360981 3328
390 0 0 0 31085.5830078125 0.454833984375 1632.6781580458894 3329
400 0 0 0 31085.5830078125 0.454833984375 1632.6781580458894 3329
