0 0.1 3167.62109375 0 3167.62109375 3167.62109375 0 0
10 0.1 3168.81640625 0.0 3168.81640625 3167.62109375 3167.62109375 1
20 0.1 3167.3828125 0.0 3168.81640625 3167.3828125 3168.21875 2
30 0.1 3165.0625 0.0 3168.81640625 3165.0625 3167.9401041666665 3
40 0.1 3161.90625 0.0 3168.81640625 3161.90625 3167.220703125 4
50 0.1 3160.96484375 0.0 3168.81640625 3160.96484375 3166.1578125 5
60 0.1 3158.453125 0.0 3168.81640625 3158.453125 3165.2923177083335 6
70 0.1 3158.546875 0.0 3168.81640625 3158.453125 3164.3152901785716 7
80 0.1 3154.546875 0.0 3168.81640625 3154.546875 3163.59423828125 8
90 0.1 3151.08984375 0.0 3168.81640625 3151.08984375 3162.5889756944443 9
100 0.1 3146.71875 0.0 3168.81640625 3146.71875 3161.4390625 10
110 0.1 3143.3671875 0.0 3168.81640625 3143.3671875 3160.1008522727275 11
120 0.1 3140.0625 0.0 3168.81640625 3140.0625 3158.7063802083335 12
130 0.1 3136.24609375 0.0 3168.81640625 3136.24609375 3157.272235576923 13
140 0.1 3127.64453125 0.0 3168.81640625 3127.64453125 3155.7703683035716 14
150 0.1 3119.91796875 0.0 3168.81640625 3119.91796875 3153.8953125 15
160 0.1 3116.23046875 0.0 3168.81640625 3116.23046875 3151.771728515625 16
170 0.1 3114.01953125 0.0 3168.81640625 3114.01953125 3149.6810661764707 17
180 0.1 3108.48828125 0.0 3168.81640625 3108.48828125 3147.6998697916665 18
190 0.1 3105.15234375 0.0 3168.81640625 3105.15234375 3145.636101973684 19
200 0.1 3098.5234375 0.0 3168.81640625 3098.5234375 3143.6119140625 20
210 0.1 3087.09765625 0.0 3168.81640625 3087.09765625 3141.46484375 21
220 0.1 3074.65234375 0.0 3168.81640625 3074.65234375 3138.9936079545455 22
230 0.1 3066.2265625 0.0 3168.81640625 3066.2265625 3136.1961616847825 23
240 0.1 3064.24609375 0.0 3168.81640625 3064.24609375 3133.28076171875 24
250 0.1 3063.8046875 0.0 3168.81640625 3063.8046875 3130.519375 25
260 0.1 3061.1171875 0.0 3168.81640625 3061.1171875 3127.953425480769 26
270 0.1 3061.2109375 0.0 3168.81640625 3061.1171875 3125.478009259259 27
280 0.1 3058.49609375 0.0 3168.81640625 3058.49609375 3123.1827566964284 28
290 0.1 3058.34765625 0.0 3168.81640625 3058.34765625 3120.952182112069 29
300 0.1 3061.30078125 0.0 3168.81640625 3058.34765625 3118.8653645833333 30
310 0.1 3074.4375 0.0 3168.81640625 3058.34765625 3117.0084425403224 31
320 0.1 3079.01171875 0.0 3168.81640625 3058.34765625 3115.6781005859375 32
330 0.1 3089.72265625 0.0 3168.81640625 3058.34765625 3114.5669981060605 33
340 0.1 3093.37890625 0.0 3168.81640625 3058.34765625 3113.8362821691176 34
350 0.1 3093.421875 0.0 3168.81640625 3058.34765625 3113.2517857142857 35
360 0.1 3093.95703125 0.0 3168.81640625 3058.34765625 3112.7009548611113 36
370 0.1 3094.03125 0.0 3168.81640625 3058.34765625 3112.1943623310813 37
380 0.1 3094.13671875 0.0 3168.81640625 3058.34765625 3111.7163856907896 38
390 0.1 3093.81640625 0.0 3168.81640625 3058.34765625 3111.265625 39
400 0.1 3094.375 0.0 3168.81640625 3058.34765625 3110.82939453125 40
