0 0.1 0.08984375 0 0.08984375 0.08984375 0 0
10 0.1 0.078125 0.0 0.08984375 0.078125 0.08984375 1
20 0.1 0.0703125 0.0 0.08984375 0.0703125 0.083984375 2
30 0.1 0.05859375 0.0 0.08984375 0.05859375 0.07942708333333333 3
40 0.1 0.05078125 0.0 0.08984375 0.05078125 0.07421875 4
50 0.1 0.0390625 0.0 0.08984375 0.0390625 0.06953125 5
60 0.1 0.03125 0.0 0.08984375 0.03125 0.064453125 6
70 0.1 0.03125 0.0 0.08984375 0.03125 0.05970982142857143 7
80 0.1 0.01953125 0.0 0.08984375 0.01953125 0.05615234375 8
90 0.1 0.01953125 0.0 0.08984375 0.01953125 0.052083333333333336 9
100 0.1 0.1015625 0.0 0.1015625 0.01953125 0.048828125 10
110 0.1 0.078125 0.0 0.1015625 0.01953125 0.05362215909090909 11
120 0.1 0.0703125 0.0 0.1015625 0.01953125 0.0556640625 12
130 0.1 0.05859375 0.0 0.1015625 0.01953125 0.056790865384615384 13
140 0.1 0.05078125 0.0 0.1015625 0.01953125 0.056919642857142856 14
150 0.1 0.0390625 0.0 0.1015625 0.01953125 0.05651041666666667 15
160 0.1 0.0390625 0.0 0.1015625 0.01953125 0.055419921875 16
170 0.1 0.03125 0.0 0.1015625 0.01953125 0.054457720588235295 17
180 0.1 0.03125 0.0 0.1015625 0.01953125 0.053168402777777776 18
190 0.1 0.01953125 0.0 0.1015625 0.01953125 0.05201480263157895 19
200 0.1 0.01953125 0.0 0.1015625 0.01953125 0.050390625 20
210 0.1 0.01953125 0.0 0.1015625 0.01953125 0.04892113095238095 21
220 0.1 0.08984375 0.0 0.1015625 0.01953125 0.04758522727272727 22
230 0.1 0.0703125 0.0 0.1015625 0.01953125 0.04942255434782609 23
240 0.1 0.05859375 0.0 0.1015625 0.01953125 0.05029296875 24
250 0.1 0.19921875 0.0 0.19921875 0.01953125 0.050625 25
260 0.1 0.171875 0.0 0.19921875 0.01953125 0.05634014423076923 26
270 0.1 0.140625 0.0 0.19921875 0.01953125 0.060619212962962965 27
280 0.1 0.19921875 0.0 0.19921875 0.01953125 0.0634765625 28
290 0.1 0.171875 0.0 0.19921875 0.01953125 0.06815732758620689 29
300 0.1 0.140625 0.0 0.19921875 0.01953125 0.07161458333333333 30
310 0.1 0.12109375 0.0 0.19921875 0.01953125 0.07384072580645161 31
320 0.1 0.1015625 0.0 0.19921875 0.01953125 0.0753173828125 32
330 0.1 0.08984375 0.0 0.19921875 0.01953125 0.07611268939393939 33
340 0.1 0.1484375 0.0 0.19921875 0.01953125 0.07651654411764706 34
350 0.1 0.12109375 0.0 0.19921875 0.01953125 0.07857142857142857 35
360 0.1 0.109375 0.0 0.19921875 0.01953125 0.07975260416666667 36
370 0.1 0.08984375 0.0 0.19921875 0.01953125 0.08055320945945946 37
380 0.1 0.078125 0.0 0.19921875 0.01953125 0.08079769736842106 38
390 0.1 0.05859375 0.0 0.19921875 0.01953125 0.08072916666666667 39
400 0.1 0.05078125 0.0 0.19921875 0.01953125 0.08017578125 40
