10 0.1 95 0 95 95 0 0
20 0.1 201.0 0.0 201 95 95.0 1
30 0.1 273.0 0.0 273 95 148.0 2
40 0.1 394.0 0.0 394 95 189.66666666666666 3
50 0.1 522.0 0.0 522 95 240.75 4
60 0.1 818.0 0.0 818 95 297.0 5
70 0.1 607.0 0.0 818 95 383.8333333333333 6
80 0.1 1170.0 0.0 1170 95 415.7142857142857 7
90 0.1 1327.0 0.0 1327 95 510.0 8
100 0.1 1463.0 0.0 1463 95 600.7777777777778 9
110 0.1 1585.0 0.0 1585 95 687.0 10
120 0.1 1546.0 0.0 1585 95 768.6363636363636 11
130 0.1 1472.0 0.0 1585 95 833.4166666666666 12
140 0.1 1720.0 0.0 1720 95 882.5384615384615 13
150 0.1 2282.0 0.0 2282 95 942.3571428571429 14
160 0.1 2957.0 0.0 2957 95 1031.6666666666667 15
170 0.1 4065.0 0.0 4065 95 1152.0 16
180 0.1 4562.0 0.0 4562 95 1323.3529411764705 17
190 0.1 6475.0 0.0 6475 95 1503.2777777777778 18
200 0.1 6496.0 0.0 6496 95 1764.9473684210527 19
210 0.1 7071.0 0.0 7071 95 2001.5 20
220 0.1 7040.0 0.0 7071 95 2242.904761904762 21
230 0.1 7268.0 0.0 7268 95 2460.9545454545455 22
240 0.1 8955.0 0.0 8955 95 2669.9565217391305 23
250 0.1 5916.0 0.0 8955 95 2931.8333333333335 24
260 0.1 5863.0 0.0 8955 95 3051.2 25
270 0.1 4503.0 0.0 8955 95 3159.346153846154 26
280 0.1 3493.0 0.0 8955 95 3209.1111111111113 27
290 0.1 3395.0 0.0 8955 95 3219.25 28
300 0.1 2734.0 0.0 8955 95 3225.310344827586 29
310 0.1 1293.0 0.0 8955 95 3208.9333333333334 30
320 0.1 825.0 0.0 8955 95 3147.1290322580644 31
330 0.1 473.0 0.0 8955 95 3074.5625 32
340 0.1 188.0 0.0 8955 95 2995.7272727272725 33
350 0.1 334.0 0.0 8955 95 2913.1470588235293 34
360 0.1 15.0 0.0 8955 15 2839.457142857143 35
370 0.1 0.0 0.0 8955 0 2761.0 36
380 0.1 63.0 0.0 8955 0 2686.3783783783783 37
390 0.1 14.0 0.0 8955 0 2617.342105263158 38
400 0.1 7.0 0.0 8955 0 2550.5897435897436 39
