10 0.1 14353.94482421875 0 14353.94482421875 14353.94482421875 0 0
20 0.3 13455.899088541666 3069.183362321133 17764.051025390625 10843.89306640625 14353.94482421875 1
30 0.1 16445.63916015625 0.0 17764.051025390625 10843.89306640625 13680.410522460938 4
40 0.2 10671.43603515625 3829.5400390625 17764.051025390625 6841.89599609375 14233.45625 5
50 0.7 31560.429722377234 14737.530263069457 54893.962158203125 6841.89599609375 13215.73618861607 7
60 0.4 46862.11999511719 7232.040655610038 57674.301025390625 6841.89599609375 22388.08295549665 14
70 1 40509.981762695315 17463.514346072974 69482.84692382813 6841.89599609375 27826.757853190105 18
80 1.3 32160.909198467547 18682.89832859337 69482.84692382813 6841.89599609375 32356.48067801339 28
90 1.9 30551.059287623357 22321.002451808417 77224.18896484375 6457.89990234375 32294.4702088891 41
100 1.4 39840.369576590405 14518.845878307444 77224.18896484375 6457.89990234375 31742.390083821614 60
110 1.3 51732.30874399038 28330.040069844657 115084.47094726563 6457.89990234375 33274.44025812922 74
120 1 49484.723950195315 19127.972865376203 115084.47094726563 6457.89990234375 36032.512560614225 87
130 1.2 53747.69258626302 26739.18131997667 115084.47094726563 6457.89990234375 37419.33847706588 97
140 2.3 52045.871911090355 25499.242873570143 117711.44287109375 6457.89990234375 39216.95544321603 109
150 3.4 53040.2354592716 26614.19763924251 118521.04321289063 6457.89990234375 41452.29694898201 132
160 3.9 53941.08694536258 32461.960509784374 155663.59497070313 6457.89990234375 43825.7301378365 166
170 5 47700.49501953125 29026.92454219664 155663.59497070313 5623.39013671875 45750.11509146341 205
180 8.4 51069.03131684803 27343.21535665428 155663.59497070313 5623.39013671875 46132.54252833946 255
190 9.8 46192.22799744898 24799.256756453375 155663.59497070313 5623.39013671875 47355.74329009379 339
200 8.9 45118.51616540118 23060.850613885024 155663.59497070313 5623.39013671875 47094.81766382562 437
210 11.8 47995.02109954317 22828.000884543882 155663.59497070313 5623.39013671875 46760.42444451046 526
220 12.3 51837.63465447154 22221.948615578534 155663.59497070313 5623.39013671875 46986.639359563036 644
230 16.6 58987.562227915565 22056.378375646647 155663.59497070313 5623.39013671875 47764.56950463963 767
240 18.7 61215.13862879136 20028.60521543145 173028.83203125 5623.39013671875 49761.37206848079 933
250 16.6 64253.59307346574 16024.08107155774 173028.83203125 5623.39013671875 51673.74202096122 1120
260 14.1 73347.44500083108 17543.758354663827 173028.83203125 5623.39013671875 53297.57971514143 1286
270 10.6 79066.6575444059 14325.952541056939 173028.83203125 5623.39013671875 55278.68062984517 1427
280 10.9 86868.66233335722 11801.013157812771 173028.83203125 5623.39013671875 56923.511388451465 1533
290 10.8 94226.81528501156 11018.906724106251 173028.83203125 5623.39013671875 58911.34418564679 1642
300 5.5 101192.87831587358 8720.51043020239 173028.83203125 5623.39013671875 61090.81325920759 1750
310 4.7 109747.71823574635 6110.673202761979 173028.83203125 5623.39013671875 62312.75983988162 1805
320 2 124966.82523193359 17253.9439022041 189105.19897460938 5623.39013671875 63516.56277973348 1852
330 1.3 128079.29957932692 5000.9098109748975 189105.19897460938 5623.39013671875 64173.08267772707 1872
340 0.7 145447.77587890625 10917.222087146994 189105.19897460938 5623.39013671875 64613.81520808293 1885
350 0.4 143265.53045654297 4225.087029418245 189105.19897460938 5623.39013671875 64912.8837729327 1892
360 0 0 0 189105.19897460938 5623.39013671875 65078.184715303185 1896
370 0 0 0 189105.19897460938 5623.39013671875 65078.184715303185 1896
380 0.1 175948.75708007813 0.0 189105.19897460938 5623.39013671875 65078.184715303185 1896
390 0 0 0 189105.19897460938 5623.39013671875 65136.629930044764 1897
400 0.1 193308.07104492188 0.0 193308.07104492188 5623.39013671875 65136.629930044764 1897
