0 3.28203125 3.28203125
10 30.8859375 34.16796875
20 36.34375 70.51171875
30 94.396875 164.90859375
40 103.3796875 268.28828125
50 211.92890625 480.2171875
60 117.89453125 598.11171875
70 259.25859375 857.3703125
80 313.05078125 1170.42109375
90 318.00078125 1488.421875
100 305.6875 1794.109375
110 347.08515625 2141.19453125
120 310.8265625 2452.02109375
130 383.69453125 2835.715625
140 502.6953125 3338.4109375
150 635.5390625 3973.95
160 816.02890625 4789.97890625
170 940.8125 5730.79140625
180 1180.3140625 6911.10546875
190 1289.59375 8200.69921875
200 1296.253125 9496.95234375
210 1353.240625 10850.19296875
220 1477.20546875 12327.3984375
230 1898.834375 14226.2328125
240 1693.403125 15919.6359375
250 1436.78515625 17356.42109375
260 1305.1625 18661.58359375
270 922.56328125 19584.146875
280 846.04921875 20430.19609375
290 809.21796875 21239.4140625
300 491.146875 21730.5609375
310 344.05078125 22074.61171875
320 209.503125 22284.11484375
330 80.26015625 22364.375
340 98.515625 22462.890625
350 16.50390625 22479.39453125
360 0 22479.39453125
370 0 22479.39453125
380 23.03984375 22502.434375
390 5.40078125 22507.83515625
400 2.83828125 22510.6734375
