60 0.1 228.76904296875 0 228.76904296875 228.76904296875 0 0
70 0.1 379.9521484375 0.0 379.9521484375 228.76904296875 228.76904296875 1
80 0.4 262.58758544921875 124.14577548184417 381.505126953125 54.953125 304.360595703125 2
90 0.7 217.07285853794642 293.71365155333353 905.31494140625 9.06201171875 276.5119222005208 6
100 0.2 394.7196044921875 286.7435302734375 905.31494140625 9.06201171875 244.50627253605768 13
110 0.1 695.1630859375 0.0 905.31494140625 9.06201171875 264.534716796875 15
120 0.4 1712.4060668945313 343.28872693723486 1964.358154296875 9.06201171875 291.44898986816406 16
130 0.4 2424.8422241210938 530.2680358826398 3197.976806640625 9.06201171875 575.6404052734375 20
140 0.3 1101.7605794270833 1552.696701903445 3297.60400390625 1.761962890625 883.8407084147135 24
150 0.5 961.941845703125 1174.391378172127 3297.60400390625 0.762939453125 908.0540274160879 27
160 1.1 1093.2949884588068 1473.3919558852028 3344.93798828125 0.73291015625 916.4739990234375 32
170 0.9 1325.3516438802083 1482.3482994895462 3344.93798828125 0.6650390625 961.707275390625 43
180 1.9 923.6059441817432 982.8154498521205 3344.93798828125 0.6650390625 1024.645723783053 52
190 1.3 148.66641000600958 492.05890228252423 3344.93798828125 0.6650390625 997.6069095235475 71
200 1.9 392.7431640625 763.3557024757953 3344.93798828125 0.657958984375 866.2232607886905 84
210 2.1 249.615478515625 599.9185697931304 3344.93798828125 0.657958984375 778.8822720722087 103
220 1.4 487.76836286272317 753.6473732149593 3344.93798828125 0.653076171875 689.2483796150453 124
230 2.2 565.7475253018466 729.0962041549083 3344.93798828125 0.64404296875 668.8083779155344 138
240 1.3 538.743671123798 682.616605978784 3344.93798828125 0.64404296875 654.6375106811523 160
250 1.6 418.0495300292969 606.1692474908767 3344.93798828125 0.64404296875 645.9287250496749 173
260 0.6 813.0843505859375 569.3570149451591 3344.93798828125 0.64404296875 626.6373646246693 189
270 0.4 1083.4793090820313 53.63470728038838 3344.93798828125 0.64404296875 632.3741949619391 195
280 0.2 1246.81103515625 207.863037109375 3344.93798828125 0.64404296875 641.4416344417399 199
290 0 0 0 3344.93798828125 0.64404296875 647.4652105682524 201
300 0.1 31.075927734375 0.0 3344.93798828125 0.64404296875 647.4652105682524 201
310 0 0 0 3344.93798828125 0.64404296875 644.4137784750153 202
320 0 0 0 3344.93798828125 0.64404296875 644.4137784750153 202
330 0 0 0 3344.93798828125 0.64404296875 644.4137784750153 202
340 0 0 0 3344.93798828125 0.64404296875 644.4137784750153 202
350 0 0 0 3344.93798828125 0.64404296875 644.4137784750153 202
360 0 0 0 3344.93798828125 0.64404296875 644.4137784750153 202
370 0 0 0 3344.93798828125 0.64404296875 644.4137784750153 202
380 0 0 0 3344.93798828125 0.64404296875 644.4137784750153 202
390 0 0 0 3344.93798828125 0.64404296875 644.4137784750153 202
400 0 0 0 3344.93798828125 0.64404296875 644.4137784750153 202
