50 0.5 278.4744140625 457.0679911108843 1190.3740234375 12.55712890625 0 0
60 0.4 68.35577392578125 46.18420342912734 1190.3740234375 12.55712890625 278.4744140625 5
70 0.1 436.48388671875 0.0 1190.3740234375 12.55712890625 185.08835177951389 9
80 0.3 132.54801432291666 79.36826257254705 1190.3740234375 12.55712890625 210.2279052734375 10
90 0.5 431.603271484375 307.4170638674413 1190.3740234375 12.55712890625 192.30177659254807 13
100 0.3 598.6859537760416 308.6177139758856 1190.3740234375 12.55712890625 258.7744140625 18
110 0.7 320.211181640625 220.97635572984407 1190.3740234375 12.55712890625 307.3332054501488 21
120 0.5 1677.068408203125 451.2997560737379 2079.259033203125 12.55712890625 310.55269949776783 28
130 0.2 959.256103515625 958.251953125 2079.259033203125 1.004150390625 517.6005341500947 33
140 1 2509.576708984375 1266.391961576259 3421.0791015625 1.004150390625 542.8379952566964 35
150 1.1 1471.6746937144887 1342.3559394813935 3421.0791015625 1.004150390625 979.8910427517361 45
160 1.1 1252.440340909091 1436.588005408613 3421.0791015625 0.9228515625 1076.4914027622767 56
170 1.6 384.3103637695313 1011.1882006470018 3421.0791015625 0.673095703125 1105.3785418610075 67
180 2.5 815.1963671875 1006.1175754186864 3421.0791015625 0.673095703125 966.3774472891566 83
190 3 435.7471679687499 791.2105258185918 3421.0791015625 0.66796875 931.3818268952547 108
200 5.5 532.4771439985797 871.0919635158758 3421.0791015625 0.66796875 823.6351619112319 138
210 5 481.75572753906243 770.3359154282869 3421.0791015625 0.637939453125 740.6626697599579 193
220 7.5 553.3682975260417 917.9296451108187 5290.43603515625 0.637939453125 687.3896363811729 243
230 7.5 452.887109375 694.3104917440072 5290.43603515625 0.637939453125 655.7808300474155 318
240 8.4 566.4974917457217 752.5759566911998 5290.43603515625 0.637939453125 617.0606543465728 393
250 8.6 575.3955021348113 708.676737808645 5290.43603515625 0.637939453125 608.1564496118318 477
260 9.5 639.3853053042764 616.651075411985 5290.43603515625 0.637939453125 603.1521130522868 563
270 7.4 927.3352875580658 428.2512412775842 5290.43603515625 0.637939453125 608.38334901572 658
280 7.4 1019.873416385135 253.391819973755 5290.43603515625 0.637939453125 640.6271242235528 732
290 5 488.103935546875 213.77820179674194 5290.43603515625 0.637939453125 675.4462627098519 806
300 4.3 23.44047510901163 29.345920110744245 5290.43603515625 0.637939453125 664.5033697680892 856
310 2.4 11.40020751953125 9.517620120825782 5290.43603515625 0.637939453125 633.840739656476 899
320 1.3 11.371751051682692 4.1932126619288255 5290.43603515625 0.637939453125 617.655937087368 923
330 0.7 10.503069196428571 5.392776686700707 5290.43603515625 0.637939453125 609.2353233924279 936
340 0.2 7.1630859375 2.876953125 5290.43603515625 0.637939453125 604.7908633930939 943
350 0.3 11.859700520833334 6.022414422247772 5290.43603515625 0.637939453125 603.5260427000661 945
360 0 0 0 5290.43603515625 0.637939453125 601.6536808577268 948
370 0 0 0 5290.43603515625 0.637939453125 601.6536808577268 948
380 0 0 0 5290.43603515625 0.637939453125 601.6536808577268 948
390 0.1 21.239990234375 0.0 5290.43603515625 0.637939453125 601.6536808577268 948
400 0 0 0 5290.43603515625 0.637939453125 601.0420752827812 949
