20 0.4 12.019775390625 3.3356328061251745 17.77783203125 9.857177734375 0 0
30 0.3 24.928385416666668 21.28509520199932 55.030029296875 9.843017578125 12.019775390625 4
40 0.5 10.096435546875 0.6709983429241612 55.030029296875 9.407958984375 17.552036830357142 7
50 0.6 47.808024088541664 28.27216591958773 75.583984375 8.223876953125 14.445536295572916 12
60 0.7 36.466378348214285 25.13994734365335 92.772216796875 8.223876953125 25.566365559895832 18
70 1.1 221.21373401988637 223.13686831201687 676.031982421875 8.223876953125 28.618369140625 25
80 0.6 160.11735026041666 82.75571858363223 676.031982421875 8.223876953125 87.46695285373264 36
90 0.8 349.4102783203125 235.96301436169395 885.201904296875 8.223876953125 97.8455810546875 42
100 0.5 643.389599609375 212.97495407255576 885.201904296875 8.223876953125 138.0959326171875 50
110 1.2 524.5175374348959 220.11943252995547 885.201904296875 8.223876953125 184.03172052556818 55
120 1 1550.4712158203124 367.3392096526392 1989.834228515625 8.223876953125 245.01425489738807 67
130 1.6 1821.3954620361328 767.1605344966005 3303.923095703125 0.7431640625 414.55411995231333 77
140 1.7 2472.728271484375 1376.7691823010944 3556.927978515625 0.7431640625 656.5913400957661 93
150 3.4 1962.1190400965074 1287.1225432911215 3556.927978515625 0.72802734375 937.2670476740057 110
160 3.4 776.7755198759191 1221.736684098074 3556.927978515625 0.720947265625 1179.2459903293186 144
170 7.1 592.9189453125 1144.424467749149 3556.927978515625 0.671142578125 1102.3696083326017 178
180 8.1 522.8238419897764 903.963062757717 3556.927978515625 0.666015625 957.1045598409261 249
190 8.9 570.7238358058285 858.4979353651795 3556.927978515625 0.666015625 850.5083836410985 330
200 9.4 712.8741091464428 996.3940732278922 3556.927978515625 0.64892578125 791.0792076092631 419
210 10 667.5043139648438 899.0882331715841 3556.927978515625 0.64892578125 776.7492285536977 513
220 8.5 609.3907887178308 818.9612204577824 3556.927978515625 0.64892578125 758.9278721770494 613
230 9.2 638.5283176587978 1877.4119786345923 17172.264892578125 0.64892578125 740.7177688904683 698
240 5.9 576.8302477820444 766.8513217596587 17172.264892578125 0.64892578125 728.8172252027294 790
250 4.4 613.7834583629262 744.0922464754528 17172.264892578125 0.64892578125 718.2551148754969 849
260 2.6 825.2983586237981 605.022739015303 17172.264892578125 0.64892578125 713.1075752488977 893
270 1.7 1086.2655244715074 297.2281258438973 17172.264892578125 0.64892578125 716.2816344085793 919
280 0.8 1081.0569152832031 236.8546845769035 17172.264892578125 0.64892578125 723.0014272836538 936
290 0.3 515.627685546875 256.65630913616127 17172.264892578125 0.64892578125 726.0357958260229 944
300 0.1 8.725830078125 0.0 17172.264892578125 0.64892578125 725.3692442623086 947
310 0 0 0 17172.264892578125 0.64892578125 724.6132912937599 948
320 0 0 0 17172.264892578125 0.64892578125 724.6132912937599 948
330 0.1 12.81591796875 0.0 17172.264892578125 0.64892578125 724.6132912937599 948
340 0 0 0 17172.264892578125 0.64892578125 723.8632413745554 949
350 0 0 0 17172.264892578125 0.64892578125 723.8632413745554 949
360 0 0 0 17172.264892578125 0.64892578125 723.8632413745554 949
370 0 0 0 17172.264892578125 0.64892578125 723.8632413745554 949
380 0 0 0 17172.264892578125 0.64892578125 723.8632413745554 949
390 0 0 0 17172.264892578125 0.64892578125 723.8632413745554 949
400 0 0 0 17172.264892578125 0.64892578125 723.8632413745554 949
