10 0.1 9.1201171875 0 9.1201171875 9.1201171875 0 0
20 0 0 0 9.1201171875 9.1201171875 9.1201171875 1
30 0 0 0 9.1201171875 9.1201171875 9.1201171875 1
40 0.1 9.3740234375 0.0 9.3740234375 9.1201171875 9.1201171875 1
50 0.3 9.864990234375 1.5550148905156642 12.06298828125 8.705078125 9.2470703125 2
60 0 0 0 12.06298828125 8.705078125 9.617822265625 5
70 0.5 234.19716796875 224.91031191045658 649.404052734375 8.573974609375 9.617822265625 5
80 0.5 95.380029296875 87.93362873974999 649.404052734375 8.573974609375 121.9074951171875 10
90 0.6 255.5118408203125 360.4723266888966 1039.671142578125 8.573974609375 113.06500651041667 15
100 0 0 0 1039.671142578125 8.573974609375 153.76410202752976 21
110 0.6 443.5981852213542 172.85254422605743 1039.671142578125 8.573974609375 153.76410202752976 21
120 0.3 1582.262939453125 523.3222138494477 1958.89501953125 8.573974609375 218.17167607060185 27
130 0.3 1804.6070963541667 200.7611781789556 2064.962158203125 8.573974609375 354.58080240885414 30
140 0.6 2136.0579833984375 1511.162936083887 3332.0458984375 1.010009765625 486.40137458570075 33
150 0.7 1360.7321079799108 1180.9696457053988 3332.0458984375 1.0 740.1946990184294 39
160 1.6 1158.782730102539 1486.0511532032383 3332.0458984375 0.98193359375 834.6243047299592 46
170 0.6 5.513509114583333 5.233012122878174 3332.0458984375 0.98193359375 918.278091922883 62
180 1.9 974.2841282894736 1037.7901396259338 3332.0458984375 0.929931640625 837.7400404986213 68
190 2.7 455.34428349247685 768.3228803611439 3332.0458984375 0.843017578125 867.5600136943248 87
200 3.3 779.289277047822 1554.2313254602325 8077.39794921875 0.843017578125 769.9299723307291 114
210 3.2 678.7272567749023 1205.6849984588557 8077.39794921875 0.81298828125 772.0310407366071 147
220 3.1 1132.7009671118951 3713.4459564350555 21058.387939453125 0.81298828125 755.351034665241 179
230 3.2 641.2971115112305 825.766796475833 21058.387939453125 0.81298828125 811.055072312128 210
240 3.1 404.41409400201616 678.5143008363193 21058.387939453125 0.81298828125 788.6077386525052 242
250 3.6 500.87470160590277 657.8865157664089 21058.387939453125 0.81298828125 744.9813540951236 273
260 2.4 802.541514078776 565.2585204872546 21058.387939453125 0.81298828125 716.5417440963795 309
270 1.5 1081.384375 323.41840628500535 21058.387939453125 0.81298828125 722.7399257167324 333
280 1.3 1013.6702786959135 313.0677655107259 21058.387939453125 0.81298828125 738.1987381858387 348
290 0.8 515.9947509765625 233.6370171317674 21058.387939453125 0.81298828125 748.1187659604398 361
300 0.7 11.518763950892858 8.048757415384268 21058.387939453125 0.81298828125 743.0862669905996 369
310 0.8 41.09552001953125 56.63916407651174 21058.387939453125 0.81298828125 729.4666592212434 376
320 0.5 10.104638671875 6.424786468030079 21058.387939453125 0.81298828125 715.1255938212076 384
330 0 0 0 21058.387939453125 0.81298828125 706.0636278167176 389
340 0.4 6.75341796875 1.2261381083272045 21058.387939453125 0.81298828125 706.0636278167176 389
350 0 0 0 21058.387939453125 0.81298828125 698.9459666477815 393
360 0 0 0 21058.387939453125 0.81298828125 698.9459666477815 393
370 0 0 0 21058.387939453125 0.81298828125 698.9459666477815 393
380 0.1 6.06787109375 0.0 21058.387939453125 0.81298828125 698.9459666477815 393
390 0 0 0 21058.387939453125 0.81298828125 697.1873928011977 394
400 0 0 0 21058.387939453125 0.81298828125 697.1873928011977 394
