10 0.1 73.575927734375 0 73.575927734375 73.575927734375 0 0
20 0.1 74.556884765625 0.0 74.556884765625 73.575927734375 73.575927734375 1
30 0.4 97.352783203125 34.035680883946526 156.135986328125 73.575927734375 74.06640625 2
40 0.3 130.29264322916666 63.866833791372265 219.72998046875 73.575927734375 89.59065755208333 6
50 0.3 213.95865885416666 150.93140071610014 427.40087890625 73.575927734375 103.15798611111111 9
60 0.1 94.74609375 0.0 427.40087890625 73.575927734375 130.858154296875 12
70 0.1 262.412841796875 0.0 427.40087890625 73.575927734375 128.08030348557693 13
80 0.5 449.106005859375 102.58882590387931 599.678955078125 73.575927734375 137.6754847935268 14
90 0.6 699.1188151041666 324.6242843540558 1278.720947265625 73.575927734375 219.63088507401315 19
100 0.7 1056.2486049107142 330.2015525076163 1570.364013671875 73.575927734375 334.70798828125 25
110 0.6 768.611572265625 280.8544816591414 1570.364013671875 73.575927734375 492.5449981689453 32
120 0.3 2059.1866861979165 417.632912810907 2643.011962890625 73.575927734375 536.1344572368421 38
130 0.8 2142.8427734375 854.9088152335445 2888.8291015625 4.946044921875 647.5773032583842 41
140 0.7 1444.9972446986608 1679.9699790865577 3726.39501953125 0.77587890625 891.7022779815051 49
150 1.6 1714.2007751464844 1536.827738869169 3726.39501953125 0.6689453125 960.8641488211496 56
160 1.9 1190.5394222861842 1280.9747031670609 3726.39501953125 0.6640625 1128.2722880045574 72
170 1.9 914.2214483963816 1354.2330237918002 3726.39501953125 0.6640625 1141.2731182391826 91
180 3.4 587.1468075022977 924.7456432279981 3726.39501953125 0.661865234375 1102.0551025390625 110
190 3.4 517.841703527114 863.6926707832195 3726.39501953125 0.656005859375 980.4795328776041 144
200 4.5 680.1875705295138 1016.7565219988913 3726.39501953125 0.65087890625 892.1105092938027 178
210 3.4 420.7705652573529 694.3166917469792 3726.39501953125 0.65087890625 849.3457907090807 223
220 3.3 481.97651071259463 718.2636015011682 3726.39501953125 0.65087890625 792.6471227504863 257
230 4.9 368.73538643973217 650.3865325090435 3726.39501953125 0.65087890625 757.2949496565194 290
240 1.5 592.307763671875 711.6328118610513 3726.39501953125 0.65087890625 701.1314729673672 339
250 1.5 621.5337727864584 663.903612805911 3726.39501953125 0.65087890625 696.5202988446769 354
260 1 505.0034423828125 614.7344699240597 3726.39501953125 0.65087890625 693.4720660780825 369
270 0.6 1007.82568359375 545.7706962589816 3726.39501953125 0.65087890625 688.4992791731942 379
280 0.3 1151.0076497395833 118.7259410469186 3726.39501953125 0.65087890625 693.4757945667614 385
290 0.2 523.1865234375 184.344482421875 3726.39501953125 0.65087890625 697.0134120036646 388
300 0.3 33.254964192708336 35.81590080054817 3726.39501953125 0.65087890625 696.1219920622997 390
310 0 0 0 3726.39501953125 0.65087890625 691.0619384144402 393
320 0 0 0 3726.39501953125 0.65087890625 691.0619384144402 393
330 0.1 86.489013671875 0.0 3726.39501953125 0.65087890625 691.0619384144402 393
340 0 0 0 3726.39501953125 0.65087890625 689.5274893668702 394
350 0 0 0 3726.39501953125 0.65087890625 689.5274893668702 394
360 0 0 0 3726.39501953125 0.65087890625 689.5274893668702 394
370 0 0 0 3726.39501953125 0.65087890625 689.5274893668702 394
380 0 0 0 3726.39501953125 0.65087890625 689.5274893668702 394
390 0 0 0 3726.39501953125 0.65087890625 689.5274893668702 394
400 0 0 0 3726.39501953125 0.65087890625 689.5274893668702 394
