10 0.1 568.035888671875 0 568.035888671875 568.035888671875 0 0
20 0.5 189.798388671875 68.86524259150623 568.035888671875 151.739990234375 568.035888671875 1
30 0.4 188.0594482421875 9.015121873174868 568.035888671875 151.739990234375 252.83797200520834 6
40 0.6 204.00284830729166 67.36320252107147 568.035888671875 151.656005859375 226.9265625 10
50 0.4 363.96893310546875 95.8991842978703 568.035888671875 151.656005859375 218.33016967773438 16
60 1 347.6406494140625 87.52539705617433 568.035888671875 151.656005859375 247.45792236328126 20
70 1 845.9177978515625 417.5204667226752 1424.363037109375 151.656005859375 280.85216471354164 30
80 0.3 841.9583333333334 180.9970605940777 1424.363037109375 151.656005859375 422.1185729980469 40
90 0.9 1279.1341688368057 413.451698444574 1973.30810546875 151.656005859375 451.40971906795056 43
100 1.2 1467.5288696289063 313.45436330667866 1973.30810546875 151.656005859375 594.6697199894832 52
110 1.3 1429.915771484375 389.72088873089604 2249.39599609375 151.656005859375 758.330810546875 64
120 1.6 2230.5823974609375 370.6332772021899 2889.722900390625 151.656005859375 871.715284471388 77
130 1.5 3119.89560546875 953.8068872671743 4493.012939453125 0.80810546875 1105.4988738029233 93
140 3.2 2128.7563552856445 2022.2571199568888 4549.560791015625 0.759033203125 1385.2761976453994 108
150 2.7 2057.7380642361104 1780.665881191868 4549.560791015625 0.69287109375 1555.214519391741 140
160 4.8 1528.593892415364 1595.4169171303288 4561.77197265625 0.69287109375 1636.460841013286 167
170 8.5 1128.5039464613972 1632.6121065462805 4561.77197265625 0.68994140625 1612.3789176053779 215
180 7.7 565.8550470525569 1010.004037696703 4561.77197265625 0.68994140625 1475.2810091145834 300
190 9.2 776.3421710470449 1051.1666628318271 4561.77197265625 0.68994140625 1289.5361839719412 377
200 11.2 543.1979609898161 956.059719679869 4561.77197265625 0.662841796875 1188.866995935501 469
210 8.8 691.872430974787 1067.9306195859888 4561.77197265625 0.662841796875 1064.4006759459714 581
220 8.1 682.9377893518517 1579.2085786467649 12287.60205078125 0.662841796875 1015.3984553817498 669
230 8.3 647.870961384601 963.5598476709922 12287.60205078125 0.662841796875 979.4927034505208 750
240 5 820.673798828125 919.1938313670884 12287.60205078125 0.662841796875 946.4499608437125 833
250 2.8 899.8360682896206 827.9332695620949 12287.60205078125 0.662841796875 939.3278678643474 883
260 2.1 816.537365141369 589.2633138557565 12287.60205078125 0.662841796875 938.1140694141911 911
270 1 1333.385107421875 453.1511221269835 12287.60205078125 0.662841796875 935.374680154825 932
280 0.5 1362.25478515625 445.77183151707544 12287.60205078125 0.662841796875 939.5998439262374 942
290 0.1 200.4150390625 0.0 12287.60205078125 0.662841796875 941.831390606438 947
300 0 0 0 12287.60205078125 0.662841796875 941.0493058474256 948
310 0 0 0 12287.60205078125 0.662841796875 941.0493058474256 948
320 0 0 0 12287.60205078125 0.662841796875 941.0493058474256 948
330 0.1 179.153076171875 0.0 12287.60205078125 0.662841796875 941.0493058474256 948
340 0 0 0 12287.60205078125 0.662841796875 940.2464647202647 949
350 0 0 0 12287.60205078125 0.662841796875 940.2464647202647 949
360 0 0 0 12287.60205078125 0.662841796875 940.2464647202647 949
370 0 0 0 12287.60205078125 0.662841796875 940.2464647202647 949
380 0 0 0 12287.60205078125 0.662841796875 940.2464647202647 949
390 0 0 0 12287.60205078125 0.662841796875 940.2464647202647 949
400 0 0 0 12287.60205078125 0.662841796875 940.2464647202647 949
