0 2.9 29
10 3.3 62
20 4.3 105
30 11.3 218
40 13.3 351
50 15 501
60 14.7 648
70 22.1 869
80 20.7 1076
90 28.3 1359
100 27.5 1634
110 39.7 2031
120 46.2 2493
130 65.4 3147
140 81.8 3965
150 95.8 4923
160 137.2 6295
170 142.1 7716
180 196.8 9684
190 248.2 12166
200 280.3 14969
210 303.5 18004
220 312 21124
230 290.9 24033
240 293 26963
250 294.5 29908
260 309.8 33006
270 310.2 36108
280 293.5 39043
290 296.4 42007
300 239.5 44402
310 186 46262
320 137.8 47640
330 89.9 48539
340 54.3 49082
350 33.6 49418
360 15.2 49570
370 12.2 49692
380 8.3 49775
390 0.8 49783
400 2 49803
410 2.1 49824
420 0 49824
430 0 49824
440 1.8 49842
450 0 49842
460 0 49842
470 0 49842
478 1.8 49860
