30 0.8 8
40 1.6 24
50 1.6 40
60 0.8 48
70 2.4 72
80 0.8 80
90 4 120
100 1.6 136
110 4 176
120 3.2 208
130 8 288
140 12 408
150 7.5 483
160 15.7 640
170 13.6 776
180 14.4 920
190 20.8 1128
200 27.3 1401
210 39 1791
220 40 2191
230 34.8 2539
240 37.3 2912
250 36 3272
260 39.6 3668
270 40.1 4069
280 34.3 4412
290 36.9 4781
300 33.6 5117
310 29.9 5416
320 25.5 5671
330 16.6 5837
340 11.2 5949
350 8 6029
360 4 6069
370 4.8 6117
380 3.2 6149
390 0 6149
400 0.8 6157
410 0.8 6165
420 0 6165
430 0 6165
440 0.8 6173
450 0 6173
460 0 6173
470 0 6173
478 0.8 6181
