0 0.1 7.602927248471923 0 7.602927248471923 7.602927248471923 0 0
10 0.1 2.4582104228121926 0.0 7.602927248471923 2.4582104228121926 7.602927248471923 1
20 0.1 1.3806706114398422 0.0 7.602927248471923 1.3806706114398422 5.0305688356420575 2
30 0.1 1.8682399213372665 0.0 7.602927248471923 1.3806706114398422 3.813936094241319 3
40 0.1 2.366863905325444 0.0 7.602927248471923 1.3806706114398422 3.3275120510153062 4
50 0.1 2.171767028627838 0.0 7.602927248471923 1.3806706114398422 3.135382421877334 5
60 0.1 2.075098814229249 0.0 7.602927248471923 1.3806706114398422 2.974779856335751 6
70 0.1 2.9440628066732093 0.0 7.602927248471923 1.3806706114398422 2.8462539931776796 7
80 0.1 3.0602171767028628 0.0 7.602927248471923 1.3806706114398422 2.8584800948646207 8
90 0.1 3.045186640471513 0.0 7.602927248471923 1.3806706114398422 2.880895326179981 9
100 0.1 3.3630069238377844 0.0 7.602927248471923 1.3806706114398422 2.8973244576091344 10
110 0.1 4.518664047151278 0.0 7.602927248471923 1.3806706114398422 2.9396592272662843 11
120 0.1 4.729064039408867 0.0 7.602927248471923 1.3806706114398422 3.0712429622567003 12
130 0.1 6.286836935166994 0.0 7.602927248471923 1.3806706114398422 3.1987676604991746 13
140 0.1 7.269155206286837 0.0 7.602927248471923 1.3806706114398422 3.419344037261162 14
150 0.1 9.090909090909092 0.0 9.090909090909092 1.3806706114398422 3.675998115196207 15
160 0.1 12.524271844660195 0.0 12.524271844660195 1.3806706114398422 4.0144300511782625 16
170 0.1 14.174757281553399 0.0 14.174757281553399 1.3806706114398422 4.515008980206611 17
180 0.1 15.703275529865124 0.0 15.703275529865124 1.3806706114398422 5.051661663614766 18
190 0.1 22.873345935727787 0.0 22.873345935727787 1.3806706114398422 5.612272919733206 19
200 0.1 26.345609065155806 0.0 26.345609065155806 1.3806706114398422 6.4753265705329355 20
210 0.1 28.53107344632768 0.0 28.53107344632768 1.3806706114398422 7.42153049884831 21
220 0.1 31.882686849574267 0.0 31.882686849574267 1.3806706114398422 8.38105517827919 22
230 0.1 32.32514177693761 0.0 32.32514177693761 1.3806706114398422 9.402865250944194 23
240 0.1 30.134357005758154 0.0 32.32514177693761 1.3806706114398422 10.35796010619392 24
250 0.1 24.737344794651385 0.0 32.32514177693761 1.3806706114398422 11.149015982176488 25
260 0.1 24.285714285714285 0.0 32.32514177693761 1.3806706114398422 11.671644013425523 26
270 0.1 25.876777251184834 0.0 32.32514177693761 1.3806706114398422 12.13883180128807 27
280 0.1 23.69172216936251 0.0 32.32514177693761 1.3806706114398422 12.629472710212953 28
290 0.1 23.15891472868217 0.0 32.32514177693761 1.3806706114398422 13.010929588114662 29
300 0.1 24.644549763033176 0.0 32.32514177693761 1.3806706114398422 13.349195759466912 30
310 0.1 17.618586640851888 0.0 32.32514177693761 1.3806706114398422 13.71356201764647 31
320 0.1 13.229571984435799 0.0 32.32514177693761 1.3806706114398422 13.83559403712164 32
330 0.1 10.454985479186835 0.0 32.32514177693761 1.3806706114398422 13.817229732494795 33
340 0.1 6.2745098039215685 0.0 32.32514177693761 1.3806706114398422 13.718340195632797 34
350 0.1 4.121687929342492 0.0 32.32514177693761 1.3806706114398422 13.50565932729819 35
360 0.1 3.048180924287119 0.0 32.32514177693761 1.3806706114398422 13.244993455132754 36
370 0.1 1.5810276679841897 0.0 32.32514177693761 1.3806706114398422 12.969403927272062 37
380 0.1 1.5794669299111548 0.0 32.32514177693761 1.3806706114398422 12.669709815185538 38
390 0.1 1.085883514313919 0.0 32.32514177693761 1.085883514313919 12.385344612999017 39
400 0.1 1.4734774066797642 0.0 32.32514177693761 1.085883514313919 12.102858085531889 40
410 0.1 1.1799410029498525 0.0 32.32514177693761 1.085883514313919 11.843604898242813 41
420 0.1 1.0848126232741617 0.0 32.32514177693761 1.0848126232741617 11.589708138831076 42
430 0.1 1.1811023622047243 0.0 32.32514177693761 1.0848126232741617 11.34540824312045 43
440 0.1 1.1811023622047243 0.0 32.32514177693761 1.0848126232741617 11.114401291281457 44
450 0.1 1.0848126232741617 0.0 32.32514177693761 1.0848126232741617 10.893661315079752 45
460 0.1 1.1822660098522169 0.0 32.32514177693761 1.0848126232741617 10.680425473953544 46
470 0.1 1.0848126232741617 0.0 32.32514177693761 1.0848126232741617 10.478336974717347 47
478 0.1 1.083743842364532 0.0 32.32514177693761 1.083743842364532 10.282638550728947 48
