0 0 0
10 0 0
20 0 0
30 0.3 3
40 0.7 10
50 0.6 16
60 1 26
70 1.2 38
80 1.7 55
90 1.7 72
100 2.1 93
110 1.9 112
120 2.6 138
130 3.4 172
140 3.5 207
150 4.2 249
160 6.2 311
170 7 381
180 9.3 474
190 11.3 587
200 14.6 733
210 20.9 942
220 21.2 1154
230 21.3 1367
240 23.4 1601
250 24.1 1842
260 22.3 2065
270 23.5 2300
280 20.2 2502
290 23.8 2740
300 22.9 2969
310 21.8 3187
320 17.4 3361
330 15 3511
340 9 3601
350 5.6 3657
360 3.4 3691
370 1.1 3702
380 0.6 3708
390 0.3 3711
400 0.2 3713
410 0.2 3715
420 0 3715
430 0 3715
440 0.1 3716
450 0 3716
460 0 3716
470 0 3716
478 0.1 3717
