10 0.1 167 0 167 167 0 0
20 0.1 155.0 0.0 167 155 167.0 1
30 0.1 208.0 0.0 208 155 161.0 2
40 0.1 621.0 0.0 621 155 176.66666666666666 3
50 0.1 625.0 0.0 625 155 287.75 4
60 0.1 698.0 0.0 698 155 355.2 5
70 0.1 739.0 0.0 739 155 412.3333333333333 6
80 0.1 1139.0 0.0 1139 155 459.0 7
90 0.1 947.0 0.0 1139 155 544.0 8
100 0.1 1277.0 0.0 1277 155 588.7777777777778 9
110 0.1 1607.0 0.0 1607 155 657.6 10
120 0.1 1717.0 0.0 1717 155 743.9090909090909 11
130 0.1 2466.0 0.0 2466 155 825.0 12
140 0.1 3119.0 0.0 3119 155 951.2307692307693 13
150 0.1 3812.0 0.0 3812 155 1106.0714285714287 14
160 0.1 5255.0 0.0 5255 155 1286.4666666666667 15
170 0.1 6362.0 0.0 6362 155 1534.5 16
180 0.1 7243.0 0.0 7243 155 1818.4705882352941 17
190 0.1 10592.0 0.0 10592 155 2119.8333333333335 18
200 0.1 12333.0 0.0 12333 155 2565.7368421052633 19
210 0.1 14222.0 0.0 14222 155 3054.1 20
220 0.1 15806.0 0.0 15806 155 3585.904761904762 21
230 0.1 16222.0 0.0 16222 155 4141.363636363636 22
240 0.1 15865.0 0.0 16222 155 4666.608695652174 23
250 0.1 15836.0 0.0 16222 155 5133.208333333333 24
260 0.1 14284.0 0.0 16222 155 5561.32 25
270 0.1 15572.0 0.0 16222 155 5896.807692307692 26
280 0.1 13501.0 0.0 16222 155 6255.148148148148 27
290 0.1 14238.0 0.0 16222 155 6513.928571428572 28
300 0.1 13016.0 0.0 16222 155 6780.275862068966 29
310 0.1 9262.0 0.0 16222 155 6988.133333333333 30
320 0.1 7154.0 0.0 16222 155 7061.4838709677415 31
330 0.1 5291.0 0.0 16222 155 7064.375 32
340 0.1 2960.0 0.0 16222 155 7010.636363636364 33
350 0.1 1803.0 0.0 16222 155 6891.5 34
360 0.1 1072.0 0.0 16222 155 6746.114285714286 35
370 0.1 603.0 0.0 16222 155 6588.5 36
380 0.1 490.0 0.0 16222 155 6426.72972972973 37
390 0.1 109.0 0.0 16222 109 6270.5 38
400 0.1 159.0 0.0 16222 109 6112.51282051282 39
410 0.1 42.0 0.0 16222 42 5963.675 40
420 0.1 46.0 0.0 16222 42 5819.243902439024 41
430 0.1 0.0 0.0 16222 0 5681.785714285715 42
440 0.1 76.0 0.0 16222 0 5549.651162790698 43
450 0.1 0.0 0.0 16222 0 5425.250000000001 44
460 0.1 114.0 0.0 16222 0 5304.68888888889 45
470 0.1 5.0 0.0 16222 0 5191.847826086957 46
478 0.1 78.0 0.0 16222 0 5081.489361702128 47
