0 70.5484375 70.5484375
10 61.125 131.6734375
20 87.20078125 218.87421875
30 245.546875 464.42109375
40 367.36875 831.78984375
50 362.596875 1194.38671875
60 353.4671875 1547.85390625
70 537.878125 2085.73203125
80 503.7078125 2589.43984375
90 620.3765625 3209.81640625
100 660.73984375 3870.55625
110 977.846875 4848.403125
120 1109.0625 5957.465625
130 1543.08828125 7500.55390625
140 1996.675 9497.22890625
150 2287.5015625 11784.73046875
160 3336.74296875 15121.4734375
170 3122.73359375 18244.20703125
180 4512.6546875 22756.86171875
190 5652.6390625 28409.50078125
200 6267.621875 34677.12265625
210 7479.44453125 42156.5671875
220 7534.275 49690.8421875
230 7025.990625 56716.8328125
240 7216.134375 63932.9671875
250 7220.06484375 71153.03203125
260 7579.72421875 78732.75625
270 7449.20703125 86181.96328125
280 7052.1671875 93234.13046875
290 7071.215625 100305.34609375
300 5717.40859375 106022.7546875
310 4599.4625 110622.2171875
320 3609.240625 114231.4578125
330 2293.52265625 116524.98046875
340 1374.2765625 117899.25703125
350 935.22890625 118834.4859375
360 444.21953125 119278.70546875
370 376.70703125 119655.4125
380 234.14375 119889.55625
390 39.18828125 119928.74453125
400 57.1703125 119985.91484375
410 58.1421875 120044.05703125
420 0 120044.05703125
430 0 120044.05703125
440 54.55078125 120098.6078125
450 0 120098.6078125
460 0 120098.6078125
470 0 120098.6078125
478 54.54609375 120153.15390625
