0 0.5 19.999951171875 1.012115370137499 21.89306640625 19.133056640625 0 0
10 0.3 19.646647135416668 1.5966255616927616 21.89306640625 18.30908203125 19.999951171875 5
20 0.4 19.019287109375 0.25275247028551023 21.89306640625 18.30908203125 19.867462158203125 8
30 0.4 20.281494140625 2.4326072946880997 24.48095703125 18.30908203125 19.584737141927082 12
40 0.8 19.85687255859375 1.820285669014436 24.48095703125 18.117919921875 19.758926391601563 16
50 0.9 18.734700520833332 0.7331938838585256 24.48095703125 17.72998046875 19.791575113932293 24
60 0.6 20.31884765625 1.2116514500830435 24.48095703125 17.72998046875 19.503336588541668 33
70 1.4 18.983660016741073 0.6687026391892709 24.48095703125 17.72998046875 19.628799829727566 39
80 1 19.7078369140625 1.1325330089554277 24.48095703125 17.72998046875 19.458385539504718 53
90 0.9 19.98944769965278 1.6664553777668643 24.48095703125 17.72998046875 19.49798099578373 63
100 1.5 20.16806640625 2.6797985173278973 26.508056640625 17.72998046875 19.55941433376736 72
110 2 37.16826171875 76.36807283465285 369.97314453125 17.72998046875 19.664354346264368 87
120 2.9 20.189293170797413 2.856594382815619 369.97314453125 17.72998046875 22.93611273364486 107
130 3.5 32.86879185267857 70.9213744551154 445.7041015625 17.72998046875 22.350393856272976 136
140 3.9 20.219163161057697 2.7333068774472986 445.7041015625 17.72998046875 24.503282335069443 171
150 6.8 21.175881778492652 3.2559947702424936 445.7041015625 17.72998046875 23.707660202752976 210
160 10.1 21.572052908415838 3.386855447580292 445.7041015625 17.72998046875 23.08837627163894 278
170 6.7 21.70642636427238 3.560109501981294 445.7041015625 17.72998046875 22.684290098326187 379
180 13.1 23.49730140744275 4.889042323448841 445.7041015625 17.72998046875 22.53739128625981 446
190 15.8 26.081230839596518 5.462695623726069 445.7041015625 17.72998046875 22.755325819838603 577
200 10.5 74.32175641741071 304.9801294648362 2239.855224609375 0.635986328125 23.470282273065475 735
210 9.8 395.9629379583865 1249.6655762217474 5411.52001953125 0.613037109375 29.82671654110863 840
220 10.7 375.9002058082652 1537.844767773079 11579.69091796875 0.613037109375 68.07975459963019 938
230 10.2 270.20368748085167 1242.8119638281269 11579.69091796875 0.613037109375 99.59821228319377 1045
240 9.4 360.36146577875667 1268.5964684797284 11579.69091796875 0.613037109375 114.76975410547897 1147
250 12 1818.7700500488284 7074.248873814643 35405.783935546875 0.613037109375 133.37218834986905 1241
260 10.9 2167.726513223911 6701.636095730506 36309.779052734375 0.613037109375 281.9744979779918 1361
270 11.3 2828.45277931416 8192.386339401193 36309.779052734375 0.613037109375 421.8023684962266 1470
280 11.6 3433.9270629882813 13734.521394392132 66769.60986328125 0.613037109375 593.5973757119098 1583
290 10.4 1123.7113037109368 6519.823466389016 66769.60986328125 0.613037109375 787.5221807290134 1699
300 1 31.1784423828125 7.674751915828543 66769.60986328125 0.613037109375 806.9141212670722 1803
310 0.1 19.598876953125 0.0 66769.60986328125 0.613037109375 802.6353806223714 1813
320 0 0 0 66769.60986328125 0.613037109375 802.2037177206795 1814
330 0 0 0 66769.60986328125 0.613037109375 802.2037177206795 1814
340 0 0 0 66769.60986328125 0.613037109375 802.2037177206795 1814
350 0 0 0 66769.60986328125 0.613037109375 802.2037177206795 1814
360 0 0 0 66769.60986328125 0.613037109375 802.2037177206795 1814
370 0 0 0 66769.60986328125 0.613037109375 802.2037177206795 1814
380 0 0 0 66769.60986328125 0.613037109375 802.2037177206795 1814
390 0 0 0 66769.60986328125 0.613037109375 802.2037177206795 1814
400 0 0 0 66769.60986328125 0.613037109375 802.2037177206795 1814
410 0 0 0 66769.60986328125 0.613037109375 802.2037177206795 1814
420 0 0 0 66769.60986328125 0.613037109375 802.2037177206795 1814
430 0 0 0 66769.60986328125 0.613037109375 802.2037177206795 1814
440 0 0 0 66769.60986328125 0.613037109375 802.2037177206795 1814
450 0 0 0 66769.60986328125 0.613037109375 802.2037177206795 1814
460 0 0 0 66769.60986328125 0.613037109375 802.2037177206795 1814
470 0 0 0 66769.60986328125 0.613037109375 802.2037177206795 1814
478 0 0 0 66769.60986328125 0.613037109375 802.2037177206795 1814
