30 0.5 12.4578125 0.29174199539356804 12.758056640625 11.947998046875 0 0
40 0.1 12.799072265625 0.0 12.799072265625 11.947998046875 12.4578125 5
50 0.4 13.0374755859375 0.37591399625902133 13.6650390625 11.947998046875 12.514689127604166 6
60 0.6 13.078653971354166 0.3898944232312853 13.820068359375 11.947998046875 12.7238037109375 10
70 0.6 15.827718098958334 4.38406732328098 25.3310546875 11.947998046875 12.85687255859375 16
80 0.5 14.8333984375 2.02660299950384 25.3310546875 11.947998046875 13.667103160511363 22
90 0.4 13.592529296875 1.3616390776183578 25.3310546875 11.947998046875 13.88308376736111 27
100 0.6 27.459920247395832 32.374296833198656 99.84716796875 11.947998046875 13.845592867943548 31
110 1.1 13.015846946022727 0.47867907227271556 99.84716796875 11.947998046875 16.053321632179053 37
120 1.1 13.578080610795455 0.7533424257718861 99.84716796875 11.947998046875 15.357233683268229 48
130 0.7 17.561279296875 7.273310314996357 99.84716796875 11.947998046875 15.025527178230933 59
140 1.5 13.171012369791667 0.8470725954710256 99.84716796875 11.947998046875 15.294470584753787 66
150 1.7 14.181339039522058 2.128734401808679 99.84716796875 11.947998046875 14.901237581983025 81
160 1.8 14.179985894097221 2.2645206413428456 99.84716796875 11.947998046875 14.77635722257653 98
170 2.5 15.11865234375 3.3125966443052723 99.84716796875 11.947998046875 14.683816844019397 116
180 2.4 16.455464680989586 3.912728018634486 99.84716796875 11.947998046875 14.760915336879433 141
190 3.8 18.36460474917763 4.534639514769666 99.84716796875 11.947998046875 15.007395241477273 165
200 6.2 18.72661369077621 4.69019371018327 99.84716796875 0.697998046875 15.635838400554187 203
210 7.4 21.959937843116553 7.271929954871803 99.84716796875 0.697998046875 16.35896318543632 265
220 7.4 23.901235219594593 9.920639870369941 99.84716796875 0.697998046875 17.581594821626105 339
230 7.7 19.666392933238637 7.41278619754315 99.84716796875 0.697998046875 18.71392748373184 413
240 7.2 23.158304850260418 9.94983322825993 99.84716796875 0.697998046875 18.863600625797194 490
250 5.9 346.84397758871825 2481.9142625080103 19248.4619140625 0.697998046875 19.413811843166147 562
260 8 23.413027954101562 10.03680239980137 19248.4619140625 0.697998046875 50.522313902727454 621
270 5.8 98.95373956088362 529.039204165132 19248.4619140625 0.697998046875 47.42852948633649 701
280 7.2 20.367306179470486 7.94306058811221 19248.4619140625 0.697998046875 51.36589731812006 759
290 6.5 39.2017578125 135.40269678608632 19248.4619140625 0.697998046875 48.68009880791215 831
300 7 17.163131277901787 5.083124262138833 19248.4619140625 0.697998046875 47.99249594552176 896
310 5.8 15.320089405980603 3.3948717021237087 19248.4619140625 0.697998046875 45.758484013085535 966
320 4.1 15.559207078887193 3.685236205655151 19248.4619140625 0.697998046875 44.03443431854248 1024
330 2 12.81917724609375 2.201338099183503 19248.4619140625 0.697998046875 42.938204913072184 1065
340 1.5 14.0474609375 1.8734467490007425 19248.4619140625 0.697998046875 42.38301546298963 1085
350 1 12.5653564453125 3.2905123417833995 19248.4619140625 0.697998046875 41.99662153764204 1100
360 0.3 12.6904296875 0.6715964693661665 19248.4619140625 0.697998046875 41.73147500527872 1110
370 0.1 12.647216796875 0.0 19248.4619140625 0.697998046875 41.653197255096025 1113
380 0 0 0 19248.4619140625 0.697998046875 41.62715957066315 1114
390 0.1 13.824951171875 0.0 19248.4619140625 0.697998046875 41.62715957066315 1114
400 0 0 0 19248.4619140625 0.697998046875 41.60222485461043 1115
410 0 0 0 19248.4619140625 0.697998046875 41.60222485461043 1115
420 0 0 0 19248.4619140625 0.697998046875 41.60222485461043 1115
430 0 0 0 19248.4619140625 0.697998046875 41.60222485461043 1115
440 0 0 0 19248.4619140625 0.697998046875 41.60222485461043 1115
450 0 0 0 19248.4619140625 0.697998046875 41.60222485461043 1115
460 0 0 0 19248.4619140625 0.697998046875 41.60222485461043 1115
470 0 0 0 19248.4619140625 0.697998046875 41.60222485461043 1115
478 0 0 0 19248.4619140625 0.697998046875 41.60222485461043 1115
