0 0.5 6.138916015625 0.13701601681048053 6.27685546875 5.919921875 0 0
10 0.4 7.24224853515625 1.3521721338743884 9.572998046875 5.919921875 6.138916015625 5
20 0.3 6.697916666666667 0.4025890174769243 9.572998046875 5.919921875 6.629286024305555 9
30 0.5 6.666015625 0.6498753978436738 9.572998046875 5.676025390625 6.646443684895833 12
40 0.8 7.13800048828125 2.1259941508626166 12.7080078125 5.676025390625 6.652200137867647 17
50 0.9 6.591417100694445 1.0617671702640035 12.7080078125 5.676025390625 6.80765625 25
60 0.6 6.133341471354167 0.08764675828660093 12.7080078125 5.676025390625 6.750416475183823 34
70 1.3 6.824368990384615 0.6800228916338896 12.7080078125 5.676025390625 6.657855224609375 40
80 1 7.903271484375 4.050420040259623 19.990966796875 5.676025390625 6.6986982237617925 53
90 1.1 6.475741299715909 0.7706586399674977 19.990966796875 5.676025390625 6.889900328621032 63
100 2 6.49744873046875 0.36194612574093316 19.990966796875 5.676025390625 6.828336148648648 74
110 1.6 6.6587371826171875 0.9933186571802437 19.990966796875 5.676025390625 6.7579345703125 94
120 3.2 6.7493743896484375 1.1107889753788518 19.990966796875 5.676025390625 6.743505859375 110
130 3.8 6.757459138569079 1.0341908104799133 19.990966796875 5.676025390625 6.744828345070423 142
140 3.6 7.359619140625 3.291373323294517 24.078857421875 5.676025390625 6.747494845920139 180
150 8.3 7.069024143448795 2.5211674879161325 24.078857421875 5.676025390625 6.849515561704282 216
160 9 7.166748046875 1.5169245899709314 24.078857421875 5.676025390625 6.910449382054765 299
170 6.9 7.203567283740942 1.4511727787796744 24.078857421875 5.593017578125 6.969747273658419 389
180 14.7 7.71734162414966 1.881947080146509 24.078857421875 5.593017578125 7.004973432382642 458
190 15.7 9.165659521795382 4.7596614940876005 36.662109375 5.593017578125 7.178061240960743 605
200 9.8 894.028056242028 983.2627180780062 2616.85400390625 1.280029296875 7.587579521920111 762
210 11.1 4114.563562341638 1029.0792188453884 6878.426025390625 1.280029296875 108.60056407839753 860
220 11.3 5448.847688658046 1433.3067550793542 12815.98388671875 1.280029296875 566.5427811816105 971
230 10.5 5518.612569754464 1580.9369241235513 12815.98388671875 1.280029296875 1075.4915399868107 1084
240 10.6 7767.308497015036 5345.141284433174 35387.9921875 1.280029296875 1467.8613533809266 1189
250 12 27237.853342692062 8912.11856825465 35853.549072265625 1.280029296875 1983.4917759486607 1295
260 9.5 34051.40098170229 5106.336828512166 36356.16015625 1.280029296875 4125.204417651281 1415
270 10.4 39497.316617525554 10386.790236557961 65964.6630859375 1.280029296875 6007.978373667735 1510
280 11.9 66422.76632049303 437.9570980552075 67294.078125 1.280029296875 8165.903514535897 1614
290 7.5 65659.76272460938 999.4289269875023 67294.078125 1.280029296875 12166.230504673751 1733
300 0.6 63126.127766927086 18.625513672234657 67294.078125 1.280029296875 14385.265303620195 1808
310 0 0 0 67294.078125 1.280029296875 14546.48094572595 1814
320 0 0 0 67294.078125 1.280029296875 14546.48094572595 1814
330 0 0 0 67294.078125 1.280029296875 14546.48094572595 1814
340 0 0 0 67294.078125 1.280029296875 14546.48094572595 1814
350 0 0 0 67294.078125 1.280029296875 14546.48094572595 1814
360 0 0 0 67294.078125 1.280029296875 14546.48094572595 1814
370 0 0 0 67294.078125 1.280029296875 14546.48094572595 1814
380 0 0 0 67294.078125 1.280029296875 14546.48094572595 1814
390 0 0 0 67294.078125 1.280029296875 14546.48094572595 1814
400 0 0 0 67294.078125 1.280029296875 14546.48094572595 1814
410 0 0 0 67294.078125 1.280029296875 14546.48094572595 1814
420 0 0 0 67294.078125 1.280029296875 14546.48094572595 1814
430 0 0 0 67294.078125 1.280029296875 14546.48094572595 1814
440 0 0 0 67294.078125 1.280029296875 14546.48094572595 1814
450 0 0 0 67294.078125 1.280029296875 14546.48094572595 1814
460 0 0 0 67294.078125 1.280029296875 14546.48094572595 1814
470 0 0 0 67294.078125 1.280029296875 14546.48094572595 1814
478 0 0 0 67294.078125 1.280029296875 14546.48094572595 1814
