0 0.1 7.410888671875 0 7.410888671875 7.410888671875 0 0
10 0.4 6.91131591796875 0.6330808464980565 7.84814453125 6.281005859375 7.410888671875 1
20 0.5 6.839599609375 1.0941916854585727 9.01611328125 6.093994140625 7.01123046875 5
30 0.3 7.054117838541667 0.7093627685896512 9.01611328125 6.093994140625 6.9254150390625 10
40 0.3 8.126708984375 2.0317365894953854 11.0 6.093994140625 6.955115685096154 13
50 0.9 6.425455729166667 0.23055238517307478 11.0 6.093994140625 7.1747894287109375 16
60 0.9 7.142550998263889 0.8664284091630561 11.0 6.093994140625 6.905029296875 25
70 1.1 7.1244895241477275 0.9058746436770571 11.0 6.093994140625 6.967902688419118 34
80 0.9 6.741102430555555 0.6446776058718713 11.0 6.093994140625 7.006179470486111 45
90 1 7.4923583984375 2.5006107849016437 14.926025390625 6.093994140625 6.961999963831018 54
100 1.4 6.938424246651786 0.525380561870578 14.926025390625 6.093994140625 7.044868469238281 64
110 1.8 6.750908745659722 0.7680004870285165 14.926025390625 6.029052734375 7.0257630959535255 78
120 1.6 7.464691162109375 1.5850806337969676 14.926025390625 6.029052734375 6.9742279052734375 96
130 3.9 7.150540865384615 1.4919985769141677 14.926025390625 6.029052734375 7.044294084821429 112
140 3.8 6.937467876233552 0.8762329101984117 14.926025390625 6.029052734375 7.071735306291391 151
150 4.2 7.375372023809524 1.9627640024200823 17.78515625 6.029052734375 7.044739738343254 189
160 7.6 7.446003160978618 1.7999409366090267 17.78515625 6.029052734375 7.104854699337121 231
170 8.3 7.807808381965361 2.2142574536100375 20.175048828125 6.029052734375 7.189308390166938 307
180 9.5 8.326855468749999 2.1861958588951533 20.328125 6.029052734375 7.320937875600961 390
190 13.5 9.074394169560183 3.278978983555937 28.072021484375 6.029052734375 7.517973280444588 485
200 14.5 10.398045191271551 4.240782826413084 30.746826171875 6.029052734375 7.8568713772681456 620
210 9 51.2739013671875 359.02527450192844 3437.693115234375 5.998046875 8.338531773386437 765
220 11.2 57.470934186662966 469.7340505136222 5005.9619140625 5.998046875 12.858044362207602 855
230 10.2 10.308232326133576 4.743165272786433 5005.9619140625 5.998046875 18.025204300510598 967
240 9.6 12.81629180908203 7.419457153449696 5005.9619140625 5.998046875 17.288879565817936 1069
250 10.4 352.3742910531851 3449.9186328136934 35365.150146484375 5.998046875 16.92032297813841 1165
260 11.6 49.473765406115305 396.63768669293944 35365.150146484375 5.968994140625 44.412216342838846 1269
270 11.6 92.11691599878773 558.5767170578474 35365.150146484375 0.618896484375 44.83614391781362 1385
280 12 12.109901936848958 6.759775950649491 35365.150146484375 0.618896484375 48.490087662912224 1501
290 11.3 62.30331555931964 373.01494074955343 35365.150146484375 0.618896484375 45.79692153883598 1621
300 6.4 9.655498504638672 3.225497625790876 35365.150146484375 0.618896484375 46.87259773509588 1734
310 1.3 8.40337665264423 2.244966854581935 35365.150146484375 0.618896484375 45.54785115514634 1798
320 0.3 7.266357421875 0.053530117031088016 35365.150146484375 0.618896484375 45.281214949440916 1811
330 0 0 0 35365.150146484375 0.618896484375 45.2183458355585 1814
340 0 0 0 35365.150146484375 0.618896484375 45.2183458355585 1814
350 0 0 0 35365.150146484375 0.618896484375 45.2183458355585 1814
360 0 0 0 35365.150146484375 0.618896484375 45.2183458355585 1814
370 0 0 0 35365.150146484375 0.618896484375 45.2183458355585 1814
380 0 0 0 35365.150146484375 0.618896484375 45.2183458355585 1814
390 0 0 0 35365.150146484375 0.618896484375 45.2183458355585 1814
400 0 0 0 35365.150146484375 0.618896484375 45.2183458355585 1814
410 0 0 0 35365.150146484375 0.618896484375 45.2183458355585 1814
420 0 0 0 35365.150146484375 0.618896484375 45.2183458355585 1814
430 0 0 0 35365.150146484375 0.618896484375 45.2183458355585 1814
440 0 0 0 35365.150146484375 0.618896484375 45.2183458355585 1814
450 0 0 0 35365.150146484375 0.618896484375 45.2183458355585 1814
460 0 0 0 35365.150146484375 0.618896484375 45.2183458355585 1814
470 0 0 0 35365.150146484375 0.618896484375 45.2183458355585 1814
478 0 0 0 35365.150146484375 0.618896484375 45.2183458355585 1814
