0 0.1 6.5390625 0 6.5390625 6.5390625 0 0
10 0.3 6.491373697916667 0.7769448317983432 7.5009765625 5.611083984375 6.5390625 1
20 0.2 5.822021484375 0.182861328125 7.5009765625 5.611083984375 6.5032958984375 4
30 0.5 5.960205078125 0.30736903278132494 7.5009765625 5.412109375 6.276204427083333 6
40 0.4 5.79248046875 0.24046680402557033 7.5009765625 5.412109375 6.132568359375 11
50 0.6 6.4891357421875 0.9224347258039596 8.158935546875 5.412109375 6.041878255208333 15
60 0.7 5.700578962053571 0.21717214254214978 8.158935546875 5.407958984375 6.1696661086309526 21
70 0.8 6.315521240234375 0.5356433758857946 8.158935546875 5.407958984375 6.052394321986607 28
80 1 5.7246826171875 0.2613752713176937 8.158935546875 5.3740234375 6.110866970486111 36
90 0.8 6.2081298828125 0.8023392384670639 8.158935546875 5.3740234375 6.026913850203805 46
100 1.2 6.646687825520833 1.1346334787894619 9.901123046875 5.3740234375 6.053760669849537 54
110 1.9 6.256578947368421 0.8514023283390851 9.901123046875 5.3740234375 6.161565607244318 66
120 1.7 6.797765395220588 2.2705247709311815 15.033935546875 5.3740234375 6.182803883272059 85
130 2.6 6.248356745793269 1.6669485793687564 15.033935546875 5.3740234375 6.285297468596814 102
140 3.1 6.230846774193548 0.7770377913569047 15.033935546875 5.3740234375 6.277793884277344 128
150 5 6.038876953125 0.8353433619719466 15.033935546875 5.343994140625 6.26864067413522 159
160 5.8 6.524755017510776 1.4537446267358811 15.033935546875 5.317138671875 6.213673276764354 209
170 7.6 6.828860634251645 1.504703352985547 15.033935546875 5.317138671875 6.281249085615637 267
180 8.4 7.613374255952381 1.8857562868621747 15.094970703125 5.317138671875 6.402585755284257 343
190 9.3 8.080485026041663 2.404214083840088 15.364013671875 5.317138671875 6.6407736570550355 427
200 15.7 10.806615744426754 5.442039881918102 32.0849609375 5.317138671875 6.8982604980468745 520
210 11 12.139814897017043 6.702075113895433 37.217041015625 5.317138671875 7.804629439969535 677
220 11 10.914553000710228 6.349641982710446 37.217041015625 0.635986328125 8.410563874880877 787
230 10.1 11.868538733756187 7.756676972123915 37.217041015625 0.635986328125 8.717630545829849 897
240 8.8 12.215362548828127 8.712448452952497 58.5 0.635986328125 9.036510031782315 998
250 11.2 11.95608956473214 7.5045050093186205 58.5 0.635986328125 9.294096607749195 1086
260 11.6 11.04473876953125 6.102638206470364 58.5 0.635986328125 9.542964062826064 1198
270 10.4 90.9173091008113 518.3168752734008 4568.281005859375 0.635986328125 9.675540825366248 1314
280 11.7 36.96186398237178 285.6586139744887 4568.281005859375 0.635986328125 15.6340344083326 1418
290 12 81.54194132486977 446.24254040939616 4568.281005859375 0.635986328125 17.25967353547435 1535
300 9.6 10.227198282877607 6.804428215309673 4568.281005859375 0.635986328125 21.92062346582326 1655
310 4.5 7.1472764756944445 1.9727374601062373 4568.281005859375 0.635986328125 21.279521913817103 1751
320 1.2 7.473103841145833 2.412655810102387 4568.281005859375 0.635986328125 20.92542890451002 1796
330 0.6 6.113850911458333 0.666744436257909 4568.281005859375 0.635986328125 20.83614356116911 1808
340 0 0 0 4568.281005859375 0.635986328125 20.787447995624312 1814
350 0 0 0 4568.281005859375 0.635986328125 20.787447995624312 1814
360 0 0 0 4568.281005859375 0.635986328125 20.787447995624312 1814
370 0 0 0 4568.281005859375 0.635986328125 20.787447995624312 1814
380 0 0 0 4568.281005859375 0.635986328125 20.787447995624312 1814
390 0 0 0 4568.281005859375 0.635986328125 20.787447995624312 1814
400 0 0 0 4568.281005859375 0.635986328125 20.787447995624312 1814
410 0 0 0 4568.281005859375 0.635986328125 20.787447995624312 1814
420 0 0 0 4568.281005859375 0.635986328125 20.787447995624312 1814
430 0 0 0 4568.281005859375 0.635986328125 20.787447995624312 1814
440 0 0 0 4568.281005859375 0.635986328125 20.787447995624312 1814
450 0 0 0 4568.281005859375 0.635986328125 20.787447995624312 1814
460 0 0 0 4568.281005859375 0.635986328125 20.787447995624312 1814
470 0 0 0 4568.281005859375 0.635986328125 20.787447995624312 1814
478 0 0 0 4568.281005859375 0.635986328125 20.787447995624312 1814
