30 0.8 4.54656982421875 0.08749825526950308 4.677978515625 4.42578125 0 0
40 1.6 4.48248291015625 0.10135668294056356 4.697021484375 4.323974609375 4.54656982421875 8
50 1.6 4.693511962890625 0.6483812932564816 7.009033203125 4.308837890625 4.50384521484375 24
60 0.8 5.346466064453125 2.222515609386227 11.22314453125 4.308837890625 4.5797119140625 40
70 2.4 4.572713216145833 0.14244621596637436 11.22314453125 4.308837890625 4.7075042724609375 48
80 0.8 4.557159423828125 0.11520375232818053 11.22314453125 4.308837890625 4.662573920355903 72
90 4 5.159539794921875 2.1716426985762634 15.35107421875 4.308837890625 4.652032470703125 80
100 1.6 4.8515472412109375 0.304661082916804 15.35107421875 4.308837890625 4.821201578776042 120
110 4 4.5934692382812505 0.24683442778321096 15.35107421875 4.308837890625 4.824771656709559 136
120 3.2 4.850646972656251 0.7277611822247438 15.35107421875 4.308837890625 4.772202925248579 176
130 8 5.14875183105469 0.9839118944406844 15.35107421875 4.308837890625 4.784271240234374 208
140 12 4.855310058593748 0.6779428545435972 15.35107421875 4.308837890625 4.885515848795573 288
150 7.5 5.520253906249999 2.5383621230927567 20.869140625 4.308837890625 4.87663179285386 408
160 15.7 5.297655627985669 1.0966240549381792 20.869140625 4.308837890625 4.976573114809781 483
170 13.6 5.515393425436582 1.820744118835018 20.869140625 4.308837890625 5.055338668823241 640
180 14.4 5.64596388075087 1.6271136646578108 20.869140625 4.308837890625 5.135966822044136 776
190 20.8 6.8859687218299275 3.216765689592603 34.0 4.308837890625 5.2157924486243195 920
200 27.3 7.605266640911172 3.431689337039351 34.0 4.308837890625 5.523768215314716 1128
210 39 9.873210887419873 6.134329924594653 34.0 4.308837890625 5.92937069225107 1401
220 40.2 24.82475622376399 275.1908518451566 5533.430908203125 0.989013671875 6.788163364565885 1791
230 35.7 21.606818704044112 239.06064673410165 5533.430908203125 0.989013671875 10.094460824391529 2193
240 37.5 34.18610351562503 331.00905926094663 5533.430908203125 0.989013671875 11.70619092754289 2550
250 36.3 21.496286775783403 236.27443316792233 5533.430908203125 0.697021484375 14.588231002938034 2925
260 39.8 20.806352931650448 225.64828750973493 5533.430908203125 0.697021484375 15.350890445013116 3288
270 40.2 25.613606163518345 199.67175570828522 5533.430908203125 0.697021484375 15.939950149213239 3686
280 34.3 9.92839490706997 7.377186409398954 5533.430908203125 0.697021484375 16.891224542009386 4088
290 38.5 10.887496829342533 8.056294507928744 5533.430908203125 0.697021484375 16.352237729826083 4431
300 36.8 7.717945264733358 4.055391709568091 5533.430908203125 0.697021484375 15.915376175281613 4816
310 32.3 5.6678531044407885 1.7239297806680556 5533.430908203125 0.697021484375 15.333459783483434 5184
320 26.3 5.224472916171578 1.0120599216269497 5533.430908203125 0.697021484375 14.766546589851552 5507
330 17.4 5.018988247575428 1.136276038404089 5533.430908203125 0.697021484375 14.331613249092829 5770
340 11.2 4.859398978097096 0.6765781140891961 5533.430908203125 0.697021484375 14.059002759479096 5944
350 8.8 4.67215243252841 0.8803342482941567 5533.430908203125 0.697021484375 13.88886477673227 6056
360 4 4.82550048828125 1.8093989528378347 5533.430908203125 0.697021484375 13.7568545738856 6144
370 4.8 4.678441365559897 0.5047540906144721 5533.430908203125 0.697021484375 13.69908384888169 6184
380 3.2 4.602859497070312 0.45778689490857033 5533.430908203125 0.697021484375 13.629605216147505 6232
390 0.8 4.97015380859375 1.502301222912942 5533.430908203125 0.697021484375 13.583491572627315 6264
400 0.8 4.748260498046875 0.8784145966910949 5533.430908203125 0.697021484375 13.572505172418088 6272
410 0.8 4.4649658203125 0.07861972569179312 5533.430908203125 0.697021484375 13.561264096399782 6280
420 0 0 0 5533.430908203125 0.697021484375 13.549691197829695 6288
430 0 0 0 5533.430908203125 0.697021484375 13.549691197829695 6288
440 0.8 4.4993896484375 0.0952588102115906 5533.430908203125 0.697021484375 13.549691197829695 6288
450 0 0 0 5533.430908203125 0.697021484375 13.538191449990569 6296
460 0 0 0 5533.430908203125 0.697021484375 13.538191449990569 6296
470 0 0 0 5533.430908203125 0.697021484375 13.538191449990569 6296
478 0.8 4.5218505859375 0.05741069451301867 5533.430908203125 0.697021484375 13.538191449990569 6296
