30 0.1 18.572998046875 0 18.572998046875 18.572998046875 0 0
40 0.5 20.648876953125 2.649611115261734 24.7041015625 18.463134765625 18.572998046875 1
50 0.2 19.8165283203125 0.3665771484375 24.7041015625 18.463134765625 20.302897135416668 6
60 0.5 19.222412109375 1.2188050771152423 24.7041015625 18.072021484375 20.181304931640625 8
70 0.4 18.6085205078125 0.2696640406248093 24.7041015625 18.072021484375 19.8125 13
80 0.9 19.73114691840278 1.1709908818226569 24.7041015625 18.072021484375 19.529210707720587 17
90 0.1 19.7451171875 0.0 24.7041015625 18.072021484375 19.59911170372596 26
100 0.8 19.943603515625 1.4976026231918274 24.7041015625 18.072021484375 19.60451931423611 27
110 1 19.4358642578125 1.6528700188422747 24.7041015625 18.072021484375 19.682024274553573 35
120 1 20.597705078125 2.2235413940562005 24.89306640625 17.947021484375 19.627322048611113 45
130 0.8 20.508880615234375 1.8093263939829165 24.89306640625 17.947021484375 19.803755326704547 55
140 1 19.854345703125 1.2130904038383428 24.89306640625 17.947021484375 19.893295045882937 63
150 1.8 21.45876736111111 3.9637291955290697 32.31103515625 17.947021484375 19.88795951947774 73
160 1.7 23.288315716911764 5.154133128903074 37.798828125 17.947021484375 20.198668762877748 91
170 1.6 23.381057739257813 3.857969396067801 37.798828125 17.947021484375 20.685002079716437 108
180 3.2 23.198501586914063 3.9262425654260604 37.798828125 17.947021484375 21.032880229334676 124
190 2.8 25.703752790178573 4.692856712189912 39.8369140625 17.947021484375 21.477110251402245 156
200 4.4 26.500921075994317 6.291042621612792 45.2021484375 17.947021484375 22.12029498556386 184
210 7.8 29.858051006610577 7.891787476484116 50.801025390625 17.947021484375 22.96567896792763 228
220 6.9 30.47838824728261 8.484276717407155 55.23193359375 17.947021484375 24.722558115042894 306
230 6.7 28.697050635494403 8.1306561596783 55.23193359375 17.947021484375 25.781630859375 375
240 7.7 30.88318663758117 8.425418535918244 56.130126953125 17.7900390625 26.223561006433822 442
250 7.2 30.108296712239582 11.092666515140975 90.52099609375 17.7900390625 26.914873479648364 519
260 7.2 534.3858439127604 4240.756023411057 36267.53515625 17.7900390625 27.30391996483714 591
270 6.8 32.798469094669116 13.08828285885291 36267.53515625 0.668212890625 82.37164021257541 663
280 6.8 28.862879136029413 11.857093136420609 36267.53515625 0.668212890625 77.76018243416553 731
290 6.3 32.028545076884924 11.429315443919867 36267.53515625 0.668212890625 73.59870981304756 799
300 6.9 27.080828238224637 6.706639574843149 36267.53515625 0.668212890625 70.56051911887326 862
310 6.3 22.19925750248015 6.078800576551276 36267.53515625 0.668212890625 67.33807156703142 931
320 5.2 21.15806227463942 4.508476432538648 36267.53515625 0.668212890625 64.47716081646126 994
330 3.4 19.84541590073529 3.756586694553107 36267.53515625 0.668212890625 62.323630105013144 1046
340 1.4 19.897094726562504 2.451791481991748 36267.53515625 0.668212890625 60.98635299117477 1080
350 1.1 20.069935191761363 3.7019728939449728 36267.53515625 0.668212890625 60.46053067334609 1094
360 0.7 16.351283482142858 5.16608869925431 36267.53515625 0.668212890625 60.05845234728507 1105
370 0.2 18.364990234375 0.5 36267.53515625 0.668212890625 59.783317291479314 1112
380 0 0 0 36267.53515625 0.668212890625 59.7089576378759 1114
390 0.1 19.363037109375 0.0 36267.53515625 0.668212890625 59.7089576378759 1114
400 0 0 0 36267.53515625 0.668212890625 59.67277295578756 1115
410 0 0 0 36267.53515625 0.668212890625 59.67277295578756 1115
420 0 0 0 36267.53515625 0.668212890625 59.67277295578756 1115
430 0 0 0 36267.53515625 0.668212890625 59.67277295578756 1115
440 0 0 0 36267.53515625 0.668212890625 59.67277295578756 1115
450 0 0 0 36267.53515625 0.668212890625 59.67277295578756 1115
460 0 0 0 36267.53515625 0.668212890625 59.67277295578756 1115
470 0 0 0 36267.53515625 0.668212890625 59.67277295578756 1115
478 0 0 0 36267.53515625 0.668212890625 59.67277295578756 1115
