0 16 16
10 22 22
20 25 25
30 42 43
40 50 50
50 59 59
60 65 65
70 84 86
80 80 90
90 96 96
100 106 107
110 125 125
120 166 166
130 210 210
140 249 249
150 349 350
160 445 445
170 511 516
180 725 725
190 938 938
200 1079 1080
210 1413 1413
220 1794 1794
230 2203 2203
240 2116 2300
250 1875 2300
260 1652 2300
270 1417 2300
280 1215 2300
290 977 2300
300 748 2300
310 530 2300
320 356 2300
330 206 2300
340 116 2300
350 60 2300
360 26 2300
370 15 2300
380 9 2300
390 6 2300
400 4 2300
410 2 2300
420 2 2300
430 2 2300
440 1 2300
450 1 2300
460 1 2300
470 1 2300
478 0 2300
