0 1.6 16
10 0.6 22
20 0.3 25
30 2 45
40 1.5 60
50 1.5 75
60 1.6 91
70 3.1 122
80 1.3 135
90 3.3 168
100 3.1 199
110 3.8 237
120 6.7 304
130 7.8 382
140 7.4 456
150 14.2 598
160 15.8 756
170 13.6 892
180 30.7 1199
190 32.6 1525
200 28.7 1812
210 54.3 2355
220 59.3 2948
230 62.2 3570
240 14.7 3717
250 0 3717
260 0 3717
270 0 3717
280 0 3717
290 0 3717
300 0 3717
310 0 3717
320 0 3717
330 0 3717
340 0 3717
350 0 3717
360 0 3717
370 0 3717
380 0 3717
390 0 3717
400 0 3717
410 0 3717
420 0 3717
430 0 3717
440 0 3717
450 0 3717
460 0 3717
470 0 3717
478 0 3717
