0 0.2 36.6754150390625 25.9205322265625 62.595947265625 10.7548828125 0 0
10 0.1 8.77001953125 0.0 62.595947265625 8.77001953125 36.6754150390625 2
20 0.6 17.664998372395832 12.454634755941134 62.595947265625 8.77001953125 27.373616536458332 3
30 0.4 13.15118408203125 6.233869812689167 62.595947265625 8.77001953125 20.901204427083332 9
40 0.6 75.733642578125 104.7496765032335 298.77001953125 8.77001953125 18.516582782451923 13
50 0.5 98.598486328125 84.81259539121633 298.77001953125 8.77001953125 36.58512798108553 19
60 0.8 22.36444091796875 14.68440463632291 298.77001953125 8.77001953125 49.50457763671875 24
70 0.9 50.269259982638886 57.75317571712939 298.77001953125 8.77001953125 42.71954345703125 32
80 1 46.1056640625 51.545139610747356 298.77001953125 8.526123046875 44.37679830411585 41
90 1 46.228515625 45.58722306897769 298.77001953125 8.526123046875 44.71579159007353 51
100 1.2 115.81813557942708 91.4653804926198 298.77001953125 8.526123046875 44.96377913678279 61
110 1.6 49.772613525390625 34.05802762510947 298.77001953125 8.526123046875 56.61107060680651 73
120 1.9 344.75950863486844 348.67760224377366 913.988037109375 8.526123046875 55.38168506408006 89
130 1.4 1594.8359898158483 497.05100869971557 2642.968994140625 8.526123046875 106.29074661820023 108
140 3.3 1685.8539077296402 1282.6290465996165 3758.673095703125 0.751953125 277.10741387038934 122
150 5.2 1397.5693547175479 1419.6105557366136 3758.673095703125 0.642822265625 577.0340867565524 155
160 6.9 727.0249412647192 1031.1287812184005 3758.673095703125 0.642822265625 783.1588883699425 207
170 6.7 717.3915651236008 927.6029722385515 3758.673095703125 0.642822265625 769.1254015936366 276
180 7.9 427.1984214299842 746.9050862636749 3758.673095703125 0.630126953125 759.0199583181486 343
190 13 469.5045842097356 730.6981671496204 3758.673095703125 0.630126953125 696.9017085215492 422
200 11.5 511.4912491508152 747.5482162062721 3758.673095703125 0.630126953125 643.3480379408684 552
210 9 793.4615912543403 1394.7503933746489 7207.617919921875 0.630126953125 620.6141088391352 667
220 8.5 523.3002527573531 769.3089553201406 7207.617919921875 0.630126953125 641.1640076731753 757
230 6.4 442.4960823059082 720.3518727119322 7207.617919921875 0.630126953125 629.2656476163525 842
240 2.6 779.804922250601 720.3964975969619 7207.617919921875 0.630126953125 616.072212539235 906
250 1.2 1006.2831013997396 606.3386415440061 7207.617919921875 0.630126953125 620.6398632393375 932
260 0.2 1194.3499755859375 98.5889892578125 7207.617919921875 0.630126953125 625.5421077922239 944
270 0.1 990.611083984375 0.0 7207.617919921875 0.630126953125 626.744661423923 946
280 0 0 0 7207.617919921875 0.630126953125 627.1288920707663 947
290 0 0 0 7207.617919921875 0.630126953125 627.1288920707663 947
300 0 0 0 7207.617919921875 0.630126953125 627.1288920707663 947
310 0 0 0 7207.617919921875 0.630126953125 627.1288920707663 947
320 0 0 0 7207.617919921875 0.630126953125 627.1288920707663 947
330 0 0 0 7207.617919921875 0.630126953125 627.1288920707663 947
340 0 0 0 7207.617919921875 0.630126953125 627.1288920707663 947
343 0 0 0 7207.617919921875 0.630126953125 627.1288920707663 947
