0 0.2 33.1669921875 3.445068359375 36.612060546875 29.721923828125 0 0
10 0.3 8.477376302083334 0.4747800725012544 36.612060546875 8.035888671875 33.1669921875 2
20 0.5 14.381201171875 8.034253522265411 36.612060546875 8.035888671875 18.35322265625 5
30 0.4 13.00628662109375 4.711537205543512 36.612060546875 7.8740234375 16.3672119140625 10
40 0.7 174.560302734375 308.4812321200796 899.8828125 7.8740234375 15.406947544642858 14
50 0.4 43.96856689453125 28.422863786501765 899.8828125 7.8740234375 68.45806594122024 21
60 1 14.1398193359375 9.102380411651962 899.8828125 7.8740234375 64.53974609375 25
70 0.9 34.12665473090278 29.84955333803334 899.8828125 7.673095703125 50.13976702008929 35
80 1 17.956103515625 16.199167708147932 899.8828125 7.4580078125 46.86435768821023 44
90 1 85.7578369140625 86.70062995557556 899.8828125 7.4580078125 41.510977285879626 54
100 1.2 97.73443603515625 128.6433650399607 899.8828125 7.4580078125 48.4245491027832 64
110 1.8 51.285847981770836 34.07254554551185 899.8828125 7.4580078125 56.21032072368421 76
120 1.9 415.7159488075658 368.26983876976374 899.8828125 7.178955078125 55.267336581615695 94
130 1.8 1691.6893988715278 768.1467674644252 2599.05419921875 7.178955078125 115.87374040721792 113
140 3.9 2062.7205716646636 1014.4605036802777 3724.927001953125 0.6630859375 332.3980293565124 131
150 5 1282.0481445312498 1404.399827626057 3724.927001953125 0.6630859375 729.3543772977941 170
160 7.6 867.1430535567434 1133.7941907548654 3724.927001953125 0.6630859375 854.9665971235795 220
170 6.3 786.359142485119 939.9452063803277 3724.927001953125 0.6630859375 858.0929845861486 296
180 9.4 467.27292844082444 813.3441355969679 3724.927001953125 0.6630859375 845.5045944681407 359
190 13.2 551.1789587772253 793.7414460208782 3724.927001953125 0.6298828125 767.0194363962472 453
200 9.9 695.4826487531566 819.4840565946499 3724.927001953125 0.6298828125 718.3169696514423 585
210 9.6 589.3092575073241 1115.4119307235046 8430.107177734375 0.6298828125 715.0120021530062 684
220 8.6 665.6008158839023 1402.8727003079332 9038.568115234375 0.6298828125 699.5408951196914 780
230 5.2 734.997314453125 860.6711847015888 9038.568115234375 0.6298828125 696.1704022625576 866
240 1.7 525.8790211397059 691.5024299978335 9038.568115234375 0.6298828125 698.36974805113 918
250 1 655.436181640625 654.8627602077802 9038.568115234375 0.6298828125 695.2335530163768 935
260 0.2 702.8370361328125 701.9739990234375 9038.568115234375 0.6298828125 694.8124168113425 945
270 0 0 0 9038.568115234375 0.6298828125 694.8293642650309 947
280 0 0 0 9038.568115234375 0.6298828125 694.8293642650309 947
290 0 0 0 9038.568115234375 0.6298828125 694.8293642650309 947
300 0 0 0 9038.568115234375 0.6298828125 694.8293642650309 947
310 0 0 0 9038.568115234375 0.6298828125 694.8293642650309 947
320 0 0 0 9038.568115234375 0.6298828125 694.8293642650309 947
330 0 0 0 9038.568115234375 0.6298828125 694.8293642650309 947
340 0 0 0 9038.568115234375 0.6298828125 694.8293642650309 947
343 0 0 0 9038.568115234375 0.6298828125 694.8293642650309 947
