40 0.3 955.259033203125 1280.8019298081842 2766.2900390625 21.364013671875 0 0
50 0.1 4586.037109375 0.0 4586.037109375 21.364013671875 955.259033203125 3
60 0.1 23.897216796875 0.0 4586.037109375 21.364013671875 1862.9535522460938 4
70 0.1 20.7919921875 0.0 4586.037109375 20.7919921875 1495.14228515625 5
80 0.2 114.178466796875 29.862548828125 4586.037109375 20.7919921875 1249.417236328125 6
90 0.4 67.3712158203125 41.764977275829246 4586.037109375 20.7919921875 965.6075439453125 8
100 0.4 150.633056640625 98.30700036000255 4586.037109375 20.7919921875 666.1954345703125 12
110 0.1 23.116943359375 0.0 4586.037109375 20.7919921875 537.3048400878906 16
120 0.3 754.627685546875 81.50751715007274 4586.037109375 20.7919921875 507.0584932215074 17
130 0.4 1461.9857788085938 373.2011063937549 4586.037109375 20.7919921875 544.1938720703125 20
140 0.5 1830.960205078125 966.2794215380356 4586.037109375 4.712890625 697.159189860026 24
150 0.8 930.0734558105469 1188.3092027156476 4586.037109375 1.112060546875 892.642123518319 29
160 1.6 1010.7625122070314 1155.4383826168003 4586.037109375 0.953857421875 900.7353845544764 37
170 1.3 972.2042705829327 901.5173669620622 4586.037109375 0.89892578125 933.9511212043043 53
180 1.5 830.648388671875 892.5015290428345 4586.037109375 0.864013671875 941.4858324455492 66
190 1.4 950.0973423549107 859.3464681146439 4586.037109375 0.864013671875 920.9603798948689 81
200 3.2 448.0269393920899 712.2575739558512 4586.037109375 0.825927734375 925.254248046875 95
210 3.8 822.7058619449014 1804.4366957567179 9136.911865234375 0.825927734375 805.0079970472441 127
220 2.8 716.5912126813616 1139.120152426185 9136.911865234375 0.825927734375 809.0838689630682 165
230 3.4 1571.1371495863968 5192.297137173557 31055.650146484375 0.825927734375 795.6652452538051 193
240 2.9 566.2059705010776 727.2793664731623 31055.650146484375 0.825927734375 911.8152221141933 227
250 2.6 683.8504638671875 689.7205087473118 31055.650146484375 0.825927734375 872.664174079895 256
260 2.6 913.0581336388221 611.898063719207 31055.650146484375 0.825927734375 855.2558178191489 282
270 1.6 1004.3675689697267 207.7247566063724 31055.650146484375 0.825927734375 860.1352340896408 308
280 0.8 389.2091064453125 124.62416842568443 31055.650146484375 0.825927734375 867.2578185281636 324
290 1.3 21.13348858173077 23.040885723428477 31055.650146484375 0.825927734375 855.738572453878 332
300 0.1 28.8779296875 0.0 31055.650146484375 0.825927734375 824.2896852355072 345
310 0.5 5.90673828125 1.75383048456769 31055.650146484375 0.825927734375 821.9908073292992 346
320 0.1 4.864013671875 0.0 31055.650146484375 0.825927734375 810.3656781405805 351
330 0.1 5.34912109375 0.0 31055.650146484375 0.825927734375 808.077321139249 352
340 0.1 5.80712890625 0.0 31055.650146484375 0.825927734375 805.8033035753807 353
343 0 0 0 31055.650146484375 0.825927734375 803.5434273757503 354
