0 1.3 9.603327824519228 28.183474243007296 107.22998046875 1.160888671875 0 0
10 1 1.8181884765625 0.4763852906237962 107.22998046875 1.160888671875 9.603327824519228 13
20 0.7 1.6127232142857142 0.2796784259966886 107.22998046875 1.160888671875 6.218484629755434 23
30 1.2 1.5163370768229167 0.2671331610336169 107.22998046875 1.033935546875 5.143806966145832 30
40 1.3 1.9891639122596154 1.331107187716476 107.22998046875 1.033935546875 4.107386997767857 42
50 0.9 1.5371907552083333 0.21090848746756521 107.22998046875 1.033935546875 3.606716086647727 55
60 1.9 2.294163754111842 3.4702523116880557 107.22998046875 1.033935546875 3.315689086914062 64
70 1.7 1.5321116727941178 0.22311802455841587 107.22998046875 1.033935546875 3.0818459384412646 83
80 1.5 1.5754231770833333 0.2541973220598766 107.22998046875 1.033935546875 2.81839111328125 100
90 4 1.5179443359375002 0.222081496628925 107.22998046875 1.033935546875 2.6562648607336956 115
100 4.2 1.4941755022321428 0.24417393380612956 107.22998046875 1.033935546875 2.3625047253024194 155
110 3.6 1.7379964192708333 1.250656215955551 107.22998046875 0.97998046875 2.177378698048858 197
120 7.8 1.8434682992788458 2.967817554701185 107.22998046875 0.962890625 2.1094913073363735 233
130 8 1.5339599609375 0.7730873284301609 107.22998046875 0.9150390625 2.042771710460209 311
140 8.3 1.5865140248493976 1.4133837829296902 107.22998046875 0.9150390625 1.9386670046755115 391
150 13.1 1.5791295175333973 1.780545021132072 107.22998046875 0.89599609375 1.8770030862671414 474
160 14.4 1.7393612331814237 1.2069788182340127 107.22998046875 0.89599609375 1.8125048424586776 605
170 15.2 1.8127585963199013 1.5455839921857812 107.22998046875 0.89599609375 1.798442519713785 749
180 27.2 1.8410554773667283 2.0921417429969487 107.22998046875 0.883056640625 1.8008576624930632 901
190 31.3 1.9147645017971238 1.9757943435876557 107.22998046875 0.883056640625 1.8101788949275361 1173
200 32.3 1.3547529568982197 0.42419025186319687 107.22998046875 0.867919921875 1.8322080301564603 1486
210 59.3 1.5712318356081374 1.4797536205340112 107.22998046875 0.867919921875 1.7469576218300857 1809
220 58.5 2.0868247529380355 4.263055391528035 107.22998046875 0.860107421875 1.703574861118339 2402
230 62.8 1.5391262564689496 1.2650769478304926 107.22998046875 0.860107421875 1.7786338456226987 2987
240 107.3 1.714566389867777 2.049113050814132 107.22998046875 0.843994140625 1.737026441476487 3615
250 115.9 2.3025953475517684 2.9386819973853955 107.22998046875 0.843994140625 1.7318857342716778 4688
260 113.7 2.272586980197343 2.921353053692707 107.22998046875 0.781982421875 1.845012541487622 5847
270 23.4 2.3174381093082257 2.7559518996870396 107.22998046875 0.781982421875 1.914621953975158 6984
280 0.3 1.449951171875 0.16758684611357602 107.22998046875 0.781982421875 1.9276808318288485 7218
290 0.8 1.427490234375 0.21434886461655306 107.22998046875 0.781982421875 1.9274823566896904 7221
300 0.9 1.6477593315972223 0.870691635444537 107.22998046875 0.781982421875 1.9269290385297073 7229
310 0.5 1.5509765625 0.12830749168971411 107.22998046875 0.781982421875 1.9265819084713496 7238
320 0.6 1.4381917317708333 0.31721347823556145 107.22998046875 0.781982421875 1.9263226199541803 7243
330 1 1.52490234375 0.1796856092270596 107.22998046875 0.781982421875 1.9259185938362193 7249
340 1 1.5203125 0.31120717225083966 107.22998046875 0.781982421875 1.9253661537617102 7259
350 0.5 1.504638671875 0.19129286541234625 107.22998046875 0.781982421875 1.92480891940518 7269
360 0.8 2.927398681640625 3.3797594700703875 107.22998046875 0.781982421875 1.9245201029028909 7274
370 0.8 1.483734130859375 0.17054572355779007 107.22998046875 0.781982421875 1.9256218645933472 7282
380 0.2 5.049560546875 3.760498046875 107.22998046875 0.781982421875 1.9251369397826652 7290
390 0.1 1.760986328125 0.0 107.22998046875 0.781982421875 1.925993885368812 7292
400 0.1 1.513916015625 0.0 107.22998046875 0.781982421875 1.9259712598981906 7293
410 0 0 0 107.22998046875 0.781982421875 1.925914767542244 7294
413 0.2 1.5115966796875 0.0875244140625 107.22998046875 0.781982421875 1.925914767542244 7294
