0 0.1 25.012340600575893 0 25.012340600575893 25.012340600575893 0 0
10 0.1 2.3645320197044337 0.0 25.012340600575893 2.3645320197044337 25.012340600575893 1
20 0.1 1.8700787401574805 0.0 25.012340600575893 1.8700787401574805 13.688436310140164 2
30 0.1 1.4851485148514851 0.0 25.012340600575893 1.4851485148514851 9.748983786812603 3
40 0.1 1.383399209486166 0.0 25.012340600575893 1.383399209486166 7.683024968822324 4
50 0.1 2.1653543307086616 0.0 25.012340600575893 1.383399209486166 6.423099816955093 5
60 0.1 1.8793273986152326 0.0 25.012340600575893 1.383399209486166 5.713475569247354 6
70 0.1 1.881188118811881 0.0 25.012340600575893 1.383399209486166 5.165740116299908 7
80 0.1 2.274975272007913 0.0 25.012340600575893 1.383399209486166 4.755171116613905 8
90 0.1 2.571711177052423 0.0 25.012340600575893 1.383399209486166 4.4795938005465725 9
100 0.1 3.343166175024582 0.0 25.012340600575893 1.383399209486166 4.288805538197158 10
110 0.1 3.5538005923000986 0.0 25.012340600575893 1.383399209486166 4.202838323363288 11
120 0.1 4.027504911591356 0.0 25.012340600575893 1.383399209486166 4.148751845774689 12
130 0.1 5.703048180924287 0.0 25.012340600575893 1.383399209486166 4.139425158529817 13
140 0.1 6.045589692765114 0.0 25.012340600575893 1.383399209486166 4.251112517272278 14
150 0.1 7.1779744346116034 0.0 25.012340600575893 1.383399209486166 4.3707443289718 15
160 0.1 8.200000000000001 0.0 25.012340600575893 1.383399209486166 4.546196210574288 16
170 0.1 11.133004926108374 0.0 25.012340600575893 1.383399209486166 4.761125845246389 17
180 0.1 13.24828263002944 0.0 25.012340600575893 1.383399209486166 5.115119127516499 18
190 0.1 16.846229187071497 0.0 25.012340600575893 1.383399209486166 5.543180364490864 19
200 0.1 19.569471624266143 0.0 25.012340600575893 1.383399209486166 6.108332805619896 20
210 0.1 18.929633300297326 0.0 25.012340600575893 1.383399209486166 6.749339416031622 21
220 0.1 28.472906403940883 0.0 28.472906403940883 1.383399209486166 7.302989138043699 22
230 0.1 33.00395256916996 0.0 33.00395256916996 1.383399209486166 8.223420323517491 23
240 0.1 38.94230769230769 0.0 38.94230769230769 1.383399209486166 9.255942500419676 24
250 0.1 45.27956003666361 0.0 45.27956003666361 1.383399209486166 10.443397108095196 25
260 0.1 46.69565217391305 0.0 46.69565217391305 1.383399209486166 11.78324952842475 26
270 0.1 47.214854111405835 0.0 47.214854111405835 1.383399209486166 13.076301478257651 27
280 0.1 44.13145539906103 0.0 47.214854111405835 1.383399209486166 14.295535500870086 28
290 0.1 36.795252225519285 0.0 47.214854111405835 1.383399209486166 15.324360324945637 29
300 0.1 31.594488188976378 0.0 47.214854111405835 1.383399209486166 16.040056721631423 30
310 0.1 24.385447394296953 0.0 47.214854111405835 1.383399209486166 16.541812575416746 31
320 0.1 22.13666987487969 0.0 47.214854111405835 1.383399209486166 16.786926163506752 32
330 0.1 17.446393762183234 0.0 47.214854111405835 1.383399209486166 16.94903960930593 33
340 0.1 5.467196819085487 0.0 47.214854111405835 1.383399209486166 16.963667672625853 34
350 0.1 3.2544378698224854 0.0 47.214854111405835 1.383399209486166 16.635197076810414 35
360 0.1 2.366863905325444 0.0 47.214854111405835 1.383399209486166 16.26350932106075 36
370 0.1 2.465483234714004 0.0 47.214854111405835 1.383399209486166 15.88792430982466 37
380 0.1 1.1869436201780417 0.0 47.214854111405835 1.1869436201780417 15.534702176269116 38
390 0.1 0.9900990099009901 0.0 47.214854111405835 0.9900990099009901 15.16681093124114 39
400 0.1 0.8893280632411068 0.0 47.214854111405835 0.8893280632411068 14.812393133207635 40
410 0.1 1.0869565217391304 0.0 47.214854111405835 0.8893280632411068 14.472806180281623 41
