0 0.1 3170.90234375 0 3170.90234375 3170.90234375 0 0
10 0.1 3169.23828125 0.0 3170.90234375 3169.23828125 3170.90234375 1
20 0.1 3167.32421875 0.0 3170.90234375 3167.32421875 3170.0703125 2
30 0.1 3165.76171875 0.0 3170.90234375 3165.76171875 3169.1549479166665 3
40 0.1 3165.49609375 0.0 3170.90234375 3165.49609375 3168.306640625 4
50 0.1 3164.421875 0.0 3170.90234375 3164.421875 3167.74453125 5
60 0.1 3164.17578125 0.0 3170.90234375 3164.17578125 3167.1907552083335 6
70 0.1 3163.9140625 0.0 3170.90234375 3163.9140625 3166.7600446428573 7
80 0.1 3162.9453125 0.0 3170.90234375 3162.9453125 3166.404296875 8
90 0.1 3162.6015625 0.0 3170.90234375 3162.6015625 3166.019965277778 9
100 0.1 3160.60546875 0.0 3170.90234375 3160.60546875 3165.678125 10
110 0.1 3155.43359375 0.0 3170.90234375 3155.43359375 3165.216974431818 11
120 0.1 3154.33203125 0.0 3170.90234375 3154.33203125 3164.4016927083335 12
130 0.1 3149.04296875 0.0 3170.90234375 3149.04296875 3163.6271033653848 13
140 0.1 3142.37890625 0.0 3170.90234375 3142.37890625 3162.585379464286 14
150 0.1 3140.3359375 0.0 3170.90234375 3140.3359375 3161.23828125 15
160 0.1 3127.265625 0.0 3170.90234375 3127.265625 3159.931884765625 16
170 0.1 3120.453125 0.0 3170.90234375 3120.453125 3158.0103400735293 17
180 0.1 3116.08203125 0.0 3170.90234375 3116.08203125 3155.923828125 18
190 0.1 3093.37109375 0.0 3170.90234375 3093.37109375 3153.8268914473683 19
200 0.1 3067.4453125 0.0 3170.90234375 3067.4453125 3150.8041015625 20
210 0.1 3043.09375 0.0 3170.90234375 3043.09375 3146.8346354166665 21
220 0.1 3006.38671875 0.0 3170.90234375 3006.38671875 3142.119140625 22
230 0.1 2991.1640625 0.0 3170.90234375 2991.1640625 3136.217730978261 23
240 0.1 2976.05859375 0.0 3170.90234375 2976.05859375 3130.173828125 24
250 0.1 2938.9921875 0.0 3170.90234375 2938.9921875 3124.00921875 25
260 0.1 2914.8203125 0.0 3170.90234375 2914.8203125 3116.8931790865386 26
270 0.1 2895.86328125 0.0 3170.90234375 2895.86328125 3109.4089988425926 27
280 0.1 2890.5625 0.0 3170.90234375 2890.5625 3101.7823660714284 28
290 0.1 2889.69921875 0.0 3170.90234375 2889.69921875 3094.498922413793 29
300 0.1 2888.8046875 0.0 3170.90234375 2888.8046875 3087.672265625 30
310 0.1 2888.72265625 0.0 3170.90234375 2888.72265625 3081.2571824596776 31
320 0.1 2888.92578125 0.0 3170.90234375 2888.72265625 3075.240478515625 32
330 0.1 2899.51953125 0.0 3170.90234375 2888.72265625 3069.594578598485 33
340 0.1 2921.91796875 0.0 3170.90234375 2888.72265625 3064.5923713235293 34
350 0.1 2945.6953125 0.0 3170.90234375 2888.72265625 3060.5159598214286 35
360 0.1 2991.12109375 0.0 3170.90234375 2888.72265625 3057.3264973958335 36
370 0.1 3028.2890625 0.0 3170.90234375 2888.72265625 3055.537162162162 37
380 0.1 3038.4609375 0.0 3170.90234375 2888.72265625 3054.8201069078946 38
390 0.1 3038.765625 0.0 3170.90234375 2888.72265625 3054.400641025641 39
400 0.1 3039.96484375 0.0 3170.90234375 2888.72265625 3054.009765625 40
410 0.1 3040.25 0.0 3170.90234375 2888.72265625 3053.6672065548782 41
