10 0.1 148 0 148 148 0 0
20 0.1 273.0 0.0 273 148 148.0 1
30 0.1 250.0 0.0 273 148 210.5 2
40 0.1 224.0 0.0 273 148 223.66666666666666 3
50 0.1 385.0 0.0 385 148 223.75 4
60 0.1 393.0 0.0 393 148 256.0 5
70 0.1 530.0 0.0 530 148 278.8333333333333 6
80 0.1 603.0 0.0 603 148 314.7142857142857 7
90 0.1 838.0 0.0 838 148 350.75 8
100 0.1 599.0 0.0 838 148 404.8888888888889 9
110 0.1 1083.0 0.0 1083 148 424.3 10
120 0.1 1051.0 0.0 1083 148 484.1818181818182 11
130 0.1 1720.0 0.0 1720 148 531.4166666666666 12
140 0.1 2299.0 0.0 2299 148 622.8461538461538 13
150 0.1 2651.0 0.0 2651 148 742.5714285714286 14
160 0.1 3662.0 0.0 3662 148 869.8 15
170 0.1 4961.0 0.0 4961 148 1044.3125 16
180 0.1 5697.0 0.0 5697 148 1274.7058823529412 17
190 0.1 6976.0 0.0 6976 148 1520.388888888889 18
200 0.1 8864.0 0.0 8864 148 1807.5263157894738 19
210 0.1 8870.0 0.0 8870 148 2160.35 20
220 0.1 12396.0 0.0 12396 148 2479.8571428571427 21
230 0.1 13882.0 0.0 13882 148 2930.5909090909086 22
240 0.1 15972.0 0.0 15972 148 3406.739130434782 23
250 0.1 21304.0 0.0 21304 148 3930.291666666666 24
260 0.1 22560.0 0.0 22560 148 4625.24 25
270 0.1 22983.0 0.0 22983 148 5315.038461538462 26
280 0.1 20133.0 0.0 22983 148 5969.407407407408 27
290 0.1 17613.0 0.0 22983 148 6475.25 28
300 0.1 16741.0 0.0 22983 148 6859.310344827586 29
310 0.1 14654.0 0.0 22983 148 7188.7 30
320 0.1 13789.0 0.0 22983 148 7429.5161290322585 31
330 0.1 11777.0 0.0 22983 148 7628.25 32
340 0.1 2654.0 0.0 22983 148 7753.969696969697 33
350 0.1 1129.0 0.0 22983 148 7603.970588235294 34
360 0.1 641.0 0.0 22983 148 7418.971428571429 35
370 0.1 743.0 0.0 22983 148 7230.694444444444 36
380 0.1 159.0 0.0 22983 148 7055.351351351352 37
390 0.1 106.0 0.0 22983 106 6873.868421052632 38
400 0.1 59.0 0.0 22983 59 6700.333333333333 39
410 0.1 160.0 0.0 22983 59 6534.3 40
