0 0.2 27.9290771484375 4.2999267578125 32.22900390625 23.629150390625 0 0
10 0.1 35.52001953125 0.0 35.52001953125 23.629150390625 27.9290771484375 2
20 0.1 74.06689453125 0.0 74.06689453125 23.629150390625 30.459391276041668 3
30 0.2 36.7706298828125 1.4635009765625 74.06689453125 23.629150390625 41.36126708984375 4
40 0.3 68.72526041666667 28.917429975087355 107.8740234375 23.629150390625 39.8310546875 6
50 0.2 34.490966796875 1.454833984375 107.8740234375 23.629150390625 49.46245659722222 9
60 0.3 32.37744140625 4.331585741080963 107.8740234375 23.629150390625 46.74036754261363 11
70 0.6 44.2701416015625 14.794202536877604 107.8740234375 23.629150390625 43.66259765625 14
80 0.5 44.956201171875 15.848844467273878 107.8740234375 23.629150390625 43.84486083984375 20
90 0.1 31.97802734375 0.0 107.8740234375 23.629150390625 44.06712890625 25
100 0.9 39.963785807291664 10.667609790244667 107.8740234375 23.629150390625 43.60216346153846 26
110 0.6 34.751017252604164 9.471561171341301 107.8740234375 23.629150390625 42.66658063616072 35
120 1.2 37.679097493489586 10.721946929770013 107.8740234375 22.737060546875 41.50820550685975 41
130 1.5 511.8706380208333 1091.0820688259664 3376.717041015625 22.737060546875 40.64123765477594 53
140 1.6 119.28720092773438 148.42334221545997 3376.717041015625 22.737060546875 144.5888995002298 68
150 1.8 134.53431532118054 203.23928292355458 3376.717041015625 22.737060546875 139.769528343564 84
160 2.9 145.11488079202587 130.47564362640202 3376.717041015625 22.737060546875 138.84566722196692 102
170 2.4 142.09150187174478 117.11667004748851 3376.717041015625 22.737060546875 140.23350839396468 131
180 3.7 172.66146273226352 185.27737763854955 3376.717041015625 22.737060546875 140.52119770665323 155
190 4.6 651.8026600713315 354.7718561868772 3376.717041015625 22.737060546875 146.71489461263022 192
200 5.6 1322.4727957589287 371.4717150260882 3376.717041015625 22.737060546875 244.33689970128677 238
210 6.2 1390.4051474294354 1044.960466706228 3376.717041015625 1.548828125 449.6961179979804 294
220 12.7 881.3556052380659 1102.3743586156152 3376.717041015625 1.463134765625 613.5274658203125 356
230 14.7 1176.1584090667525 1088.8914364881493 3376.717041015625 1.463134765625 683.9501857086245 483
240 15 700.3530094401042 955.79460178466 3376.717041015625 1.463134765625 798.7987711588544 630
250 23.8 522.8856324267991 829.3167293533922 3376.717041015625 1.463134765625 779.8668939052485 780
260 23.4 529.0102392995464 842.5950512569963 3376.717041015625 1.463134765625 719.7867954456505 1018
270 20.2 503.4995854443841 794.3872549751749 3376.717041015625 1.463134765625 684.1304742490144 1252
280 5 660.91189453125 748.8106534037412 3376.717041015625 1.463134765625 659.0359491193477 1454
290 0.8 801.0918579101563 801.1277460309855 3376.717041015625 1.463134765625 659.0983143258604 1504
300 0.3 890.26025390625 635.2819137580095 3376.717041015625 1.463134765625 659.8496029162535 1512
310 0 0 0 3376.717041015625 1.463134765625 660.3058616310852 1515
320 0 0 0 3376.717041015625 1.463134765625 660.3058616310852 1515
330 0 0 0 3376.717041015625 1.463134765625 660.3058616310852 1515
340 0 0 0 3376.717041015625 1.463134765625 660.3058616310852 1515
350 0 0 0 3376.717041015625 1.463134765625 660.3058616310852 1515
360 0 0 0 3376.717041015625 1.463134765625 660.3058616310852 1515
370 0 0 0 3376.717041015625 1.463134765625 660.3058616310852 1515
380 0 0 0 3376.717041015625 1.463134765625 660.3058616310852 1515
390 0 0 0 3376.717041015625 1.463134765625 660.3058616310852 1515
400 0 0 0 3376.717041015625 1.463134765625 660.3058616310852 1515
410 0 0 0 3376.717041015625 1.463134765625 660.3058616310852 1515
413 0 0 0 3376.717041015625 1.463134765625 660.3058616310852 1515
