10 0.1 16.68701171875 0 16.68701171875 16.68701171875 0 0
20 0 0 0 16.68701171875 16.68701171875 16.68701171875 1
30 0 0 0 16.68701171875 16.68701171875 16.68701171875 1
40 0.1 17.39501953125 0.0 17.39501953125 16.68701171875 16.68701171875 1
50 0.1 18.126953125 0.0 18.126953125 16.68701171875 17.041015625 2
60 0.2 20.5394287109375 3.8045654296875 24.343994140625 16.68701171875 17.402994791666668 3
70 0.2 59.8365478515625 33.4295654296875 93.26611328125 16.68701171875 18.657568359375 5
80 0.3 17.6806640625 1.3852075356794655 93.26611328125 15.820068359375 30.422991071428573 7
90 0.1 18.758056640625 0.0 93.26611328125 15.820068359375 26.60029296875 10
100 0.2 21.75146484375 3.7265625 93.26611328125 15.820068359375 25.88736239346591 11
110 0.2 25.990966796875 5.925048828125 93.26611328125 15.820068359375 25.251070462740383 13
120 0.2 18.95703125 0.261962890625 93.26611328125 15.820068359375 25.349723307291665 15
130 0.1 18.2080078125 0.0 93.26611328125 15.820068359375 24.597641888786764 17
140 0.9 29.0869140625 18.812615727265456 93.26611328125 15.1181640625 24.242662217881943 18
150 0.3 26.555745442708332 15.21133839821772 93.26611328125 15.1181640625 25.85741283275463 27
160 1.3 98.8915264423077 88.1442456504573 322.216064453125 14.89794921875 25.92724609375 30
170 1.2 52.152933756510414 49.28140588845968 322.216064453125 14.89794921875 47.98621457122093 43
180 1.4 105.46595982142857 78.49869711228547 322.216064453125 14.89794921875 48.89531693892045 55
190 1.2 825.4225870768229 300.8989489581998 1259.1220703125 14.89794921875 60.37341839334239 69
200 1.8 1144.8410508897568 395.3480263856455 2065.921875 14.89794921875 173.71403597608025 81
210 3.4 1650.234583237592 1000.6412461902398 3157.322021484375 2.048828125 350.2825841422033 99
220 2.8 1102.0055541992188 1187.6606187181858 3157.322021484375 1.97607421875 682.6011403019266 133
230 3.2 825.7813720703125 1001.938873782551 3157.322021484375 1.97607421875 755.5410383710209 161
240 6.5 585.0801231971153 846.7075301917533 3157.322021484375 1.97607421875 767.1871040620952 193
250 7.6 520.7006321957235 753.7579413262979 3157.322021484375 1.97607421875 721.307438340298 258
260 9.4 371.9520341589095 700.9997673628434 3157.322021484375 1.849853515625 675.6603806547062 334
270 12.5 488.0876992187499 705.7216614114725 3157.322021484375 1.849853515625 608.9580802560967 428
280 11.7 480.41309428418805 633.4845245549789 3157.322021484375 1.718994140625 581.636565555069 553
290 12.2 679.7801993948515 634.3877121599794 3157.322021484375 1.656005859375 563.9602280346315 670
300 9.4 863.3247537815824 481.54712948472525 3157.322021484375 1.656005859375 581.8011832189078 792
310 6.4 1025.7018814086919 138.0602948302233 3157.322021484375 1.656005859375 611.6693724208169 886
320 4.8 648.2203216552736 226.90737172965072 3157.322021484375 1.656005859375 639.5620888157895 950
330 2.9 43.766921470905174 61.39228487008844 3157.322021484375 1.656005859375 639.9785168481494 998
340 2.2 10.756092418323862 5.3898526018946 3157.322021484375 1.656005859375 623.1429411266888 1027
350 0.6 16.41455078125 9.138267945696851 3157.322021484375 1.656005859375 610.2997469688394 1049
360 1.1 14.715043501420455 6.629632135124694 3157.322021484375 1.656005859375 606.9222008293839 1055
370 0.8 12.544281005859375 4.062088873926397 3157.322021484375 1.656005859375 600.8112451721535 1066
380 0.2 15.1044921875 4.54052734375 3157.322021484375 1.656005859375 596.4293683440992 1074
390 0.1 10.679931640625 0.0 3157.322021484375 1.656005859375 595.3488388345144 1076
400 0.1 15.504150390625 0.0 3157.322021484375 1.656005859375 594.8059707684105 1077
410 0 0 0 3157.322021484375 1.656005859375 594.2685850352215 1078
413 0.2 10.1676025390625 0.1505126953125 3157.322021484375 1.656005859375 594.2685850352215 1078
