0 1.3 13
10 1.1 24
20 0.6 30
30 1.3 43
40 1.2 55
50 0.9 64
60 2 84
70 1.7 101
80 1.6 117
90 3.8 155
100 4.3 198
110 3.5 233
120 7.8 311
130 8.2 393
140 8.2 475
150 13.1 606
160 14.6 752
170 15 902
180 27.2 1174
190 31.2 1486
200 32.2 1808
210 59.1 2399
220 60.7 3006
230 63.4 3640
240 109.3 4733
250 114.7 5880
260 113.1 7011
270 19.9 7210
280 0 7210
290 0 7210
300 0 7210
310 0 7210
320 0 7210
330 0 7210
340 0 7210
350 0 7210
360 0 7210
370 0 7210
380 0 7210
390 0 7210
400 0 7210
410 0 7210
413 0 7210
