0 0.1 3170.6640625 0 3170.6640625 3170.6640625 0 0
10 0.1 3170.421875 0.0 3170.6640625 3170.421875 3170.6640625 1
20 0.1 3167.61328125 0.0 3170.6640625 3167.61328125 3170.54296875 2
30 0.1 3165.6875 0.0 3170.6640625 3165.6875 3169.56640625 3
40 0.1 3162.9140625 0.0 3170.6640625 3162.9140625 3168.5966796875 4
50 0.1 3160.62109375 0.0 3170.6640625 3160.62109375 3167.46015625 5
60 0.1 3159.5546875 0.0 3170.6640625 3159.5546875 3166.3203125 6
70 0.1 3159.1796875 0.0 3170.6640625 3159.1796875 3165.3537946428573 7
80 0.1 3159.078125 0.0 3170.6640625 3159.078125 3164.58203125 8
90 0.1 3159.140625 0.0 3170.6640625 3159.078125 3163.9704861111113 9
100 0.1 3157.68359375 0.0 3170.6640625 3157.68359375 3163.4875 10
110 0.1 3152.359375 0.0 3170.6640625 3152.359375 3162.959872159091 11
120 0.1 3150.5078125 0.0 3170.6640625 3150.5078125 3162.0764973958335 12
130 0.1 3147.6484375 0.0 3170.6640625 3147.6484375 3161.1865985576924 13
140 0.1 3141.02734375 0.0 3170.6640625 3141.02734375 3160.2195870535716 14
150 0.1 3132.5390625 0.0 3170.6640625 3132.5390625 3158.9401041666665 15
160 0.1 3116.51171875 0.0 3170.6640625 3116.51171875 3157.2900390625 16
170 0.1 3108.60546875 0.0 3170.6640625 3108.60546875 3154.891314338235 17
180 0.1 3092.53515625 0.0 3170.6640625 3092.53515625 3152.319878472222 18
190 0.1 3076.96484375 0.0 3170.6640625 3076.96484375 3149.1733141447367 19
200 0.1 3050.5 0.0 3170.6640625 3050.5 3145.562890625 20
210 0.1 3023.5078125 0.0 3170.6640625 3023.5078125 3141.036086309524 21
220 0.1 2971.0546875 0.0 3170.6640625 2971.0546875 3135.6938920454545 22
230 0.1 2919.109375 0.0 3170.6640625 2919.109375 3128.5356657608695 23
240 0.1 2876.171875 0.0 3170.6640625 2876.171875 3119.8095703125 24
250 0.1 2851.8046875 0.0 3170.6640625 2851.8046875 3110.0640625 25
260 0.1 2844.7109375 0.0 3170.6640625 2844.7109375 3100.1310096153848 26
270 0.1 2839.015625 0.0 3170.6640625 2839.015625 3090.6710069444443 27
280 0.1 2836.7109375 0.0 3170.6640625 2836.7109375 3081.6833147321427 28
290 0.1 2835.421875 0.0 3170.6640625 2835.421875 3073.2359913793102 29
300 0.1 2835.31640625 0.0 3170.6640625 2835.31640625 3065.3088541666666 30
310 0.1 2847.07421875 0.0 3170.6640625 2835.31640625 3057.8897429435483 31
320 0.1 2903.4296875 0.0 3170.6640625 2835.31640625 3051.3017578125 32
330 0.1 2922.71484375 0.0 3170.6640625 2835.31640625 3046.8207859848485 33
340 0.1 2986.41015625 0.0 3170.6640625 2835.31640625 3043.170611213235 34
350 0.1 3003.28515625 0.0 3170.6640625 2835.31640625 3041.5488839285713 35
360 0.1 3017.30859375 0.0 3170.6640625 2835.31640625 3040.4860026041665 36
369 0.1 3017.54296875 0.0 3170.6640625 2835.31640625 3039.8595861486488 37
