0 1.9 23.663754111842106 25.77776195017539 122.97998046875 9.56005859375 0 0
10 3.6 25.37897406684028 42.24216213435294 170.4990234375 8.070068359375 23.663754111842106 19
20 6.4 23.278377532958984 33.568137595624975 170.4990234375 7.358154296875 24.786443536931817 55
30 11.6 22.527114341998914 36.30080129349038 244.74609375 7.358154296875 23.975382828912814 119
40 16.2 30.588556737075624 49.0729204394523 299.261962890625 7.35400390625 23.260492852393615 235
50 20.5 28.931279773246953 41.45448667298975 299.261962890625 7.35400390625 26.250785923724813 397
60 20.1 21.69485215523942 30.798411546313517 299.261962890625 6.98193359375 27.16357867979132 602
70 19.4 23.895607230589576 63.96398599621941 866.7958984375 6.346923828125 25.794694456335616 803
80 15.8 37.570011187203306 111.8776991868045 919.962890625 6.19384765625 25.425162939991854 997
90 24.1 27.446029726400415 72.48115342249604 1061.93994140625 5.963134765625 27.08653612012987 1155
100 33.8 26.25664380316198 50.13272180835694 1061.93994140625 5.963134765625 27.148597695424428 1396
110 49.2 40.72043119601116 105.42120909729809 1479.52392578125 5.963134765625 26.97473355725562 1734
120 50.2 52.757538206548766 184.77776265674285 1903.718017578125 5.963134765625 30.012866189002136 2226
130 63.2 35.56534122515328 70.97310105529647 1903.718017578125 5.963134765625 34.198286039738356 2728
140 75.9 36.54473434669383 90.69925353354792 1903.718017578125 5.963134765625 34.455422610328306 3360
150 108.4 47.00612648826681 111.58689109234923 1903.718017578125 5.963134765625 34.84041596014657 4119
160 148.8 57.53325365948421 149.25630094372806 2903.69384765625 5.963134765625 37.37503641228617 5203
170 152.3 103.5215069776449 310.6733097549573 4769.23193359375 5.963134765625 41.85798772955275 6691
180 205.1 76.72916472242937 201.33672816936095 4769.23193359375 5.963134765625 53.291338084415706 8214
190 264.4 87.01912311779033 136.99109577718323 4769.23193359375 5.963134765625 57.974336860311084 10265
200 314.1 230.33243947240092 260.44905876845 4873.7041015625 5.963134765625 63.92324187733604 12909
210 328.3 545.6947373603115 364.826449940932 4873.7041015625 5.963134765625 96.48967736930481 16050
220 319.8 1448.0594930547427 560.9122509939028 4873.7041015625 1.5380859375 172.77065869400738 19333
230 403.9 1866.2791548273472 1104.593350517118 4873.7041015625 1.10009765625 353.7823178429858 22531
240 510.5 1656.4403341833222 1234.28625206361 4873.7041015625 1.090087890625 583.7023300590128 26570
250 480.2 1729.3806997328572 1073.4522481104166 4873.7041015625 1.083984375 756.593490629008 31675
260 473.6 1751.831993824726 960.2059224898333 5301.885009765625 1.083984375 884.6556716777972 36477
270 421.8 1751.6678581400574 1106.248442581565 6408.953125 1.048095703125 984.3074092772889 41213
280 369.7 2042.2721073727437 920.9434750108954 8739.64599609375 1.048095703125 1055.5522943404212 45431
290 490.1 1172.618980870057 656.6440825084724 8739.64599609375 1.048095703125 1129.8053302625124 49128
300 445.1 490.66459806258405 289.26057308880723 8739.64599609375 1.048095703125 1133.6889798141897 54029
310 100.4 44.48061610977957 67.75025919623481 8739.64599609375 1.048095703125 1084.7474353002294 58480
320 64 13.22426643371582 12.347795404939353 8739.64599609375 1.048095703125 1067.1893039293193 59484
330 28 14.733646937779024 11.456789937570118 8739.64599609375 1.048095703125 1055.9701963516932 60124
340 22.6 14.564318091468474 8.090236547136781 8739.64599609375 1.048095703125 1051.1435915931359 60404
350 5.4 10.761153609664351 5.311829649912063 8739.64599609375 1.048095703125 1047.2797137140103 60630
360 3.1 7.249393586189516 3.2041348921215875 8739.64599609375 1.048095703125 1046.3573618214912 60684
369 2.6 15.57769305889423 7.188099607860897 8739.64599609375 1.048095703125 1045.8268117594753 60715
