10 0.1 145 0 145 145 0 0
20 0.1 246.0 0.0 246 145 145.0 1
30 0.1 291.0 0.0 291 145 195.5 2
40 0.1 487.0 0.0 487 145 227.33333333333334 3
50 0.1 676.0 0.0 676 145 292.25 4
60 0.1 787.0 0.0 787 145 369.0 5
70 0.1 787.0 0.0 787 145 438.6666666666667 6
80 0.1 661.0 0.0 787 145 488.42857142857144 7
90 0.1 693.0 0.0 787 145 510.0 8
100 0.1 937.0 0.0 937 145 530.3333333333334 9
110 0.1 1501.0 0.0 1501 145 571.0 10
120 0.1 1831.0 0.0 1831 145 655.5454545454545 11
130 0.1 1885.0 0.0 1885 145 753.5 12
140 0.1 2543.0 0.0 2543 145 840.5384615384615 13
150 0.1 3216.0 0.0 3216 145 962.1428571428571 14
160 0.1 4940.0 0.0 4940 145 1112.4 15
170 0.1 5757.0 0.0 5757 145 1351.625 16
180 0.1 6644.0 0.0 6644 145 1610.764705882353 17
190 0.1 9115.0 0.0 9115 145 1890.388888888889 18
200 0.1 11781.0 0.0 11781 145 2270.6315789473683 19
210 0.1 13056.0 0.0 13056 145 2746.15 20
220 0.1 15419.0 0.0 15419 145 3237.095238095238 21
230 0.1 16167.0 0.0 16167 145 3790.818181818182 22
240 0.1 19021.0 0.0 19021 145 4328.913043478261 23
250 0.1 16069.0 0.0 19021 145 4941.083333333333 24
260 0.1 14723.0 0.0 19021 145 5386.2 25
270 0.1 14725.0 0.0 19021 145 5745.307692307692 26
280 0.1 11870.0 0.0 19021 145 6077.888888888889 27
290 0.1 13590.0 0.0 19021 145 6284.75 28
300 0.1 15434.0 0.0 19021 145 6536.6551724137935 29
310 0.1 7458.0 0.0 19021 145 6833.233333333334 30
320 0.1 2248.0 0.0 19021 145 6853.387096774193 31
330 0.1 1073.0 0.0 19021 145 6709.46875 32
340 0.1 613.0 0.0 19021 145 6538.666666666667 33
350 0.1 400.0 0.0 19021 145 6364.382352941177 34
360 0.1 185.0 0.0 19021 145 6193.971428571429 35
369 0.1 14.0 0.0 19021 14 6027.055555555556 36
