20 0.1 24504.843017578125 0 24504.843017578125 24504.843017578125 0 0
30 0.3 28379.298665364582 8385.796517696264 36521.676025390625 16840.93896484375 24504.843017578125 1
40 0.5 23527.98515625 11635.077839538055 36521.676025390625 6020.544921875 27410.68475341797 4
50 0.8 33214.68209838867 10701.495784971585 47044.06689453125 6020.544921875 25253.629421657984 9
60 1.2 31797.053141276043 14774.757988130887 66276.96899414063 6020.544921875 29000.00715188419 17
70 1.5 41211.95395507813 16755.21527408733 74312.97094726563 6020.544921875 30157.4054923222 29
80 1 35031.18315429687 11714.160151849297 74312.97094726563 6020.544921875 33926.00155917081 44
90 1.3 48761.79020808293 19008.673126465717 76694.5439453125 6020.544921875 34130.66481752749 54
100 1.3 49712.87424879808 19817.186280661474 77343.81201171875 6020.544921875 36969.5398933069 67
110 1.9 31889.74078690378 14577.847695523818 77343.81201171875 6020.544921875 39040.33172607422 80
120 2.4 36725.98416137696 19447.512083425092 97517.94091796875 6020.544921875 37667.99609128393 99
130 2.6 37134.36837064302 13898.547849013376 97517.94091796875 6020.544921875 37484.18888544843 123
140 3.6 39064.75675455728 16594.84710556222 97517.94091796875 6020.544921875 37423.14637950923 149
150 4 32639.183221435535 15561.511886974888 97517.94091796875 6020.544921875 37742.59488492399 185
160 5.5 40388.10675159801 19222.416200521842 124818.4599609375 6020.544921875 36835.32170030382 225
170 6.2 39406.564212922145 16817.89066284906 124818.4599609375 6020.544921875 37533.19019252232 280
180 9.9 37558.85125424166 17249.963025211062 124818.4599609375 6020.544921875 37872.80770499246 342
190 10.9 37972.452204433066 13357.311807351676 124818.4599609375 6020.544921875 37802.32768543616 441
200 13 38806.66653771035 15526.458117133114 124818.4599609375 6020.544921875 37836.043271928276 550
210 13.2 40680.17584968334 15596.936871120979 124818.4599609375 6020.544921875 38021.60360215132 680
220 11 43737.43297008168 13309.388903488218 124818.4599609375 6020.544921875 38453.785297562936 812
230 14.4 49638.88174438477 14309.69815832551 124818.4599609375 6020.544921875 39084.15541033632 922
240 18.8 50794.98680471867 14713.492948293038 124818.4599609375 6020.544921875 40509.934577412285 1066
250 20.4 54457.122234269686 18182.800664615734 147425.85302734375 6020.544921875 42051.87223190479 1254
260 27 56263.713672779224 16482.837458543516 147425.85302734375 6020.544921875 43787.58622400522 1458
270 31.7 61742.83558322654 17554.505542113264 147425.85302734375 6020.544921875 45736.98113787616 1728
280 33.9 66133.28464060194 16896.272583870697 147425.85302734375 6020.544921875 48218.08424749771 2045
290 52.9 71887.72871222974 15253.375746543357 150903.23999023438 6020.544921875 50765.589672523856 2384
300 56.9 77833.36805808237 13436.34147769302 164193.0888671875 6020.544921875 54601.364321341025 2913
310 16.9 82274.99082233496 9414.286832100881 164193.0888671875 6020.544921875 58397.74861950468 3482
320 8.9 92860.91797423633 9141.80733672553 164193.0888671875 6020.544921875 59502.994834864396 3651
330 3.4 101390.7097383387 8002.8983316281265 164193.0888671875 6020.544921875 60296.80637481201 3740
340 1.7 113483.01726217831 12441.167020158158 164193.0888671875 6020.544921875 60667.02172042937 3774
350 0.4 120878.3724975586 4714.146759790611 164193.0888671875 6020.544921875 60903.86474976457 3791
360 0.4 132513.7348022461 8360.332936024868 164193.0888671875 6020.544921875 60967.0789871799 3795
369 0.1 138476.28491210938 0.0 164193.0888671875 6020.544921875 61042.41108069405 3799
