0 0.5 35.72216796875 4.052088577476317 41.162841796875 30.9541015625 0 0
10 0.2 34.2469482421875 3.4058837890625 41.162841796875 30.841064453125 35.72216796875 5
20 0.8 31.08551025390625 4.197124826316099 41.162841796875 24.1162109375 35.30067661830357 7
30 0.8 59.93463134765625 69.9120518164485 244.85107421875 24.1162109375 33.052587890625 15
40 1.1 40.74653764204545 27.12642361257934 244.85107421875 23.281005859375 42.40286387567935 23
50 0.9 39.13121202256944 15.759848165716237 244.85107421875 23.281005859375 41.866993623621326 34
60 0.3 30.8349609375 4.491812264070822 244.85107421875 23.281005859375 41.29438817223837 43
70 0.7 41.215157645089285 12.903854086183074 244.85107421875 23.281005859375 40.612251613451086 46
80 1.2 104.5140380859375 235.52616039896964 885.276123046875 23.281005859375 40.69188071196934 53
90 1.4 111.23920549665179 263.843669691096 1062.031005859375 23.281005859375 52.474432842548076 65
100 1.9 40.801025390625 28.332763332453858 1062.031005859375 23.281005859375 62.88844318631329 79
110 1.7 36.2566348805147 9.153582814658805 1062.031005859375 23.281005859375 58.60618871572066 98
120 1.9 38.17375102796053 10.351715441653441 1062.031005859375 23.281005859375 55.30234162703805 115
130 3.8 50.10615619860197 48.38213305454639 1062.031005859375 23.281005859375 52.873660870452426 134
140 4.6 78.86442234205163 161.5578187972508 1062.031005859375 22.10009765625 52.26223541969477 172
150 6.5 85.93647085336538 182.86365117827856 1391.887939453125 22.10009765625 57.87554091707282 218
160 7.8 111.46507224058493 292.5062154675741 2558.528076171875 21.800048828125 64.320630831769 283
170 8 219.74392395019535 621.9304427477471 3933.35302734375 21.800048828125 74.5069644325658 361
180 11.8 163.4786749371027 508.6638396502191 4661.886962890625 21.800048828125 100.85380516138748 441
190 14 139.3766584123884 111.21203928123785 4661.886962890625 21.800048828125 114.07336622316637 559
200 14.9 294.08836415950105 171.27573695347317 4661.886962890625 21.800048828125 119.14126451571441 699
210 16.7 660.9150507578596 342.11283324587225 4661.886962890625 21.800048828125 149.88079027859672 848
220 24.1 1555.995345119619 555.8871315111026 4661.886962890625 1.964111328125 233.96228929341137 1015
230 26.9 1889.3452121209916 1121.5747211781413 4661.886962890625 1.261962890625 487.63264475051017 1256
240 28.5 2001.5626422012062 1160.197120578461 4661.886962890625 1.261962890625 734.8855500768443 1525
250 2.3 2601.238811990489 765.0369404380219 4661.886962890625 1.261962890625 934.3347054665918 1810
260 0.1 3033.73388671875 0.0 4661.886962890625 1.261962890625 955.2505780525437 1833
270 0 0 0 4661.886962890625 1.261962890625 956.3838841096135 1834
280 0 0 0 4661.886962890625 1.261962890625 956.3838841096135 1834
290 0 0 0 4661.886962890625 1.261962890625 956.3838841096135 1834
300 0 0 0 4661.886962890625 1.261962890625 956.3838841096135 1834
310 0 0 0 4661.886962890625 1.261962890625 956.3838841096135 1834
320 0 0 0 4661.886962890625 1.261962890625 956.3838841096135 1834
330 0 0 0 4661.886962890625 1.261962890625 956.3838841096135 1834
340 0 0 0 4661.886962890625 1.261962890625 956.3838841096135 1834
350 0 0 0 4661.886962890625 1.261962890625 956.3838841096135 1834
360 0 0 0 4661.886962890625 1.261962890625 956.3838841096135 1834
369 0 0 0 4661.886962890625 1.261962890625 956.3838841096135 1834
