20 0.1 25.59521484375 0 25.59521484375 25.59521484375 0 0
30 0.3 20.400634765625 0.47239467644541044 25.59521484375 19.76611328125 25.59521484375 1
40 0.1 43.243896484375 0.0 43.243896484375 19.76611328125 21.69927978515625 4
50 0.2 17.3704833984375 0.0213623046875 43.243896484375 17.34912109375 26.008203125 5
60 0.7 19.975132533482142 0.8608573457760074 43.243896484375 17.34912109375 23.540283203125 7
70 0.2 21.7225341796875 0.1954345703125 43.243896484375 17.34912109375 21.757707868303573 14
80 0.1 24.760986328125 0.0 43.243896484375 17.34912109375 21.753311157226563 16
90 0.3 23.803629557291668 2.8097653787361394 43.243896484375 17.34912109375 21.930233226102942 17
100 0.2 22.0830078125 4.385009765625 43.243896484375 17.34912109375 22.21124267578125 20
110 0.6 45.715291341145836 53.22539130103632 163.970947265625 17.34912109375 22.1995849609375 22
120 1 130.1422119140625 306.1804088250705 1047.33203125 16.612060546875 27.238664899553573 28
130 1.1 21.217573686079547 4.652376013146011 1047.33203125 15.843994140625 54.3185456928454 38
140 1.6 64.47859191894531 66.83311433206678 1047.33203125 15.843994140625 46.887715242346935 49
150 1.5 72.03829752604166 72.58201142525267 1047.33203125 15.843994140625 51.21777719350962 65
160 2.3 86.36326002038041 133.08663081111789 1047.33203125 15.843994140625 55.12162475585937 80
170 2.8 115.54718017578125 129.73846306718102 1047.33203125 15.843994140625 62.09791224211164 103
180 3.6 97.65938313802083 91.3634060566751 1047.33203125 15.843994140625 73.52218325083493 131
190 4.2 91.9688953218006 73.22573718041346 1047.33203125 15.843994140625 78.72541196903069 167
200 5.8 290.0682330953664 225.70665529782934 1073.569091796875 15.843994140625 81.38678182939593 209
210 6.7 567.3514604710823 269.9673982453902 1341.39794921875 15.843994140625 126.71833304073034 267
220 5.5 1487.911239346591 548.2235522244407 2899.282958984375 3.302001953125 215.1088106989147 334
230 7.3 1896.4771845569348 1081.4615596042893 3094.800048828125 1.31201171875 395.0680229755784 389
240 8.7 1642.2518015894398 1217.9080649221871 3200.359130859375 1.31201171875 632.303669718953 462
250 13.5 1827.172855179398 972.3547847117587 3200.359130859375 1.31201171875 792.3500949880464 549
260 15 1799.1975537109374 948.0885873395255 3512.4150390625 1.31103515625 996.5914292363395 684
270 11 1743.679856178977 1006.0593375106449 4071.515869140625 1.31103515625 1140.9450487461593 834
280 9.2 1964.6274732506793 872.4067988185247 4071.515869140625 1.31103515625 1211.1789775783732 944
290 5.4 1331.161196108218 631.9824052921506 4071.515869140625 1.31103515625 1278.0875312481148 1036
300 1.9 674.6009714226974 275.12707837978553 4071.515869140625 1.31103515625 1280.7168687732942 1090
310 1.1 20.376575816761363 7.035870037490244 4071.515869140625 1.31103515625 1270.3325567357276 1109
320 0.6 13.077189127604166 6.6796581087959215 4071.515869140625 1.31103515625 1258.056203351702 1120
330 0.5 16.46796875 7.555383532866645 4071.515869140625 1.31103515625 1251.422212156902 1126
340 0 0 0 4071.515869140625 1.31103515625 1245.962644325749 1131
350 0 0 0 4071.515869140625 1.31103515625 1245.962644325749 1131
360 0 0 0 4071.515869140625 1.31103515625 1245.962644325749 1131
369 0 0 0 4071.515869140625 1.31103515625 1245.962644325749 1131
