10 0.2 15.4310302734375 1.4119873046875 16.843017578125 14.01904296875 0 0
20 0.2 16.81494140625 3.703125 20.51806640625 13.11181640625 15.4310302734375 2
30 0.2 16.9205322265625 0.1776123046875 20.51806640625 13.11181640625 16.12298583984375 4
40 0.2 26.2965087890625 0.2135009765625 26.510009765625 13.11181640625 16.388834635416668 6
50 0.2 14.9788818359375 1.1180419921875 26.510009765625 13.11181640625 18.865753173828125 8
60 0.6 19.367350260416668 2.4651253350157187 26.510009765625 13.11181640625 18.08837890625 10
70 0.3 26.10546875 12.446301323799966 43.691162109375 13.11181640625 18.5679931640625 16
80 0 0 0 43.691162109375 13.11181640625 19.758120888157894 19
90 0.4 14.9200439453125 1.7980926410055926 43.691162109375 12.774169921875 19.758120888157894 19
100 0.2 60.3070068359375 38.4281005859375 98.735107421875 12.774169921875 18.916716202445652 23
110 1 37.8101318359375 48.682347209863096 159.626953125 11.328125 22.227939453125 25
120 1.1 62.81926935369318 103.95967157014057 292.114990234375 11.328125 26.679994419642856 35
130 1.4 24.455950055803573 22.070297293620758 292.114990234375 10.60107421875 35.32199494735055 46
140 1.8 21.38278537326389 9.287092381870227 292.114990234375 10.60107421875 32.78658447265625 60
150 1.8 113.92652723524306 215.784276187934 953.7021484375 10.60107421875 30.154938526642628 78
160 2.8 39.40754917689732 38.7871301966865 953.7021484375 10.60107421875 45.86211140950521 96
170 3.9 93.57480719150641 143.52204778222315 953.7021484375 10.56298828125 44.404629615045366 124
180 4.8 72.5735117594401 71.06918900078736 953.7021484375 10.56298828125 56.16927332965874 163
190 5.4 101.49941677517361 91.69038407606817 953.7021484375 10.56298828125 59.901043209419434 211
200 6.1 248.99259173283812 232.6351635290236 1085.712158203125 10.56298828125 68.37769291715802 265
210 7.8 477.39824343950323 304.6113730158753 1224.328857421875 10.56298828125 102.1737322661043 326
220 6.5 1542.3732046274038 554.1134631497556 3034.56689453125 1.802001953125 174.61806858176053 404
230 8.9 1880.7968859726125 1085.4950847920252 3173.507080078125 1.302001953125 364.1790149420309 469
240 14 1788.988582938058 1101.7971897649875 3433.7080078125 1.302001953125 606.0768474182348 558
250 15 1716.8969222005212 988.5738833689751 3568.56201171875 1.298095703125 843.3370809035862 698
260 13.7 1797.7452437129334 903.4415765927941 3568.56201171875 1.298095703125 997.8582792462043 848
270 7 1715.8963832310267 960.1429886434205 4189.0029296875 1.284912109375 1109.1115930857393 985
280 4.7 2183.427329205452 708.0437936852038 4189.0029296875 1.284912109375 1149.372195275474 1055
290 1.6 1379.7014770507813 479.7864439350623 4189.0029296875 1.284912109375 1193.474365234375 1102
300 0.6 455.1432291666667 195.26565480927937 4189.0029296875 1.284912109375 1196.13951173622 1118
310 0.6 20.178304036458332 16.338869022255306 4189.0029296875 1.284912109375 1192.1840155659197 1124
320 0 0 0 4189.0029296875 1.284912109375 1185.9609763896572 1130
330 0.1 6.85009765625 0.0 4189.0029296875 1.284912109375 1185.9609763896572 1130
340 0 0 0 4189.0029296875 1.284912109375 1184.9184380353392 1131
350 0 0 0 4189.0029296875 1.284912109375 1184.9184380353392 1131
360 0 0 0 4189.0029296875 1.284912109375 1184.9184380353392 1131
369 0 0 0 4189.0029296875 1.284912109375 1184.9184380353392 1131
