30 0.2 16.239501953125 4.12255859375 20.362060546875 12.116943359375 0 0
40 0.2 21.843017578125 10.41796875 32.260986328125 11.425048828125 16.239501953125 2
50 0.5 11.627001953125 1.6852385336815894 32.260986328125 10.0849609375 19.041259765625 4
60 0.9 13.69680447048611 3.660793595807233 32.260986328125 10.0849609375 14.922227647569445 9
70 0.8 13.782501220703125 5.788758513719771 32.260986328125 10.0849609375 14.309516059027779 18
80 0.6 19.3480224609375 14.486737668476398 51.589111328125 10.0849609375 14.147357647235577 26
90 0.8 16.602020263671875 8.425339055771241 51.589111328125 10.0849609375 15.122482299804688 32
100 0.7 11.993059430803571 2.5305325026329144 51.589111328125 8.490966796875 15.418389892578125 40
110 0.9 35.77870008680556 60.83265760768369 205.93701171875 8.490966796875 14.908234291888299 47
120 0.8 23.148406982421875 18.960925614407692 205.93701171875 8.490966796875 18.262416294642858 56
130 1.4 26.84619140625 36.58028020810438 205.93701171875 8.490966796875 18.873165130615234 64
140 1.3 13.956411508413462 5.213483947887262 205.93701171875 8.490966796875 20.30422112880609 78
150 2.2 25.44381436434659 30.064196077905013 205.93701171875 8.490966796875 19.397391183035715 91
160 2.4 34.94888305664062 41.302440433001465 205.93701171875 8.490966796875 20.57457091745022 113
170 3.7 63.65315535261824 67.87409055124041 336.541015625 8.221923828125 23.092698591468977 137
180 5.5 49.68713156960226 67.48914057064366 412.965087890625 8.221923828125 31.717623305046697 174
190 4.9 57.95678212691327 49.194304461201845 412.965087890625 8.221923828125 36.0334440672762 229
200 6.8 223.5288265452666 191.12626523467702 916.285888671875 8.221923828125 39.89762955260792 278
210 6.4 463.3124198913575 280.06261245048483 1313.638916015625 8.221923828125 75.98699774769692 346
220 7.8 1418.3126345903445 452.86915450599724 2759.5849609375 2.097900390625 136.44755144817077 410
230 7.2 1676.907026502821 1101.5943522479831 3170.77197265625 1.31689453125 341.33582293400997 488
240 9.2 1616.5047793181045 1208.6123617576302 3223.3740234375 1.31689453125 513.0521205357143 560
250 9.8 1879.6816854671556 947.4044722902524 3583.492919921875 1.31689453125 668.754029443659 652
260 15 1566.7662011718749 924.5412184858184 3583.492919921875 1.31689453125 826.9819098307291 750
270 17.5 1705.317174944196 1053.8689061231375 4045.56298828125 1.31689453125 950.2792917209201 900
280 19.5 2030.6194310897417 694.8759548440469 4045.56298828125 1.31689453125 1073.1924355014535 1075
290 24.4 1193.80758717021 561.2170939740633 4045.56298828125 1.31689453125 1220.1989426980804 1270
300 18.4 454.0482469641644 318.46426226260957 4045.56298828125 1.31689453125 1215.9456462986086 1514
310 9.2 29.598465629245915 56.1365583621044 4045.56298828125 1.31689453125 1133.3843262293874 1698
320 2.7 14.13941333912037 7.9083761971543 4045.56298828125 1.31689453125 1076.6534328354137 1790
330 1.3 11.465839092548077 1.2589937522484098 4045.56298828125 1.31689453125 1060.8648370586388 1817
340 0.3 10.6064453125 0.29775435732395183 4045.56298828125 1.31689453125 1053.410090078552 1830
350 0 0 0 4045.56298828125 1.31689453125 1051.7033738023392 1833
360 0.1 10.876953125 0.0 4045.56298828125 1.31689453125 1051.7033738023392 1833
369 0 0 0 4045.56298828125 1.31689453125 1051.1358566700178 1834
