30 0.8 16.258087158203125 2.5500101248149214 20.2880859375 13.56201171875 0 0
40 0.8 12.290924072265625 0.11047093087785904 20.2880859375 12.131103515625 16.258087158203125 8
50 1.6 19.251068115234375 12.089867079986531 50.010986328125 11.906982421875 14.274505615234375 16
60 1.6 16.051559448242188 5.706215417775655 50.010986328125 10.047119140625 16.762786865234375 32
70 2.4 15.115519205729166 6.552741124212356 50.010986328125 10.047119140625 16.525711059570313 48
80 0.8 16.870086669921875 8.373924207127253 50.010986328125 10.047119140625 16.055647108289932 72
90 2.4 25.698649088541668 19.313913175281 80.41796875 10.047119140625 16.137091064453124 80
100 2 17.9514404296875 14.996185317936186 80.41796875 9.928955078125 18.343604454627403 104
110 5.3 19.41938752948113 26.508769847017735 203.276123046875 9.699951171875 18.280352192540324 124
120 4.7 22.498716963098403 20.255714786642365 203.276123046875 9.614013671875 18.621419270833332 177
130 5.6 18.887603759765625 11.417162818944147 203.276123046875 9.614013671875 19.434959411621094 224
140 4.8 18.9330800374349 12.53607852981189 203.276123046875 9.614013671875 19.32548828125 280
150 7.5 33.5826953125 30.63830739186749 203.276123046875 9.549072265625 19.26806268459413 328
160 12.6 40.03922719804066 39.72828322668684 284.783935546875 9.549072265625 21.932076200953784 403
170 8.8 65.92387251420455 60.92895539740108 284.783935546875 9.549072265625 26.244932582112472 529
180 12.6 55.47247411334326 51.75445899653385 328.204833984375 9.549072265625 31.9041655059765 617
190 18.5 61.0103515625 56.764828217736266 328.204833984375 9.549072265625 35.90094462378028 743
200 23 177.25772970448375 146.5619453298289 917.27197265625 9.549072265625 40.906591481175916 928
210 17.1 394.9585018046418 288.5695497801878 1400.370849609375 9.549072265625 67.98842377077938 1158
220 9.4 1276.9339859333447 526.4759771675566 2624.56103515625 1.655029296875 110.05906586542983 1329
230 14.1 1560.3372153424207 1168.8165178649722 3098.755126953125 1.302001953125 187.14005144967717 1423
240 28.2 1297.187418619791 1254.6725628325303 3312.091064453125 1.155029296875 310.9385169924373 1564
250 38.8 1357.0759843649325 1163.841154014685 3712.64501953125 1.14404296875 461.60059188892365 1846
260 49 1595.4307547433036 979.5331547676108 3712.64501953125 1.14404296875 617.1263091139422 2234
270 56.8 1610.4494388204225 1052.5252670620125 4182.260009765625 1.114990234375 793.1061836948479 2724
280 57.5 1865.7328001868207 811.6444628347829 4182.260009765625 1.114990234375 934.1301718210102 3292
290 107.9 1061.1292789095091 543.5640917735237 4182.260009765625 1.114990234375 1072.6539657983417 3867
300 123.8 481.53815929801107 270.3404502732953 4182.260009765625 1.114990234375 1070.1397852174582 4946
310 18.9 60.780690672536416 80.54742487443288 4182.260009765625 1.114990234375 952.3052423830023 6184
320 14.7 11.147969148596939 5.286172305664834 4182.260009765625 1.114990234375 925.8658668497718 6373
330 6.4 12.755668640136719 4.884689854676892 4182.260009765625 1.114990234375 905.2426259046686 6520
340 6.4 14.663433074951172 7.21731842074187 4182.260009765625 1.114990234375 896.5671755302868 6584
350 1.6 10.773773193359375 4.564173493473057 4182.260009765625 1.114990234375 888.0771274681415 6648
360 0.8 5.7496337890625 2.288540044927796 4182.260009765625 1.114990234375 885.9707568696426 6664
369 0.8 16.41680908203125 3.7357444820814827 4182.260009765625 1.114990234375 884.9153358587547 6672
