0 1.3 9.665978064903847 30.14546787617813 114.0771484375 0.537109375 0 0
10 0.9 2.915310329861111 5.268863231191423 114.0771484375 0.537109375 9.665978064903847 13
20 0.8 2.52716064453125 2.6172363241111025 114.0771484375 0.537109375 6.904341264204546 22
30 1.4 1.6193673270089286 1.6329814160292868 114.0771484375 0.537109375 5.737093098958334 30
40 1.9 1.437448601973684 1.843155411255195 114.0771484375 0.537109375 4.426907626065341 44
50 1.2 2.7177734375 3.954722718647583 114.0771484375 0.537109375 3.5253247457837302 63
60 2.3 2.851265285326087 2.929820019326266 114.0771484375 0.537109375 3.3961165364583334 75
70 1.9 3.2318950452302633 3.681436452150863 114.0771484375 0.537109375 3.268243283641582 98
80 1.9 1.6416529605263157 2.337461857626708 114.0771484375 0.537109375 3.262340578258547 117
90 3.4 2.3342500574448524 2.562831561235926 114.0771484375 0.537109375 3.0359209846047794 136
100 3.3 2.929828065814394 3.0879852430929984 114.0771484375 0.537109375 2.895586799172794 170
110 3.8 2.7849699321546053 2.7197303466621814 114.0771484375 0.537109375 2.9011531134544337 203
120 6.8 39.509083467371326 90.21260151589097 501.655029296875 0.508056640625 2.882833773664419 241
130 8 2.806588745117188 3.1740061087822196 501.655029296875 0.508056640625 10.942979337328074 309
140 8.6 2.8382823855377906 3.183866553503673 501.655029296875 0.506103515625 9.26968564227185 389
150 18.7 2.596269740140375 2.899665658462729 501.655029296875 0.48486328125 8.105263157894736 475
160 22.3 3.023760466297646 3.4028170904099153 501.655029296875 0.48486328125 6.5490973435139725 662
170 21.5 2.6653683684593013 3.3657795350779582 501.655029296875 0.47802734375 5.6607921190854515 885
180 39.5 3.0227254746835452 3.335528960480662 501.655029296875 0.47509765625 5.075322931463068 1100
190 38.4 18.660058975219723 124.01484714014448 1010.20703125 0.466064453125 4.532997850909281 1495
200 17.7 1201.5093325167732 1933.3046672166072 7017.802001953125 0.466064453125 7.420060901327168 1879
210 24.9 6519.96255726029 5957.485786666158 15044.412841796875 0.466064453125 110.21860228067247 2056
220 35.6 3821.307087758953 6231.603862618692 15045.1181640625 0.466064453125 802.6377974172992 2305
230 32.7 3468.677405867736 9740.849226449847 31083.419921875 0.466064453125 1206.4883300597753 2661
240 9.3 1338.5018113659287 6300.586526078638 31083.419921875 0.466064453125 1454.057214862052 2988
250 4.9 1.5216737085459184 2.55397070739679 31083.419921875 0.466064453125 1450.5691744449343 3081
260 2.6 3.0606219951923075 4.406696062235141 31083.419921875 0.466064453125 1427.8844052640773 3130
270 0.3 2.1736653645833335 1.4108238483297135 31083.419921875 0.466064453125 1416.1463132599608 3156
280 0.2 4.35498046875 3.76904296875 31083.419921875 0.466064453125 1414.8035092258722 3159
290 0 0 0 31083.419921875 0.466064453125 1413.9111026907522 3161
300 0.1 0.72509765625 0.0 31083.419921875 0.466064453125 1413.9111026907522 3161
310 0.1 0.712890625 0.0 31083.419921875 0.466064453125 1413.464174795422 3162
320 0.1 0.721923828125 0.0 31083.419921875 0.466064453125 1413.0175256382388 3163
330 0 0 0 31083.419921875 0.466064453125 1412.571161668008 3164
340 0.1 1.364013671875 0.0 31083.419921875 0.466064453125 1412.571161668008 3164
340 0 0 0 31083.419921875 0.466064453125 1412.1252826323062 3165
