0 0.1 5.5058484112210815 0 5.5058484112210815 5.5058484112210815 0 0
10 0.1 2.549019607843137 0.0 5.5058484112210815 2.549019607843137 5.5058484112210815 1
20 0.1 2.167487684729064 0.0 5.5058484112210815 2.167487684729064 4.02743400953211 2
30 0.1 1.9704433497536946 0.0 5.5058484112210815 1.9704433497536946 3.407451901264428 3
40 0.1 2.6341463414634148 0.0 5.5058484112210815 1.9704433497536946 3.0481997633867444 4
50 0.1 2.9296875 0.0 5.5058484112210815 1.9704433497536946 2.9653890790020787 5
60 0.1 2.8543307086614176 0.0 5.5058484112210815 1.9704433497536946 2.9594388158350657 6
70 0.1 3.44149459193707 0.0 5.5058484112210815 1.9704433497536946 2.9444233719531163 7
80 0.1 3.51219512195122 0.0 5.5058484112210815 1.9704433497536946 3.00655727445111 8
90 0.1 3.729146221786065 0.0 5.5058484112210815 1.9704433497536946 3.062739257506678 9
100 0.1 4.799216454456415 0.0 5.5058484112210815 1.9704433497536946 3.1293799539346168 10
110 0.1 4.662226450999048 0.0 5.5058484112210815 1.9704433497536946 3.281183272163871 11
120 0.1 5.843543826578699 0.0 5.843543826578699 1.9704433497536946 3.396270203733469 12
130 0.1 6.7114093959731544 0.0 6.7114093959731544 1.9704433497536946 3.5845220208754105 13
140 0.1 6.582768635043562 0.0 6.7114093959731544 1.9704433497536946 3.807871119096678 14
150 0.1 7.5 0.0 7.5 1.9704433497536946 3.99286428682647 15
160 0.1 11.11111111111111 0.0 11.11111111111111 1.9704433497536946 4.212060268899815 16
170 0.1 13.27683615819209 0.0 13.27683615819209 1.9704433497536946 4.617886789029892 17
180 0.1 14.873713751169317 0.0 14.873713751169317 1.9704433497536946 5.098939531761125 18
190 0.1 19.758812615955474 0.0 19.758812615955474 1.9704433497536946 5.613401332782608 19
200 0.1 21.461187214611872 0.0 21.461187214611872 1.9704433497536946 6.320671896941251 20
210 0.1 18.48512173128945 0.0 21.461187214611872 1.9704433497536946 7.041648816830327 21
220 0.1 16.666666666666664 0.0 21.461187214611872 1.9704433497536946 7.5618066765784695 22
230 0.1 20.626151012891345 0.0 21.461187214611872 1.9704433497536946 7.95767015440839 23
240 0.1 12.97208538587849 0.0 21.461187214611872 1.9704433497536946 8.485523523511846 24
250 0.1 9.709543568464731 0.0 21.461187214611872 1.9704433497536946 8.664985998006513 25
260 0.1 9.30232558139535 0.0 21.461187214611872 1.9704433497536946 8.705161289177983 26
270 0.1 8.220502901353965 0.0 21.461187214611872 1.9704433497536946 8.727278485186034 27
280 0.1 6.340057636887608 0.0 21.461187214611872 1.9704433497536946 8.709179357192031 28
290 0.1 5.797101449275362 0.0 21.461187214611872 1.9704433497536946 8.627485504767742 29
300 0.1 2.346041055718475 0.0 21.461187214611872 1.9704433497536946 8.533139369584664 30
310 0.1 2.046783625730994 0.0 21.461187214611872 1.9704433497536946 8.333555553008337 31
320 0.1 1.1741682974559686 0.0 21.461187214611872 1.1741682974559686 8.137093930280919 32
330 0.1 1.1811023622047243 0.0 21.461187214611872 1.1741682974559686 7.926096183831679 33
340 0.1 1.1764705882352942 0.0 21.461187214611872 1.1741682974559686 7.727714012607358 34
