0 2.2 14.0711669921875 23.934176545777845 122.26904296875 4.756103515625 0 0
10 6.1 40.519983510502044 69.30442888647167 418.819091796875 4.65087890625 14.0711669921875 22
20 10.3 73.21395488850118 133.2669471036931 936.18896484375 4.41796875 33.50945383094879 83
30 11.3 35.4122498098728 66.06387593714597 936.18896484375 3.7490234375 55.49635495421705 186
40 14.4 29.977588229709195 54.26418731494461 936.18896484375 3.7490234375 47.90604096989966 299
50 17.8 30.301233870259846 36.68640928654463 936.18896484375 3.7490234375 42.0782820656391 443
60 21.9 91.00903654751711 293.83571714140425 2824.68115234375 3.543212890625 38.70257420931461 621
70 19.2 127.23609034220368 255.02095765180852 2824.68115234375 3.543212890625 52.33961617606027 840
80 24.6 61.62481342098582 100.6971518761871 2824.68115234375 3.543212890625 66.27384392790091 1032
90 34.1 118.91971066830094 155.86850222914592 2824.68115234375 3.543212890625 65.37896012140551 1278
100 33.5 83.38108675373135 123.77258721002023 2824.68115234375 3.543212890625 76.65591869860832 1619
110 34.3 86.61159575437318 107.90751616531375 2824.68115234375 3.543212890625 77.80890298646206 1954
120 41.9 465.5555626771331 230.9614309589802 2824.68115234375 3.543212890625 79.12336690435214 2297
130 45 1233.261291232639 315.8120383827742 2824.68115234375 3.543212890625 138.7386430563386 2716
140 52.4 1877.5505594734018 1262.5723374538077 4028.64111328125 0.071044921875 294.30882362466934 3166
150 90.4 1193.5803517029344 1331.6980759981143 4137.14990234375 0.066162109375 519.1377313712102 3690
160 134.2 811.834432633197 1070.0394202721352 4137.14990234375 0.05810546875 651.8534755549017 4594
170 184.1 584.7225786713656 942.9767742248969 4137.14990234375 0.054931640625 688.0216771046106 5936
180 227.2 469.0144071981945 692.2953798945997 4137.14990234375 0.054931640625 663.5683351712682 7777
190 233.8 635.6383763583341 902.1914374176982 5004.361083984375 0.054931640625 619.581219602075 10049
200 220.9 980.4884327741272 1808.6056080209635 11240.220947265625 0.054931640625 622.6119479863596 12387
210 248 1456.6410491943357 3173.2647703440894 21048.837158203125 0.054931640625 676.773989291935 14596
220 274.4 1627.7971969915893 4063.535142605198 21048.837158203125 0.054931640625 790.0364810088449 17076
230 315.1 774.9747621662779 3211.5086533020935 32442.615966796875 0.054931640625 906.0211129289585 19820
240 175.8 720.4813426845586 2222.9888307567503 32492.134765625 0.054931640625 888.0450974636672 22971
250 127.7 837.12389247718 626.6467534458765 32492.134765625 0.054931640625 876.1328858537487 24729
260 93.1 1093.2434425558888 562.827213951493 32492.134765625 0.054931640625 874.217386178986 26006
270 79.5 1223.6066716416085 221.06883139307874 32492.134765625 0.054931640625 881.7873924338361 26937
280 88.5 718.0654517567093 153.68161592969736 32492.134765625 0.054931640625 891.5864089840372 27732
290 64.1 213.84100922630668 202.1095251494029 32492.134765625 0.054931640625 886.2201565066222 28617
300 10.1 16.99025613010519 24.71177618378321 32492.134765625 0.054931640625 871.4893125184248 29258
310 7.7 10.004486480316558 7.150448000813145 32492.134765625 0.054931640625 868.5496890743285 29359
320 6.4 10.072910308837889 5.952397941224133 32492.134765625 0.054931640625 866.3038682902635 29436
330 1.1 12.47705078125 5.85020226226731 32492.134765625 0.054931640625 864.4462824831173 29500
340 2.9 6.560479525862069 3.977284832202185 32492.134765625 0.054931640625 864.1287174548661 29511
340 0 0 0 32492.134765625 0.054931640625 863.2868258197971 29540
