10 0.1 148 0 148 148 0 0
20 0.1 403.0 0.0 403 148 148.0 1
30 0.1 398.0 0.0 403 148 275.5 2
40 0.1 555.0 0.0 555 148 316.3333333333333 3
50 0.1 755.0 0.0 755 148 376.0 4
60 0.1 800.0 0.0 800 148 451.8 5
70 0.1 1077.0 0.0 1077 148 509.8333333333333 6
80 0.1 1094.0 0.0 1094 148 590.8571428571429 7
90 0.1 1178.0 0.0 1178 148 653.75 8
100 0.1 1733.0 0.0 1733 148 712.0 9
110 0.1 1735.0 0.0 1735 148 814.1 10
120 0.1 2049.0 0.0 2049 148 897.8181818181819 11
130 0.1 2552.0 0.0 2552 148 993.75 12
140 0.1 2579.0 0.0 2579 148 1113.6153846153845 13
150 0.1 2758.0 0.0 2758 148 1218.2857142857142 14
160 0.1 3919.0 0.0 3919 148 1320.9333333333334 15
170 0.1 4734.0 0.0 4734 148 1483.3125 16
180 0.1 5627.0 0.0 5627 148 1674.5294117647059 17
190 0.1 7389.0 0.0 7389 148 1894.111111111111 18
200 0.1 7119.0 0.0 7389 148 2183.315789473684 19
210 0.1 7704.0 0.0 7704 148 2430.1 20
220 0.1 7596.0 0.0 7704 148 2681.2380952380954 21
230 0.1 9424.0 0.0 9424 148 2904.6363636363635 22
240 0.1 6486.0 0.0 9424 148 3188.086956521739 23
250 0.1 4398.0 0.0 9424 148 3325.5 24
260 0.1 3869.0 0.0 9424 148 3368.4 25
270 0.1 2874.0 0.0 9424 148 3387.653846153846 26
280 0.1 2703.0 0.0 9424 148 3368.6296296296296 27
290 0.1 2598.0 0.0 9424 148 3344.8571428571427 28
300 0.1 846.0 0.0 9424 148 3319.103448275862 29
310 0.1 550.0 0.0 9424 148 3236.6666666666665 30
320 0.1 244.0 0.0 9424 148 3150.0 31
330 0.1 126.0 0.0 9424 126 3059.1875 32
340 0.1 51.0 0.0 9424 51 2970.3030303030305 33
