20 0.4 19558.942260742188 3330.8701658639734 24253.637939453125 14884.99609375 0 0
30 0.4 28390.808532714844 2045.1283079288507 30383.638916015625 14884.99609375 19558.942260742188 4
40 0.4 29806.054260253906 8682.156945006816 38750.31201171875 14884.99609375 23974.875396728516 8
50 0.8 37587.64498901367 9926.87080975611 56371.424072265625 14884.99609375 25918.601684570313 12
60 0.5 30884.9494140625 11430.411169912153 56371.424072265625 14884.99609375 30586.219006347656 20
70 1.2 43168.960205078125 12148.02030293128 68781.10791015625 14884.99609375 30645.965087890625 25
80 1.2 42128.450703938805 17225.158375201943 77084.34008789063 14884.99609375 34707.47701778927 37
90 1.7 43677.37593347887 17662.92164852129 83858.6640625 14884.99609375 36524.85832868303 49
100 2.1 43621.00266229539 16212.770715976107 83858.6640625 14884.99609375 38367.17346931226 66
110 1.2 49301.878885904945 18255.03220254204 83858.6640625 13854.7509765625 39635.33913658405 87
120 1.7 46606.0376551011 22948.633559022404 115885.68701171875 13854.7509765625 40807.040924380526 99
130 0.9 49951.696533203125 13193.82372808288 115885.68701171875 13854.7509765625 41656.893893537854 116
140 2.6 49900.007080078125 17397.411530202346 115885.68701171875 13854.7509765625 42254.11968359375 125
150 3.1 54469.75496944304 14683.783709166039 115885.68701171875 13854.7509765625 43570.63009623344 151
160 4.4 50734.73795942827 16858.544120390336 115885.68701171875 13854.7509765625 45427.074442769146 182
170 7.1 48858.9160225022 23398.324813978143 128084.2431640625 12795.39697265625 46460.42486194172 226
180 9.5 43066.73628700658 17660.79990353142 128084.2431640625 12795.39697265625 47033.8015366885 297
190 10.6 45959.06664117777 15705.572863595717 128084.2431640625 12795.39697265625 46072.39541750538 392
200 11.2 45381.485220772876 15469.805159341136 128084.2431640625 12795.39697265625 46048.273228166574 498
210 14.2 48557.124824631384 18358.522236655717 128084.2431640625 12795.39697265625 45925.84657762871 610
220 17.7 52463.26962090616 16346.079159568222 128084.2431640625 12795.39697265625 46422.71028916379 752
230 25.9 54160.9105144486 14841.896362521005 128084.2431640625 12795.39697265625 47573.602648387045 929
240 17.1 54571.88448579131 12430.830367806813 128084.2431640625 12795.39697265625 49009.72448113952 1188
250 14.6 60897.98460910745 11066.632603685626 128084.2431640625 12795.39697265625 49709.59891881094 1359
260 11.2 68036.04272896903 10551.959027693214 128084.2431640625 12795.39697265625 50794.983842919435 1505
270 7.8 77025.36780724162 13579.021977150973 141061.50903320313 12795.39697265625 51989.169739788675 1617
280 9.6 85329.1881713867 11127.86752801568 141061.50903320313 12795.39697265625 53141.27796944137 1695
290 7.7 94483.11966061284 11202.862387301122 141061.50903320313 12795.39697265625 54866.59308914364 1791
300 1.8 103668.10099283855 7389.6199862866115 141061.50903320313 12795.39697265625 56499.60837072989 1868
310 0.9 114095.96457248264 8423.268400235018 141061.50903320313 12795.39697265625 56949.78486447218 1886
320 0.6 116906.35888671875 3949.121316517282 141061.50903320313 12795.39697265625 57221.19152271603 1895
330 0.2 131387.27099609375 2551.224853515625 141061.50903320313 12795.39697265625 57409.57185106112 1901
340 0.3 140766.15926106772 7120.640989427683 148022.82495117188 12795.39697265625 57487.32035252726 1903
340 0 0 0 148022.82495117188 12795.39697265625 57618.399322477744 1906
