0 5.00078125 5.00078125
10 68.8359375 73.83671875
20 112.68046875 186.5171875
30 123.35703125 309.87421875
40 153.2296875 463.10390625
50 173.26640625 636.3703125
60 243.42578125 879.79609375
70 252.44453125 1132.240625
80 307.86015625 1440.10078125
90 369.30234375 1809.403125
100 423.759375 2233.1625
110 505.14453125 2738.30703125
120 631.3671875 3369.67421875
130 627.84453125 3997.51875
140 634.74453125 4632.26328125
150 837.0828125 5469.34609375
160 1114.8515625 6584.19765625
170 1414.06640625 7998.2640625
180 1506.40234375 9504.66640625
190 1504.05234375 11008.71875
200 1521.20546875 12529.92421875
210 1776.0140625 14305.93828125
220 1828.3078125 16134.24609375
230 2115.053125 18249.29921875
240 1247.1921875 19496.49140625
250 1030.24921875 20526.740625
260 790.05390625 21316.79453125
270 611.9921875 21928.78671875
280 646.26484375 22575.0515625
290 466.98046875 23042.03203125
300 104.17421875 23146.20625
310 75.65390625 23221.86015625
320 60.196875 23282.05703125
330 19.521875 23301.57890625
340 20.50625 23322.08515625
340 0 23322.08515625
