0 0.3 6.722005208333333 2.384783290082854 10.090087890625 4.886962890625 0 0
10 0.8 8.538360595703125 9.392286994943262 33.3779296875 4.734130859375 6.722005208333333 3
20 0.3 19.689371744791668 10.96708981326645 35.038818359375 4.734130859375 8.042990944602273 11
30 0.7 8.066301618303571 5.939480084054568 35.038818359375 3.83203125 10.538643973214286 14
40 0.4 6.87103271484375 3.1170651757229173 35.038818359375 3.83203125 9.714529854910714 21
50 0.6 7.200602213541667 4.694790730583144 35.038818359375 3.83203125 9.2595703125 25
60 1.2 23.88409423828125 38.82625853187923 148.385009765625 3.591064453125 8.861060357862904 31
70 1.4 55.935215541294646 82.99342263488306 232.194091796875 3.591064453125 13.053534929142442 43
80 1.4 18.418631417410715 17.569114192147957 232.194091796875 3.591064453125 23.585877535635966 57
90 1.6 59.02183532714843 52.59339578841098 232.194091796875 3.591064453125 22.566983934859156 71
100 2.3 28.72603175951087 45.50422636113718 232.194091796875 3.591064453125 29.271324420797413 87
110 2.4 18.195180257161457 15.45814715262916 232.194091796875 3.591064453125 29.15730868252841 110
120 3 349.01909993489585 157.7898587077628 759.993896484375 3.591064453125 27.19394239738806 134
130 3.7 1132.3739046663854 320.9305427873842 1904.716064453125 3.591064453125 86.06439804449315 164
140 2.7 1830.651882595486 1188.9246770161144 2879.69189453125 0.862060546875 278.6686355818564 201
150 7.1 1233.1245357889525 1270.9803621393853 3124.31689453125 0.655029296875 462.4561253597862 228
160 7.9 809.977239294897 1068.082136446711 3124.31689453125 0.628173828125 645.4576542576818 299
170 9.4 577.6230079163898 911.8542972635291 3124.31689453125 0.628173828125 679.8413770564649 378
180 11.6 338.77950102707433 592.2807062020088 3124.31689453125 0.597900390625 659.4843289650092 472
190 12.5 651.421818359375 809.7044855024233 3687.533935546875 0.597900390625 596.2160295758929 588
200 6.2 1054.2349026587697 1865.9617339721651 7937.85107421875 0.597900390625 605.8944637945959 713
210 8.7 1967.5950212149787 3873.0417609695633 20160.598876953125 0.597900390625 641.7616989037299 775
220 8.4 2067.0977201915925 4136.80478165353 20160.598876953125 0.597900390625 775.5755028957005 862
230 1.6 4882.467834472656 10049.182114547377 31129.48095703125 0.597900390625 890.2561226133062 946
240 0.9 736.6297743055555 656.3598989475528 31129.48095703125 0.597900390625 956.6546542034824 962
250 0.1 1741.43701171875 0.0 31129.48095703125 0.597900390625 954.6152886843462 971
260 0 0 0 31129.48095703125 0.597900390625 955.4247760537231 972
270 0 0 0 31129.48095703125 0.597900390625 955.4247760537231 972
280 0 0 0 31129.48095703125 0.597900390625 955.4247760537231 972
290 0 0 0 31129.48095703125 0.597900390625 955.4247760537231 972
300 0 0 0 31129.48095703125 0.597900390625 955.4247760537231 972
310 0 0 0 31129.48095703125 0.597900390625 955.4247760537231 972
320 0 0 0 31129.48095703125 0.597900390625 955.4247760537231 972
330 0 0 0 31129.48095703125 0.597900390625 955.4247760537231 972
340 0 0 0 31129.48095703125 0.597900390625 955.4247760537231 972
340 0 0 0 31129.48095703125 0.597900390625 955.4247760537231 972
