0 0.6 9.119384765625 3.4102201277382287 16.5078125 7.036865234375 0 0
10 0.5 26.946142578125 21.9241835096344 61.0849609375 6.72998046875 9.119384765625 6
20 0.3 69.13492838541667 49.90700524237139 138.826904296875 6.72998046875 17.222456498579547 11
30 0.7 21.588134765625 17.986848948646546 138.826904296875 6.72998046875 28.3465576171875 14
40 0.4 17.076171875 8.304037255267568 138.826904296875 6.72998046875 26.09375 21
50 0.7 14.357979910714286 11.616251147928123 138.826904296875 6.2509765625 24.6509375 25
60 1.7 57.25807100183823 91.23773068809514 398.212158203125 6.23095703125 22.39935302734375 32
70 1.2 102.04892985026042 111.40874661908916 398.212158203125 6.20703125 34.49319395727041 49
80 1 27.8931396484375 16.382866412862207 398.212158203125 6.025146484375 47.78284691982582 61
90 2.1 94.08506556919643 80.17691121233933 398.212158203125 6.025146484375 44.98147969850352 71
100 2.2 64.72867098721592 61.101648972819454 398.212158203125 6.025146484375 56.1899069081182 92
110 2.3 48.50835385529892 33.83100378965536 398.212158203125 5.967041015625 57.83773857250548 114
120 3.6 452.8173828125 191.99214249633766 856.821044921875 5.967041015625 56.27149150319343 137
130 3.8 1176.2606201171875 259.6582010691088 1906.72802734375 5.967041015625 138.78971166004337 173
140 3.5 1812.4595982142857 1224.0285243784492 2953.093994140625 1.232177734375 325.63281365706456 211
150 7.1 1106.1891677211704 1317.5101035113148 3274.7578125 1.197021484375 537.1732098339049 246
160 9.1 676.1525422819371 1014.7214531519909 3274.7578125 1.1640625 664.6184243764786 317
170 7 646.9436802455358 978.3428149051205 3274.7578125 1.1640625 667.1909849877451 408
180 15.1 536.7797835394244 683.5718881052594 3274.7578125 1.1640625 664.2258985192207 478
190 10.9 1617.1694179149943 1383.3729396600838 5004.43603515625 1.1640625 633.6307262426719 629
200 7.5 6512.015374348956 1344.101447272691 9680.975830078125 1.1640625 778.8959259612127 738
210 9.1 9660.972701858687 3441.5485784003063 20152.746826171875 1.1640625 1307.7814839305618 813
220 5.4 18271.37501808451 1730.2004074337603 20152.746826171875 1.1640625 2148.644759186601 904
230 0.9 31313.342312282984 376.3948912219187 32182.629150390625 1.1640625 3057.4416631328295 958
240 0.5 32094.34853515625 519.5728378108937 32492.19384765625 1.1640625 3320.423158316233 967
250 0 0 0 32492.19384765625 1.1640625 3468.4371777444226 972
260 0 0 0 32492.19384765625 1.1640625 3468.4371777444226 972
270 0 0 0 32492.19384765625 1.1640625 3468.4371777444226 972
280 0 0 0 32492.19384765625 1.1640625 3468.4371777444226 972
290 0 0 0 32492.19384765625 1.1640625 3468.4371777444226 972
300 0 0 0 32492.19384765625 1.1640625 3468.4371777444226 972
310 0 0 0 32492.19384765625 1.1640625 3468.4371777444226 972
320 0 0 0 32492.19384765625 1.1640625 3468.4371777444226 972
330 0 0 0 32492.19384765625 1.1640625 3468.4371777444226 972
340 0 0 0 32492.19384765625 1.1640625 3468.4371777444226 972
340 0 0 0 32492.19384765625 1.1640625 3468.4371777444226 972
