10 0.7 49.769984654017854 84.84151351000543 255.649169921875 8.995849609375 0 0
20 0.6 51.207194010416664 68.72284309852662 255.649169921875 8.995849609375 49.769984654017854 7
30 0.3 15.334309895833334 3.6341951115979207 255.649169921875 8.995849609375 50.43331204927885 13
40 0.5 16.211181640625 13.238061855701003 255.649169921875 8.995849609375 43.85224914550781 16
50 0.6 22.1400146484375 19.643225090213214 255.649169921875 8.61181640625 37.27104259672619 21
60 0.8 52.894805908203125 58.617130502003945 255.649169921875 8.61181640625 33.908591941550924 27
70 1.2 56.352132161458336 49.21316380991082 255.649169921875 8.447021484375 38.24829799107143 35
80 1.3 58.86818284254808 43.54903611893274 255.649169921875 8.447021484375 42.870553523936174 47
90 1 47.542919921875 48.586475044708166 255.649169921875 8.447021484375 46.33670654296875 60
100 1.8 88.85682508680556 69.25420777265029 287.722900390625 8.447021484375 46.509022739955356 70
110 2.6 81.81678185096153 71.27247187837126 287.722900390625 8.447021484375 55.1710732199929 88
120 2.9 378.69585129310343 122.24449081922054 692.258056640625 8.447021484375 61.24816466214364 114
130 2.3 1277.8817085597825 358.4376419502195 1938.31689453125 8.447021484375 125.62566754534528 143
140 2.8 1780.6783796037946 1228.0581459965551 3014.325927734375 0.77880859375 285.2756009389119 166
150 4.3 1309.912342160247 1307.7458812590196 3274.842041015625 0.64404296875 501.1069298183795 194
160 7.1 1110.531724526849 1080.2190380409088 3274.842041015625 0.64404296875 647.8522156019251 237
170 9 732.7002387152776 947.9631297357289 3274.842041015625 0.64404296875 754.5088556463069 308
180 8.6 446.0258533566497 692.5223049292828 3274.842041015625 0.64404296875 749.577258852858 398
190 13.2 569.2729973070549 799.8120398678261 4122.983154296875 0.64404296875 695.6404388679946 484
200 10.2 532.8657681334253 746.067249828115 4122.983154296875 0.64404296875 668.5617013906503 616
210 7.1 478.4503466109155 640.5333099645869 4122.983154296875 0.64404296875 649.2845632399025 718
220 8.9 787.5133481829354 2107.0523677853516 19101.678955078125 0.64404296875 633.9116489424905 789
230 5.8 487.6752592941812 687.7991314042089 19101.678955078125 0.64404296875 649.4817528518295 878
240 2.4 599.3032938639323 650.5351375918126 19101.678955078125 0.64404296875 639.4552820971888 936
250 1 816.4484130859375 669.0743693112737 19101.678955078125 0.64404296875 638.4514823913574 960
260 0.1 1208.4990234375 0.0 19101.678955078125 0.64404296875 640.2865022954253 970
270 0.1 1393.798095703125 0.0 19101.678955078125 0.64404296875 640.8716851184346 971
280 0 0 0 19101.678955078125 0.64404296875 641.6463007671842 972
290 0 0 0 19101.678955078125 0.64404296875 641.6463007671842 972
300 0 0 0 19101.678955078125 0.64404296875 641.6463007671842 972
310 0 0 0 19101.678955078125 0.64404296875 641.6463007671842 972
320 0 0 0 19101.678955078125 0.64404296875 641.6463007671842 972
330 0 0 0 19101.678955078125 0.64404296875 641.6463007671842 972
340 0 0 0 19101.678955078125 0.64404296875 641.6463007671842 972
340 0 0 0 19101.678955078125 0.64404296875 641.6463007671842 972
