10 0.3 23.175618489583332 8.444542252050148 32.5009765625 12.052001953125 0 0
20 0.6 148.75956217447916 168.97204670039173 440.856201171875 11.571044921875 23.175618489583332 3
30 0.4 28.4134521484375 16.207254408253682 440.856201171875 10.851806640625 106.89824761284723 9
40 0.4 57.39178466796875 46.76082252635117 440.856201171875 10.851806640625 82.74907977764423 13
50 0.5 13.8259765625 3.3904758733485307 440.856201171875 10.851806640625 76.78265739889706 17
60 0.8 61.263671875 51.1394867468787 440.856201171875 10.39208984375 62.47432084517045 22
70 0.6 93.68461100260417 78.3876383748246 440.856201171875 10.39208984375 62.15148111979167 30
80 1.4 66.94449288504464 62.81013959277903 440.856201171875 10.39208984375 67.40700276692708 36
90 1 99.24716796875 76.08348727498631 440.856201171875 10.39208984375 67.2775 50
100 1.5 72.09861653645834 69.92280676930021 440.856201171875 10.39208984375 72.60577799479167 60
110 2.8 111.11710030691964 82.41594814474625 440.856201171875 10.205078125 72.504345703125 75
120 1.9 469.76693564967104 181.86299284721997 875.4609375 10.205078125 83.00101685755462 103
130 1.8 1191.4606255425347 314.1778519492856 2055.68701171875 10.205078125 143.23505339075308 122
140 3.2 2432.189102172851 800.85988631531 3178.7919921875 0.903076171875 278.0069126674107 140
150 3.7 1242.7812302048142 1303.4936897900998 3215.114990234375 0.6611328125 678.7849944358647 172
160 5.3 851.1316701061321 1054.8289955226408 3215.114990234375 0.6611328125 778.6312179930472 209
170 8.1 702.563464506173 972.2850163556204 3215.114990234375 0.656982421875 793.2973399853888 262
180 7.3 469.73285999036807 709.9003920236995 3215.114990234375 0.656982421875 771.8703897993349 343
190 10.5 622.0868117559521 713.1027497891698 3215.114990234375 0.64599609375 718.8510636549729 416
200 12.2 565.0137759349382 927.6144165349499 7001.238037109375 0.614990234375 699.3496309306022 521
210 8.9 576.3654318820222 844.7896256378775 7001.238037109375 0.614990234375 673.8613349594186 643
220 8.1 367.4191382137346 643.8608515087957 7001.238037109375 0.614990234375 662.0073248858008 732
230 9 481.2253634982639 673.0309970744464 7001.238037109375 0.614990234375 632.6572103465174 813
240 3.1 628.3915070564516 695.9007036988204 7001.238037109375 0.614990234375 617.5643352453627 903
250 1.9 884.1833239103619 615.1479649090179 7001.238037109375 0.614990234375 617.9236953375937 934
260 1.1 1131.2439408735795 538.5521033514403 7001.238037109375 0.614990234375 623.2321244486982 953
270 0.4 1408.1627807617188 198.85703407675598 7001.238037109375 0.614990234375 629.0289397813473 964
280 0.4 818.910400390625 124.2046306470617 7001.238037109375 0.614990234375 632.2485011077124 968
290 0 0 0 7001.238037109375 0.614990234375 633.0166570718396 972
300 0 0 0 7001.238037109375 0.614990234375 633.0166570718396 972
310 0 0 0 7001.238037109375 0.614990234375 633.0166570718396 972
320 0 0 0 7001.238037109375 0.614990234375 633.0166570718396 972
330 0 0 0 7001.238037109375 0.614990234375 633.0166570718396 972
340 0 0 0 7001.238037109375 0.614990234375 633.0166570718396 972
340 0 0 0 7001.238037109375 0.614990234375 633.0166570718396 972
