20 0.2 9.7314453125 0.026611328125 9.758056640625 9.704833984375 0 0
30 0.2 24.8040771484375 14.9310302734375 39.735107421875 9.704833984375 9.7314453125 2
40 0.1 8.85009765625 0.0 39.735107421875 8.85009765625 17.26776123046875 4
50 0.2 54.76806640625 6.85498046875 61.623046875 8.85009765625 15.584228515625 5
60 0.3 186.31868489583334 140.84393398423458 370.675048828125 8.85009765625 26.779610770089285 7
70 1 71.3038818359375 86.62669907055783 370.675048828125 8.20703125 74.6413330078125 10
80 0.3 25.185384114583332 16.376888673802497 370.675048828125 8.20703125 72.972607421875 20
90 0.8 99.21328735351563 75.42765435362831 370.675048828125 8.20703125 66.73949133831522 23
100 0.7 74.29942103794643 77.90442049398155 370.675048828125 8.20703125 75.11982579385081 31
110 1.2 70.05171712239583 51.62703566850339 370.675048828125 8.20703125 74.96869860197368 38
120 1.1 457.8384454900568 175.78490094919292 805.600830078125 8.20703125 73.788623046875 50
130 0.9 1310.1966145833333 284.3571848398569 1897.632080078125 8.20703125 143.04350906121925 61
140 2 2386.1961059570313 820.0353323527017 2944.375 0.761962890625 293.1060511997768 70
150 2 1116.9041259765625 1263.6039022394054 3175.66796875 0.761962890625 758.2371744791667 90
160 1.6 862.769287109375 1116.5382511082826 3175.66796875 0.761962890625 823.4493474786932 110
170 3.3 289.5168309067235 672.8482949259158 3175.66796875 0.761962890625 828.4423556857639 126
180 4.3 527.8515170784883 716.8494090965007 3175.66796875 0.761962890625 716.5898882787932 159
190 4.9 379.2041862643495 651.8014759721592 3175.66796875 0.673828125 676.4129082708074 202
200 7.1 480.8543890294894 704.3962725990765 3175.66796875 0.64599609375 618.3920820623754 251
210 9.9 376.3499620225693 604.240735143826 3175.66796875 0.64599609375 588.0654478843167 322
220 8.2 389.8737227277058 894.6258376505756 6270.5859375 0.6220703125 538.2796210427181 421
230 10.3 451.1081708889563 638.6255273435561 6270.5859375 0.61083984375 514.0862141603503 503
240 9.3 585.1106875840056 670.9301173248818 6270.5859375 0.61083984375 503.3820252874897 606
250 9.1 896.559835916037 611.1859922053017 6270.5859375 0.61083984375 514.255795807627 699
260 5.8 1216.0433602168641 369.9019209151086 6270.5859375 0.61083984375 558.2933497947984 790
270 4.8 1191.6090545654295 171.2557349966376 6270.5859375 0.61083984375 603.2809684321567 848
280 3 749.0689371744792 117.16368000216228 6270.5859375 0.61083984375 634.7985444750105 896
290 2.6 224.5289963942307 233.89813152482162 6270.5859375 0.61083984375 638.5006090333087 926
300 0.8 7.115478515625 2.9286575566915976 6270.5859375 0.61083984375 627.1946616293003 952
310 0.6 7.632893880208333 2.5905268864394313 6270.5859375 0.61083984375 622.027335103353 960
320 0.2 9.9669189453125 0.0589599609375 6270.5859375 0.61083984375 618.2112205615944 966
330 0.3 10.746988932291666 5.570750790699928 6270.5859375 0.61083984375 616.9545174590813 968
340 0.1 4.426025390625 0.0 6270.5859375 0.61083984375 615.0815796778451 971
340 0 0 0 6270.5859375 0.61083984375 614.4533332228172 972
