20 0.8 12.6697998046875 9.805295696620425 29.01318359375 4.528076171875 0 0
30 0.8 12.498870849609375 7.319393073693029 29.01318359375 4.528076171875 12.6697998046875 8
40 1.6 12.482955932617188 9.323626131139191 33.077880859375 4.367919921875 12.584335327148438 16
50 2.4 13.570933024088541 10.9537436684191 54.15185546875 4.367919921875 12.533645629882813 32
60 2.4 19.207946777343754 18.75929785351621 86.69287109375 4.367919921875 12.978197370256696 56
70 0.8 69.547119140625 85.95883223352946 243.572998046875 4.367919921875 14.847122192382813 80
80 1.6 28.937316894531246 35.75551460816911 243.572998046875 4.367919921875 19.81984918767756 88
90 4 62.25645751953125 63.10122621169528 246.89208984375 4.367919921875 21.22253652719351 104
100 2.4 34.633829752604164 28.5011248413351 246.89208984375 4.367919921875 32.620847913953995 144
110 0.6 29.217610677083332 19.82999664025725 246.89208984375 4.367919921875 32.908416748046875 168
120 0.8 352.6665344238281 184.49531687616937 716.095947265625 4.367919921875 32.78114757318606 174
130 1.1 1056.2320445667613 214.75709238068455 1555.464111328125 4.367919921875 46.842043698489015 182
140 2.8 1298.7533307756696 1304.4135531701359 2823.304931640625 0.677001953125 104.37204374797604 193
150 2.7 971.587257667824 1193.1088199365117 2832.272216796875 0.677001953125 255.69636970623586 221
160 7.6 635.4635716488486 969.6269687520356 2832.272216796875 0.654052734375 333.63610347624746 248
170 13.9 355.021751348921 756.3234303994979 2832.272216796875 0.654052734375 404.43513922043786 324
180 17.6 454.12535511363643 675.2304285734315 2832.272216796875 0.654052734375 389.60045042099756 463
190 13.7 551.8291282932254 807.5410023971505 3577.9580078125 0.64697265625 407.37256814541763 639
200 10.5 632.5157877604169 1130.7079716197024 7114.861083984375 0.64697265625 432.87585260450226 776
210 17.1 635.8480188916302 1199.9150020461425 7736.421142578125 0.64697265625 456.66948846303916 881
220 31.1 334.66641833927866 751.1175959437026 7736.421142578125 0.64697265625 485.79451574753443 1052
230 53.5 288.61670286945093 579.0639282186361 7736.421142578125 0.64697265625 451.31114209091845 1363
240 20.4 436.3750418868719 632.6646871330727 7736.421142578125 0.64697265625 405.451539886764 1898
250 17.2 764.0525257199306 622.2050040505486 7736.421142578125 0.64697265625 408.4526789961941 2102
260 12.8 966.1757946014403 599.1208652667434 7736.421142578125 0.64697265625 435.3494132250783 2274
270 15.2 1187.3796595523231 184.66756745238308 7736.421142578125 0.64697265625 463.6365809254007 2402
280 21.3 702.790732513571 130.20672795841412 7736.421142578125 0.64697265625 506.70977902692465 2554
290 16.5 210.24649621212126 181.40231817818915 7736.421142578125 0.64697265625 521.8038314637355 2767
300 1.6 11.041839599609375 9.09449072524577 7736.421142578125 0.64697265625 504.2707617787026 2932
310 1.6 7.7750244140625 3.837655278141254 7736.421142578125 0.64697265625 501.59380697718785 2948
320 1.6 8.931335449218752 4.618970749697208 7736.421142578125 0.64697265625 498.92811854229916 2964
330 0 0 0 7736.421142578125 0.64697265625 496.2972633310612 2980
340 0.8 6.181488037109375 3.7089213685574376 7736.421142578125 0.64697265625 496.2972633310612 2980
340 0 0 0 7736.421142578125 0.64697265625 494.9850390330854 2988
