0 0 0
10 0 0
20 0.1 1
30 0.2 3
40 0.5 8
50 0.8 16
60 0.7 23
70 1.2 35
80 1.3 48
90 1.9 67
100 1.8 85
110 1.4 99
120 1.8 117
130 1.2 129
140 1.6 145
150 2.6 171
160 4.8 219
170 5.7 276
180 7.6 352
190 9.1 443
200 10 543
210 11.1 654
220 15.1 805
230 15.9 964
240 17.3 1137
250 17.8 1315
260 15.6 1471
270 18.7 1658
280 20.9 1867
290 19 2057
300 23.7 2294
310 22.1 2515
320 15.9 2674
330 18.6 2860
340 13.6 2996
350 10.3 3099
360 10.1 3200
370 7.9 3279
380 8.3 3362
390 9 3452
400 8.9 3541
410 10.4 3645
420 7.6 3721
430 3 3751
440 1.2 3763
450 0.7 3770
460 0 3770
470 0.1 3771
480 0 3771
490 0 3771
494 0.1 3772
