0 0.1 3171.34375 0 3171.34375 3171.34375 0 0
10 0.1 3171.8046875 0.0 3171.8046875 3171.34375 3171.34375 1
20 0.1 3170.4921875 0.0 3171.8046875 3170.4921875 3171.57421875 2
30 0.1 3169.140625 0.0 3171.8046875 3169.140625 3171.2135416666665 3
40 0.1 3166.97265625 0.0 3171.8046875 3166.97265625 3170.6953125 4
50 0.1 3164.9296875 0.0 3171.8046875 3164.9296875 3169.95078125 5
60 0.1 3163.73046875 0.0 3171.8046875 3163.73046875 3169.1139322916665 6
70 0.1 3163.5078125 0.0 3171.8046875 3163.5078125 3168.3448660714284 7
80 0.1 3162.4375 0.0 3171.8046875 3162.4375 3167.740234375 8
90 0.1 3160.26953125 0.0 3171.8046875 3160.26953125 3167.1510416666665 9
100 0.1 3160.31640625 0.0 3171.8046875 3160.26953125 3166.462890625 10
110 0.1 3156.5546875 0.0 3171.8046875 3156.5546875 3165.904119318182 11
120 0.1 3155.109375 0.0 3171.8046875 3155.109375 3165.125 12
130 0.1 3150.7734375 0.0 3171.8046875 3150.7734375 3164.3545673076924 13
140 0.1 3147.53515625 0.0 3171.8046875 3147.53515625 3163.3844866071427 14
150 0.1 3141.5859375 0.0 3171.8046875 3141.5859375 3162.3278645833334 15
160 0.1 3135.6953125 0.0 3171.8046875 3135.6953125 3161.031494140625 16
170 0.1 3132.05859375 0.0 3171.8046875 3132.05859375 3159.541130514706 17
180 0.1 3127.55859375 0.0 3171.8046875 3127.55859375 3158.0143229166665 18
190 0.1 3118.79296875 0.0 3171.8046875 3118.79296875 3156.4113898026317 19
200 0.1 3112.765625 0.0 3171.8046875 3112.765625 3154.53046875 20
210 0.1 3105.328125 0.0 3171.8046875 3105.328125 3152.5416666666665 21
220 0.1 3092.0859375 0.0 3171.8046875 3092.0859375 3150.395596590909 22
230 0.1 3080.2890625 0.0 3171.8046875 3080.2890625 3147.860394021739 23
240 0.1 3065.29296875 0.0 3171.8046875 3065.29296875 3145.044921875 24
250 0.1 3059.7421875 0.0 3171.8046875 3059.7421875 3141.85484375 25
260 0.1 3055.9921875 0.0 3171.8046875 3055.9921875 3138.6966646634614 26
270 0.1 3051.421875 0.0 3171.8046875 3051.421875 3135.6335358796296 27
280 0.1 3050.27734375 0.0 3171.8046875 3050.27734375 3132.6259765625 28
290 0.1 3049.515625 0.0 3171.8046875 3049.515625 3129.786368534483 29
300 0.1 3049.0078125 0.0 3171.8046875 3049.0078125 3127.1106770833335 30
310 0.1 3048.9296875 0.0 3171.8046875 3048.9296875 3124.5912298387098 31
320 0.1 3048.8203125 0.0 3171.8046875 3048.8203125 3122.226806640625 32
330 0.1 3048.9140625 0.0 3171.8046875 3048.8203125 3120.0023674242425 33
340 0.1 3049.18359375 0.0 3171.8046875 3048.8203125 3117.9115349264707 34
350 0.1 3050.14453125 0.0 3171.8046875 3048.8203125 3115.9478794642855 35
360 0.1 3059.375 0.0 3171.8046875 3048.8203125 3114.1200086805557 36
370 0.1 3060.8515625 0.0 3171.8046875 3048.8203125 3112.6404138513512 37
380 0.1 3061.234375 0.0 3171.8046875 3048.8203125 3111.2775493421054 38
390 0.1 3061.67578125 0.0 3171.8046875 3048.8203125 3109.994391025641 39
400 0.1 3061.87109375 0.0 3171.8046875 3048.8203125 3108.78642578125 40
410 0.1 3062.1796875 0.0 3171.8046875 3048.8203125 3107.642149390244 41
420 0.1 3062.40234375 0.0 3171.8046875 3048.8203125 3106.5597098214284 42
430 0.1 3062.89453125 0.0 3171.8046875 3048.8203125 3105.5327943313955 43
440 0.1 3063.2109375 0.0 3171.8046875 3048.8203125 3104.5637428977275 44
450 0.1 3073.24609375 0.0 3171.8046875 3048.8203125 3103.6447916666666 45
460 0.1 3074.16796875 0.0 3171.8046875 3048.8203125 3102.9839504076085 46
470 0.1 3074.4296875 0.0 3171.8046875 3048.8203125 3102.370844414894 47
480 0.1 3074.6796875 0.0 3171.8046875 3048.8203125 3101.7887369791665 48
490 0.1 3074.6953125 0.0 3171.8046875 3048.8203125 3101.2354910714284 49
