0 0.1 0.01171875 0 0.01171875 0.01171875 0 0
10 0.1 0.0 0.0 0.01171875 0.0 0.01171875 1
20 0.1 0.0 0.0 0.01171875 0.0 0.005859375 2
30 0.1 0.0 0.0 0.01171875 0.0 0.00390625 3
40 0.1 0.078125 0.0 0.078125 0.0 0.0029296875 4
50 0.1 0.0703125 0.0 0.078125 0.0 0.01796875 5
60 0.1 0.05859375 0.0 0.078125 0.0 0.026692708333333332 6
70 0.1 0.05078125 0.0 0.078125 0.0 0.03125 7
80 0.1 0.0390625 0.0 0.078125 0.0 0.03369140625 8
90 0.1 0.0390625 0.0 0.078125 0.0 0.03428819444444445 9
100 0.1 0.109375 0.0 0.109375 0.0 0.034765625 10
110 0.1 0.08984375 0.0 0.109375 0.0 0.041548295454545456 11
120 0.1 0.078125 0.0 0.109375 0.0 0.045572916666666664 12
130 0.1 0.0703125 0.0 0.109375 0.0 0.04807692307692308 13
140 0.1 0.05859375 0.0 0.109375 0.0 0.04966517857142857 14
150 0.1 0.05078125 0.0 0.109375 0.0 0.05026041666666667 15
160 0.1 0.0390625 0.0 0.109375 0.0 0.05029296875 16
170 0.1 0.03125 0.0 0.109375 0.0 0.04963235294117647 17
180 0.1 0.03125 0.0 0.109375 0.0 0.04861111111111111 18
190 0.1 0.01953125 0.0 0.109375 0.0 0.047697368421052634 19
200 0.1 0.1015625 0.0 0.109375 0.0 0.0462890625 20
210 0.1 0.08984375 0.0 0.109375 0.0 0.04892113095238095 21
220 0.1 0.1484375 0.0 0.1484375 0.0 0.05078125 22
230 0.1 0.12109375 0.0 0.1484375 0.0 0.05502717391304348 23
240 0.1 0.1796875 0.0 0.1796875 0.0 0.057779947916666664 24
250 0.1 0.16015625 0.0 0.1796875 0.0 0.06265625 25
260 0.1 0.2109375 0.0 0.2109375 0.0 0.06640625 26
270 0.1 0.171875 0.0 0.2109375 0.0 0.07175925925925926 27
280 0.1 0.1484375 0.0 0.2109375 0.0 0.07533482142857142 28
290 0.1 0.12109375 0.0 0.2109375 0.0 0.07785560344827586 29
300 0.1 0.109375 0.0 0.2109375 0.0 0.079296875 30
310 0.1 0.08984375 0.0 0.2109375 0.0 0.08026713709677419 31
320 0.1 0.078125 0.0 0.2109375 0.0 0.08056640625 32
330 0.1 0.05859375 0.0 0.2109375 0.0 0.08049242424242424 33
340 0.1 0.05078125 0.0 0.2109375 0.0 0.0798483455882353 34
350 0.1 0.05078125 0.0 0.2109375 0.0 0.07901785714285714 35
360 0.1 0.0390625 0.0 0.2109375 0.0 0.07823350694444445 36
370 0.1 0.03125 0.0 0.2109375 0.0 0.07717483108108109 37
380 0.1 0.03125 0.0 0.2109375 0.0 0.07596628289473684 38
390 0.1 0.01953125 0.0 0.2109375 0.0 0.07481971153846154 39
400 0.1 0.01953125 0.0 0.2109375 0.0 0.0734375 40
410 0.1 0.08984375 0.0 0.2109375 0.0 0.07212271341463415 41
420 0.1 0.078125 0.0 0.2109375 0.0 0.07254464285714286 42
430 0.1 0.05859375 0.0 0.2109375 0.0 0.07267441860465117 43
440 0.1 0.05078125 0.0 0.2109375 0.0 0.07235440340909091 44
450 0.1 0.05078125 0.0 0.2109375 0.0 0.071875 45
460 0.1 0.12109375 0.0 0.2109375 0.0 0.0714164402173913 46
470 0.1 0.1015625 0.0 0.2109375 0.0 0.07247340425531915 47
480 0.1 0.078125 0.0 0.2109375 0.0 0.07307942708333333 48
490 0.1 0.0703125 0.0 0.2109375 0.0 0.07318239795918367 49
