0 1.65546875 1.65546875
10 13.08828125 14.74375
20 24.446875 39.190625
30 33.365625 72.55625
40 107.1671875 179.7234375
50 96.08984375 275.81328125
60 96.60078125 372.4140625
70 114.96796875 487.38203125
80 165.90546875 653.2875
90 191.3453125 844.6328125
100 202.571875 1047.2046875
110 215.1015625 1262.30625
120 232.11484375 1494.42109375
130 213.734375 1708.15546875
140 280.740625 1988.89609375
150 410.9171875 2399.81328125
160 568.70625 2968.51953125
170 581.86953125 3550.3890625
180 852.98828125 4403.37734375
190 983.0671875 5386.44453125
200 863.20625 6249.65078125
210 912.45703125 7162.1078125
220 993.63359375 8155.74140625
230 939.4203125 9095.16171875
240 993.7078125 10088.86953125
250 1007.0375 11095.90703125
260 1083.23359375 12179.140625
270 1166.1734375 13345.3140625
280 1349.32109375 14694.63515625
290 1284.65625 15979.29140625
300 1447.928125 17427.21953125
310 1325.70859375 18752.928125
320 860.80546875 19613.73359375
330 1091.48203125 20705.215625
340 706.796875 21412.0125
350 679.19609375 22091.20859375
360 847.34375 22938.55234375
370 701.48984375 23640.0421875
380 581.20078125 24221.24296875
390 512.5953125 24733.83828125
400 519.7203125 25253.55859375
410 561.64140625 25815.2
420 385.18515625 26200.38515625
430 58.99375 26259.37890625
440 47.31171875 26306.690625
450 75.7640625 26382.4546875
460 0 26382.4546875
470 1.953125 26384.4078125
480 0 26384.4078125
490 0 26384.4078125
494 18.13359375 26402.54140625
