20 0.1 9.451904296875 0 9.451904296875 9.451904296875 0 0
30 0.2 8.0830078125 0.1240234375 9.451904296875 7.958984375 9.451904296875 1
40 0.3 17.9462890625 6.3035632442445415 23.491943359375 7.958984375 8.539306640625 3
50 0.1 9.2958984375 0.0 23.491943359375 7.958984375 13.2427978515625 6
60 0.6 21.987386067708332 8.863676131207304 37.3251953125 7.958984375 12.678955078125 7
70 0.8 44.500030517578125 21.997361749524174 81.2890625 7.958984375 16.97515399639423 13
80 0.7 83.67857142857143 77.09706171740812 263.280029296875 7.958984375 27.460821242559526 21
90 0.8 144.46762084960938 201.59224700019809 570.865966796875 7.720947265625 41.5152587890625 28
100 0.4 96.46905517578125 51.98273057270855 570.865966796875 7.720947265625 64.39356146918402 36
110 0.5 25.854296875 14.4413942207697 570.865966796875 7.720947265625 67.60111083984376 40
120 0.6 272.5880533854167 312.3684561232034 827.998046875 7.720947265625 62.96257595486111 45
130 1 1583.2452880859375 878.5386700002349 2757.85107421875 7.720947265625 87.62439682904412 51
140 2.4 1634.5006917317708 1098.2434010311622 3050.9189453125 0.6669921875 332.8081494941086 61
150 1.8 1194.457492404514 1197.8777742337759 3050.9189453125 0.6669921875 700.3448673023897 85
160 2 1336.7546752929688 982.8809591055568 3050.9189453125 0.6669921875 786.6946464464503 103
170 4.3 645.668985056323 923.0387256677654 3050.9189453125 0.6669921875 876.1353015434452 123
180 4.6 351.50221849524456 696.4408273079026 3050.9189453125 0.6669921875 816.4361954654556 166
190 6 532.818888346354 805.2440269075997 3050.9189453125 0.656005859375 715.5542948021078 212
200 4.6 433.3623842985734 651.0079417533634 3050.9189453125 0.650146484375 675.2450139662799 272
210 5.8 333.87104744746756 589.3772452076366 3050.9189453125 0.614013671875 640.2557027564859 318
220 5.7 611.2731590940241 757.671797009458 3050.9189453125 0.614013671875 592.9942399694565 376
230 5.2 495.98543137770434 738.7499570695398 3050.9189453125 0.614013671875 595.4004718172633 433
240 6 519.7196736653646 717.7509793081648 3050.9189453125 0.614013671875 584.7415396464239 485
250 5.7 403.9326600191886 711.6064883664061 3050.9189453125 0.614013671875 577.5831690797019 545
260 5.9 535.6266220868641 715.7252381014539 3050.9189453125 0.614013671875 561.1411773580253 602
270 6.6 524.1073515920929 711.3271525761938 3050.9189453125 0.614013671875 558.8637813504633 661
280 5.3 505.15377174233475 719.1674595956057 3050.9189453125 0.614013671875 555.7084521014228 727
290 4.8 477.503168741862 695.5811393924091 3050.9189453125 0.614013671875 552.2733263847156 780
300 5.5 373.6952325994318 622.1813425185373 3050.9189453125 0.614013671875 547.9388244923762 828
310 5.4 622.3871708622687 666.3387230039915 3050.9189453125 0.614013671875 537.0855996292822 883
320 3.7 608.8563529349663 631.236382875144 3050.9189453125 0.614013671875 542.0015919948972 937
330 2.4 562.1081848144531 658.2760890999817 3050.9189453125 0.614013671875 544.5412492380005 974
340 1.1 843.9384321732955 763.7571425817729 3050.9189453125 0.614013671875 544.9637005945485 998
350 2.5 622.8864062500002 833.426735213211 3050.9189453125 0.614013671875 548.2230881538807 1009
360 3.5 740.3217424665179 860.9283187388605 3050.9189453125 0.614013671875 550.0282941039803 1034
370 3.5 901.0242466517857 792.0708387971523 3050.9189453125 0.614013671875 556.2586689334366 1069
380 2.7 874.7857711226852 637.2969443828551 3050.9189453125 0.614013671875 567.1887370676234 1104
390 1.2 935.6983235677084 530.1850343597213 3050.9189453125 0.614013671875 574.5319023368424 1131
400 0.7 758.9544154575893 122.75359031678829 3050.9189453125 0.614013671875 578.3236757880852 1143
410 0.4 544.7120361328125 149.166340587674 3050.9189453125 0.614013671875 579.4231672469431 1150
420 0.3 242.976318359375 171.31065055851366 3050.9189453125 0.614013671875 579.3028513678646 1154
430 0.1 9.353759765625 0.0 3050.9189453125 0.614013671875 578.4307860273067 1157
440 0.1 17.931884765625 0.0 3050.9189453125 0.614013671875 577.9393550892569 1158
450 0 0 0 3050.9189453125 0.614013671875 577.456173492774 1159
460 0 0 0 3050.9189453125 0.614013671875 577.456173492774 1159
470 0 0 0 3050.9189453125 0.614013671875 577.456173492774 1159
480 0 0 0 3050.9189453125 0.614013671875 577.456173492774 1159
490 0 0 0 3050.9189453125 0.614013671875 577.456173492774 1159
494 0 0 0 3050.9189453125 0.614013671875 577.456173492774 1159
