10 0.2 7.0650634765625 0.0340576171875 7.09912109375 7.031005859375 0 0
20 0.4 6.79254150390625 0.5965840408158969 7.802001953125 6.248046875 7.0650634765625 2
30 0.2 9.7955322265625 2.3924560546875 12.18798828125 6.248046875 6.883382161458333 6
40 0.8 14.04412841796875 8.658950683682052 30.578857421875 6.06201171875 7.611419677734375 8
50 0.7 18.051409040178573 17.089220444557036 51.34423828125 6.06201171875 10.827774047851563 16
60 0.3 12.848958333333334 8.628876594280282 51.34423828125 6.06201171875 13.026271654211957 23
70 0.5 47.759765625 36.88906656937643 116.39892578125 6.06201171875 13.005812424879808 26
80 1.4 94.19918387276786 82.72559809306827 266.876953125 6.06201171875 18.61128874747984 31
90 0.6 59.714884440104164 71.9261227730386 266.876953125 5.76416015625 42.127522786458336 45
100 1.1 28.686146129261363 27.777912874580732 266.876953125 5.76416015625 44.19662415747549 51
110 2.3 50.31726604959239 71.59665102258049 272.875 5.34814453125 41.444765152469756 62
120 1.5 349.1870930989583 216.43090507159545 781.02197265625 5.34814453125 43.845559512867645 85
130 1.5 1515.0394205729167 940.9629631671365 2794.943115234375 4.428955078125 89.64678955078125 100
140 2 2211.9889526367183 799.3617295526633 3030.883056640625 4.428955078125 275.5675675101902 115
150 1.8 1673.5440809461807 1053.7752473857681 3030.883056640625 0.705078125 562.4448097511574 135
160 4.7 879.9460345329122 1072.4575256730177 3030.883056640625 0.666015625 693.1623710682189 153
170 7.1 824.7089534275968 996.4969048248726 3030.883056640625 0.662109375 737.0565319824219 200
180 8.1 567.1005678530092 840.876929097936 3030.883056640625 0.658935546875 760.0208195197187 271
190 10.5 588.4727167038689 803.1060049285334 3030.883056640625 0.65283203125 715.6272388805043 352
200 10.7 502.0096697941005 735.3655788220726 3030.883056640625 0.65283203125 686.4123049011898 457
210 9.2 670.078350564708 909.2285165690075 5741.781982421875 0.60498046875 651.4281170351286 564
220 7.5 443.82876953125 717.5298398161025 5741.781982421875 0.60498046875 654.0436985667159 656
230 7.8 361.00741811899036 676.0750421351011 5741.781982421875 0.60498046875 632.4758193907105 731
240 9.5 572.8043611225328 731.0015533062883 5741.781982421875 0.60498046875 606.3021045585792 809
250 8.4 297.5063098725818 602.2517169835979 5741.781982421875 0.60498046875 602.7818770957205 904
260 9.8 522.8937290736607 2035.7532738402876 19587.367919921875 0.60498046875 576.827274214401 988
270 10 562.2246899414066 858.3478802240446 19587.367919921875 0.60498046875 571.9603428849418 1086
280 9.2 494.1042825450068 669.5433366189026 19587.367919921875 0.60498046875 571.1394615237668 1186
290 7.4 527.6457717483108 712.840412451519 19587.367919921875 0.60498046875 565.5938930839814 1278
300 8.7 502.07770406788785 1164.1381103562062 19587.367919921875 0.60498046875 563.5168509398692 1352
310 7.7 638.453952541599 625.8804947288569 19587.367919921875 0.60498046875 559.8023229496938 1439
320 4.8 492.26413981119794 613.1405680702891 19587.367919921875 0.60498046875 563.797161655879 1516
330 2.3 595.1643278702446 679.5519190876571 19587.367919921875 0.60498046875 561.6017747961956 1564
340 2.8 606.6408778599331 752.9313444198958 19587.367919921875 0.60498046875 562.088188608863 1587
350 4.7 592.70932201629 785.5015691097786 19587.367919921875 0.60498046875 562.8606191345782 1615
360 5.9 564.9697348384534 814.2795352025995 19587.367919921875 0.60498046875 563.7047160271417 1662
370 6.2 757.6121235509073 761.4548057568222 19587.367919921875 0.60498046875 563.7480839003941 1721
380 3.2 1066.3311309814453 580.1829769245716 19587.367919921875 0.60498046875 570.4892899903167 1783
390 1.8 1050.9851481119792 380.82006093195355 19587.367919921875 0.60498046875 579.2314050931907 1815
400 0.4 854.2376098632813 64.93049058344673 19587.367919921875 0.60498046875 583.8640114076142 1833
410 0.2 556.3505859375 44.4365234375 19587.367919921875 0.60498046875 584.4527399834566 1837
420 0 0 0 19587.367919921875 0.60498046875 584.4221775538253 1839
430 0 0 0 19587.367919921875 0.60498046875 584.4221775538253 1839
440 0 0 0 19587.367919921875 0.60498046875 584.4221775538253 1839
450 0 0 0 19587.367919921875 0.60498046875 584.4221775538253 1839
460 0 0 0 19587.367919921875 0.60498046875 584.4221775538253 1839
470 0 0 0 19587.367919921875 0.60498046875 584.4221775538253 1839
480 0 0 0 19587.367919921875 0.60498046875 584.4221775538253 1839
490 0 0 0 19587.367919921875 0.60498046875 584.4221775538253 1839
494 0 0 0 19587.367919921875 0.60498046875 584.4221775538253 1839
