40 0.3 24.023356119791668 9.097409560351041 34.211181640625 12.125 0 0
50 0.2 21.35400390625 9.573974609375 34.211181640625 11.780029296875 24.023356119791668 3
60 0.2 11.9140625 0.47900390625 34.211181640625 11.43505859375 22.955615234375 5
70 0.2 130.5159912109375 98.5059814453125 229.02197265625 11.43505859375 19.800885881696427 7
80 0.3 115.68497721354167 43.251361932669184 229.02197265625 11.43505859375 44.40424262152778 9
90 0.5 35.335986328125 12.766698930220675 229.02197265625 11.43505859375 62.22442626953125 12
100 0.3 76.25838216145833 45.39938298029363 229.02197265625 11.43505859375 54.316061580882355 17
110 0.5 80.16240234375 54.36482954307812 229.02197265625 11.43505859375 57.60740966796875 20
120 0.3 487.4117024739583 248.9119527881744 789.614990234375 11.43505859375 62.118408203125 25
130 0.6 2113.5828857421875 685.251920990319 2780.878173828125 11.43505859375 107.685546875 28
140 0.9 2378.2637803819443 856.2282189119909 2954.775146484375 0.974853515625 461.66743020450366 34
150 1.2 1367.3926391601563 1176.31618526331 2954.775146484375 0.9619140625 862.8155034974563 43
160 0.9 662.8868815104166 935.1743152219286 2954.775146484375 0.9619140625 972.9050603693182 55
170 0.5 1028.451953125 843.3604868877535 2954.775146484375 0.9619140625 929.3087539672852 64
180 1.8 796.3898383246528 884.1425443218465 2954.775146484375 0.947998046875 936.4930437613225 69
190 2.9 354.5415459994612 669.960745616949 2954.775146484375 0.888916015625 907.506173670977 87
200 3.3 497.0509144176136 709.0594479749583 2954.775146484375 0.888916015625 769.265016753098 116
210 3.3 432.8103841145833 660.5626353001257 2954.775146484375 0.882080078125 708.9759873767828 149
220 4.1 316.7471953601372 612.058969411563 2954.775146484375 0.7958984375 658.9020043677027 182
230 4.3 481.4651957667151 775.1834463455544 2954.775146484375 0.7958984375 595.9946179582399 223
240 4.3 332.5491120094477 603.1305263631182 2954.775146484375 0.7958984375 577.4804632430686 266
250 2.8 710.0360281808036 761.2147384865431 2954.775146484375 0.7958984375 543.3961651749595 309
260 3.1 937.9304592993952 3446.164926553795 19504.30419921875 0.7958984375 557.2416137333086 337
270 3.2 1318.0238952636719 3360.806863283969 19504.30419921875 0.7958984375 589.3105110500169 368
280 3.7 1199.6968697212837 3070.6192023618532 19504.30419921875 0.7958984375 647.6075817871093 400
290 3.4 346.50817871093756 609.8778226087957 19504.30419921875 0.7958984375 694.3519837403461 437
300 4.5 7862.99685872396 20430.135782664835 66527.42993164063 0.7958984375 669.2422398528729 471
310 3.1 2367.6253228956652 11113.609314963503 66527.42993164063 0.7958984375 1296.604561266049 516
320 3.4 2639.874418370864 10814.904815362703 66527.42993164063 0.7958984375 1357.3022643931388 547
330 3.4 4260.040771484375 21425.1070837316 127289.11303710938 0.7958984375 1432.3581219408886 581
340 1.2 11420.287150065104 34939.694695465805 127289.11303710938 0.7958984375 1588.6852928099593 615
350 1.8 1039.7025689019097 937.5639840160773 127289.11303710938 0.7958984375 1776.8499216569478 627
360 2.7 558.6288248697917 791.0196692064228 127289.11303710938 0.7958984375 1756.2783676265747 645
370 2.1 1018.0860188802084 737.9269237135196 127289.11303710938 0.7958984375 1708.1585199265253 672
380 1.5 804.5609700520833 667.5054102997374 127289.11303710938 0.7958984375 1687.247232016031 693
390 2.1 1052.848597935268 440.2120079688406 127289.11303710938 0.7958984375 1668.5462518896761 708
400 1.3 754.1502591646635 108.06789088841657 127289.11303710938 0.7958984375 1650.8101054794668 729
410 1.4 495.62662179129467 137.8212320350605 127289.11303710938 0.7958984375 1635.1004316221993 742
420 1 92.0687744140625 131.31589136206486 127289.11303710938 0.7958984375 1613.999064773479 756
430 0.1 5.702880859375 0.0 127289.11303710938 0.7958984375 1594.130523123878 766
440 0.2 5.658935546875 0.337890625 127289.11303710938 0.7958984375 1592.0595613999349 767
450 0.4 5.43096923828125 0.3530833251380439 127289.11303710938 0.7958984375 1587.9336820088995 769
460 0 0 0 127289.11303710938 0.7958984375 1579.7447934563995 773
470 0 0 0 127289.11303710938 0.7958984375 1579.7447934563995 773
480 0 0 0 127289.11303710938 0.7958984375 1579.7447934563995 773
490 0 0 0 127289.11303710938 0.7958984375 1579.7447934563995 773
494 0.1 21.7548828125 0.0 127289.11303710938 0.7958984375 1579.7447934563995 773
