20 0.1 13.447998046875 0 13.447998046875 13.447998046875 0 0
30 0.3 21.084716796875 16.271719000771682 44.0859375 8.983154296875 13.447998046875 1
40 0.3 9.285319010416666 0.37540077057270843 44.0859375 8.904052734375 19.175537109375 4
50 0.2 16.6915283203125 7.3233642578125 44.0859375 8.904052734375 14.936872209821429 7
60 0.2 41.8829345703125 33.1719970703125 75.054931640625 8.7109375 15.326795789930555 9
70 0.3 21.593098958333332 16.91144278043614 75.054931640625 8.7109375 20.15518465909091 11
80 0.7 63.86317661830357 27.217309434667445 120.81201171875 8.7109375 20.463309151785715 14
90 0.3 154.60799153645834 143.66903035967053 357.662841796875 8.7109375 34.929931640625 21
100 0.5 75.213623046875 48.414148561512896 357.662841796875 8.7109375 49.889689127604164 24
110 0.4 43.59100341796875 35.13742192138876 357.662841796875 8.398193359375 54.25588463092672 29
120 1.1 488.153564453125 244.49658788993986 768.072021484375 8.398193359375 52.96317175662879 33
130 0.6 1663.2003580729167 714.8631565923773 2644.305908203125 8.398193359375 161.76076993075284 44
140 1.6 2116.1041107177743 840.4771042468823 2800.632080078125 5.239990234375 341.9335205078125 50
150 1.5 1049.6848307291666 1136.4664034043305 2800.632080078125 0.699951171875 772.0354817708336 66
160 1.2 866.9719645182291 1030.018630451727 2800.632080078125 0.699951171875 823.4520278742285 81
170 2.5 682.233896484375 916.8232010930457 2800.632080078125 0.634033203125 829.0675035702286 93
180 3 498.7136149088543 819.1317809461981 2800.632080078125 0.634033203125 797.9586885096664 118
190 4.4 518.5510808771306 744.9515613228618 2800.632080078125 0.634033203125 737.3009033203126 148
200 5.2 515.486558180589 707.1695135580998 2800.632080078125 0.634033203125 687.1707356770834 192
210 4.5 429.9228407118056 626.5617811060306 2800.632080078125 0.634033203125 650.5823044073386 244
220 2.8 698.1010393415178 1411.7783017071579 7083.212158203125 0.634033203125 616.2235643855428 289
230 3.5 332.929345703125 599.9035746758256 7083.212158203125 0.634033203125 623.4556441923797 317
240 3 526.699658203125 742.4737825354281 7083.212158203125 0.634033203125 594.5680861039596 352
250 3.8 503.68183979235187 698.395167299922 7083.212158203125 0.634033203125 589.2381048552029 382
260 3.6 642.4711642795139 1042.4784190928103 7083.212158203125 0.634033203125 581.4972999209449 420
270 4.1 561.5849073456554 693.9503691356715 7083.212158203125 0.634033203125 586.3110260545162 456
280 3.4 611.9028033088235 674.9017465970805 7083.212158203125 0.619873046875 584.2712456378898 497
290 4.1 445.2835127667683 735.5295687737251 7083.212158203125 0.619873046875 586.0404979181379 531
300 2.3 464.6734566066576 620.6620557073749 7083.212158203125 0.619873046875 575.9512734579873 572
310 2.5 768.0047265625 671.5721079998284 7083.212158203125 0.619873046875 571.6497780166754 595
320 2.3 626.940525220788 721.4361438756894 7083.212158203125 0.619873046875 579.567316264491 620
330 1.4 442.64242117745533 592.0822545869397 7083.212158203125 0.619873046875 581.2618478445762 643
340 1 1013.6703369140625 664.2223781218746 7083.212158203125 0.619873046875 578.3080092245767 657
350 2.4 767.1293029785156 832.055653068166 7083.212158203125 0.619873046875 584.8351805542542 667
360 3.5 616.0050641741071 758.2506688312546 7083.212158203125 0.619873046875 591.1666696109579 691
370 1.9 944.6218647203947 807.4545780966106 7083.212158203125 0.619873046875 592.3641128750216 726
380 1.4 986.5294189453125 646.1786076980179 7083.212158203125 0.619873046875 601.3478676200715 745
390 0.8 1090.85888671875 440.10318257539154 7083.212158203125 0.619873046875 608.4526656682314 759
400 0.6 802.4416910807291 216.3738204811889 7083.212158203125 0.619873046875 613.4842820546775 767
410 0 0 0 7083.212158203125 0.619873046875 614.9509631079197 773
420 0.1 29.093017578125 0.0 7083.212158203125 0.619873046875 614.9509631079197 773
430 0 0 0 7083.212158203125 0.619873046875 614.1940406976745 774
440 0 0 0 7083.212158203125 0.619873046875 614.1940406976745 774
450 0 0 0 7083.212158203125 0.619873046875 614.1940406976745 774
460 0 0 0 7083.212158203125 0.619873046875 614.1940406976745 774
470 0 0 0 7083.212158203125 0.619873046875 614.1940406976745 774
480 0 0 0 7083.212158203125 0.619873046875 614.1940406976745 774
490 0 0 0 7083.212158203125 0.619873046875 614.1940406976745 774
494 0 0 0 7083.212158203125 0.619873046875 614.1940406976745 774
