0 1.1 11
10 4.4 55
20 7.1 126
30 6.1 187
40 10.6 293
50 14.3 436
60 9.8 534
70 17 704
80 20.8 912
90 27 1182
100 32.8 1510
110 35.8 1868
120 46.3 2331
130 60 2931
140 67.8 3609
150 80 4409
160 80.9 5218
170 65.2 5870
180 73.3 6603
190 76.5 7368
200 67.9 8047
210 59.1 8638
220 50.2 9140
230 55.3 9693
240 64.9 10342
250 67.9 11021
260 58.5 11606
270 38.7 11993
280 10.5 12098
290 3.6 12134
300 1.3 12147
310 2 12167
320 0 12167
330 1.8 12185
340 0 12185
350 0 12185
360 0 12185
370 0 12185
380 0 12185
383 0 12185
