0 0.1 7.431808455526275 0 7.431808455526275 7.431808455526275 0 0
10 0.1 2.1632251720747298 0.0 7.431808455526275 2.1632251720747298 7.431808455526275 1
20 0.1 1.5763546798029555 0.0 7.431808455526275 1.5763546798029555 4.797516813800502 2
30 0.1 1.7733990147783252 0.0 7.431808455526275 1.5763546798029555 3.7237961024679866 3
40 0.1 1.9723865877712032 0.0 7.431808455526275 1.5763546798029555 3.2361968305455715 4
50 0.1 2.270483711747285 0.0 7.431808455526275 1.5763546798029555 2.983434781990698 5
60 0.1 2.4606299212598426 0.0 7.431808455526275 1.5763546798029555 2.864609603616796 6
70 0.1 1.9723865877712032 0.0 7.431808455526275 1.5763546798029555 2.806898220422945 7
80 0.1 3.057199211045365 0.0 7.431808455526275 1.5763546798029555 2.7025842663414776 8
90 0.1 3.3398821218074657 0.0 7.431808455526275 1.5763546798029555 2.741985926864132 9
100 0.1 4.398826979472141 0.0 7.431808455526275 1.5763546798029555 2.8017755463584653 10
110 0.1 3.751233958538993 0.0 7.431808455526275 1.5763546798029555 2.9469620402778904 11
120 0.1 5.180840664711632 0.0 7.431808455526275 1.5763546798029555 3.013984700132982 12
130 0.1 6.18860510805501 0.0 7.431808455526275 1.5763546798029555 3.180665928177494 13
140 0.1 7.586206896551724 0.0 7.586206896551724 1.5763546798029555 3.3955187267401734 14
150 0.1 8.062930186823992 0.0 8.062930186823992 1.5763546798029555 3.6748979380609432 15
160 0.1 10.049261083743842 0.0 10.049261083743842 1.5763546798029555 3.9491499536086336 16
170 0.1 10.675808031341822 0.0 10.675808031341822 1.5763546798029555 4.307980020087175 17
180 0.1 12.5 0.0 12.5 1.5763546798029555 4.661748242934655 18
190 0.1 18.09432146294514 0.0 18.09432146294514 1.5763546798029555 5.074287809095989 19
200 0.1 23.21083172147002 0.0 23.21083172147002 1.5763546798029555 5.7252894917884465 20
210 0.1 27.22063037249284 0.0 27.22063037249284 1.5763546798029555 6.557934359868521 21
220 0.1 20.266412940057087 0.0 27.22063037249284 1.5763546798029555 7.497147814987809 22
230 0.1 19.500480307396735 0.0 27.22063037249284 1.5763546798029555 8.052333255208211 23
240 0.1 15.79961464354528 0.0 27.22063037249284 1.5763546798029555 8.529339382382732 24
250 0.1 11.793372319688109 0.0 27.22063037249284 1.5763546798029555 8.820150392829234 25
260 0.1 10.829268292682928 0.0 27.22063037249284 1.5763546798029555 8.934505082323806 26
270 0.1 8.070866141732283 0.0 27.22063037249284 1.5763546798029555 9.004681497522293 27
280 0.1 4.509803921568627 0.0 27.22063037249284 1.5763546798029555 8.97133094910122 28
290 0.1 2.272727272727273 0.0 27.22063037249284 1.5763546798029555 8.81748518953113 29
300 0.1 1.2833168805528135 0.0 27.22063037249284 1.2833168805528135 8.599326592304333 30
310 0.1 1.5732546705998034 0.0 27.22063037249284 1.2833168805528135 8.363326279022028 31
320 0.1 1.3793103448275863 0.0 27.22063037249284 1.2833168805528135 8.151136541258833 32
330 0.1 1.282051282051282 0.0 27.22063037249284 1.282051282051282 7.945929686821521 33
340 0.1 1.3779527559055118 0.0 27.22063037249284 1.282051282051282 7.749933263151808 34
350 0.1 1.085883514313919 0.0 27.22063037249284 1.085883514313919 7.567876677230486 35
360 0.1 1.0848126232741617 0.0 27.22063037249284 1.0848126232741617 7.387821311593915 36
370 0.1 1.0826771653543308 0.0 27.22063037249284 1.0826771653543308 7.217469725423111 37
380 0.1 1.27826941986234 0.0 27.22063037249284 1.0826771653543308 7.056027815947616 38
