0 0.1 0.0 0 0.0 0.0 0 0
10 0.1 0.0 0.0 0.0 0.0 0.0 1
20 0.1 0.0 0.0 0.0 0.0 0.0 2
30 0.1 0.0 0.0 0.0 0.0 0.0 3
40 0.1 0.0 0.0 0.0 0.0 0.0 4
50 0.1 0.0 0.0 0.0 0.0 0.0 5
60 0.1 0.0 0.0 0.0 0.0 0.0 6
70 0.1 0.0 0.0 0.0 0.0 0.0 7
80 0.1 0.0 0.0 0.0 0.0 0.0 8
90 0.1 0.0 0.0 0.0 0.0 0.0 9
100 0.1 0.078125 0.0 0.078125 0.0 0.0 10
110 0.1 0.0703125 0.0 0.078125 0.0 0.007102272727272727 11
120 0.1 0.140625 0.0 0.140625 0.0 0.012369791666666666 12
130 0.1 0.19921875 0.0 0.19921875 0.0 0.022235576923076924 13
140 0.1 0.171875 0.0 0.19921875 0.0 0.034877232142857144 14
150 0.1 0.2109375 0.0 0.2109375 0.0 0.04401041666666667 15
160 0.1 0.1796875 0.0 0.2109375 0.0 0.054443359375 16
170 0.1 0.1484375 0.0 0.2109375 0.0 0.061810661764705885 17
180 0.1 0.12890625 0.0 0.2109375 0.0 0.0666232638888889 18
190 0.1 0.1796875 0.0 0.2109375 0.0 0.06990131578947369 19
200 0.1 0.1484375 0.0 0.2109375 0.0 0.075390625 20
210 0.1 0.19921875 0.0 0.2109375 0.0 0.07886904761904762 21
220 0.1 0.171875 0.0 0.2109375 0.0 0.08433948863636363 22
230 0.1 0.23046875 0.0 0.23046875 0.0 0.08814538043478261 23
240 0.1 0.19140625 0.0 0.23046875 0.0 0.09407552083333333 24
250 0.1 0.16015625 0.0 0.23046875 0.0 0.09796875 25
260 0.1 0.140625 0.0 0.23046875 0.0 0.10036057692307693 26
270 0.1 0.26953125 0.0 0.26953125 0.0 0.10185185185185185 27
280 0.1 0.23046875 0.0 0.26953125 0.0 0.10784040178571429 28
290 0.1 0.19140625 0.0 0.26953125 0.0 0.11206896551724138 29
300 0.1 0.16015625 0.0 0.26953125 0.0 0.11471354166666667 30
310 0.1 0.140625 0.0 0.26953125 0.0 0.11617943548387097 31
320 0.1 0.12109375 0.0 0.26953125 0.0 0.116943359375 32
330 0.1 0.1015625 0.0 0.26953125 0.0 0.11706912878787878 33
340 0.1 0.078125 0.0 0.26953125 0.0 0.11661305147058823 34
350 0.1 0.0703125 0.0 0.26953125 0.0 0.11551339285714286 35
360 0.1 0.05859375 0.0 0.26953125 0.0 0.1142578125 36
370 0.1 0.05078125 0.0 0.26953125 0.0 0.11275337837837837 37
380 0.1 0.0390625 0.0 0.26953125 0.0 0.11112253289473684 38
