20 0.2 16997.953125 2170.2099609375 19168.1630859375 14827.7431640625 0 0
30 0.1 33535.553955078125 0.0 33535.553955078125 14827.7431640625 16997.953125 2
40 0.5 33474.06293945313 11590.658975503653 46441.83203125 12180.6279296875 22510.486735026043 3
50 0.9 37964.494791666664 9658.006419939855 54177.375 12180.6279296875 29362.72186279297 8
60 0.6 39814.864583333336 11674.017216483944 54533.169921875 12180.6279296875 33916.60164866728 17
70 0.9 37782.705078125 12909.675230110737 57651.072021484375 12180.6279296875 35455.278935971466 23
80 0.8 40713.99719238281 13160.903523237292 61558.617919921875 12180.6279296875 36109.86753845215 32
90 1.4 37243.921142578125 16390.214067466346 75735.34887695313 9585.68310546875 37030.69346923828 40
100 1.7 36996.14701573989 12934.518539631954 75735.34887695313 9585.68310546875 37085.974717881945 54
110 2.1 48700.922944568454 20157.427015624075 101542.63891601563 9585.68310546875 37064.46667652399 71
120 1.3 38500.36072716346 18111.831481371657 101542.63891601563 9585.68310546875 39720.61430292544 92
130 3.6 43397.00769721138 17929.530819528776 101542.63891601563 8496.03515625 39569.535288783474 105
140 3.1 39000.67133946574 15258.315111779357 101542.63891601563 8496.03515625 40546.762286679965 141
150 3.3 35875.20397579309 12199.222889584384 101542.63891601563 8496.03515625 40268.10636014717 172
160 2.6 46825.196185772234 14300.25030565385 101542.63891601563 8496.03515625 39560.956220226755 205
170 3 49107.86040852864 22948.32915026025 159115.86108398438 8496.03515625 40378.57630292884 231
180 5.2 51962.745680588945 13188.533306031299 159115.86108398438 8496.03515625 41381.942292078245 261
190 8.9 52211.477094671696 19322.378521625425 159115.86108398438 8496.03515625 43139.77544288513 313
200 12.9 49536.339838072316 16725.42507955288 159115.86108398438 8496.03515625 45148.187002609026 402
210 16.2 48222.33404314959 18696.994356274627 159115.86108398438 8496.03515625 46214.235431563386 531
220 15.4 47294.32067554028 15802.654097090212 159115.86108398438 8496.03515625 46683.66108102509 693
230 20.5 50297.28885527821 14850.858841537505 159115.86108398438 8496.03515625 46794.69009820967 847
240 20.5 52688.73850514481 13461.640942046773 159115.86108398438 8496.03515625 47477.23073052816 1052
250 22.5 59722.73947482639 13884.57633712046 159115.86108398438 8496.03515625 48327.15841055713 1257
260 20.3 68326.15022104948 15890.701032756886 175582.01000976563 8496.03515625 50057.25675027412 1482
270 13.3 77772.21435546875 13828.470480170536 175582.01000976563 8496.03515625 52258.197625388304 1685
280 4 84628.12566528322 9714.410853961173 175582.01000976563 8496.03515625 54124.73460289144 1818
290 1.8 94247.98148600261 11709.513990758984 175582.01000976563 8496.03515625 54781.427628992446 1858
300 1 100401.69765625 13358.839927822852 175582.01000976563 8496.03515625 55160.10458497655 1876
310 0.7 117644.67142159598 11240.991626679865 175582.01000976563 8496.03515625 55399.98577835552 1886
320 0.1 115428.9599609375 0.0 175582.01000976563 8496.03515625 55630.15630107221 1893
330 0.3 143665.50423177084 6914.791112629633 175582.01000976563 8496.03515625 55661.72905907636 1894
340 0.1 135062.57104492188 0.0 175582.01000976563 8496.03515625 55800.902135258795 1897
350 0.1 142644.576171875 0.0 175582.01000976563 8496.03515625 55842.662761660096 1898
360 0 0 0 175582.01000976563 8496.03515625 55888.372036757624 1899
370 0 0 0 175582.01000976563 8496.03515625 55888.372036757624 1899
380 0 0 0 175582.01000976563 8496.03515625 55888.372036757624 1899
383 0.1 194164.07397460938 0.0 194164.07397460938 8496.03515625 55888.372036757624 1899
