0 2.7578125 2.7578125
10 23.134375 25.8921875
20 61.475 87.3671875
30 37.946875 125.3140625
40 84.62421875 209.93828125
50 120.0015625 329.93984375
60 63.43515625 393.375
70 118.82421875 512.19921875
80 162.13046875 674.3296875
90 238.959375 913.2890625
100 263.33671875 1176.62578125
110 290.653125 1467.27890625
120 374.50703125 1841.7859375
130 446.01171875 2287.79765625
140 546.6234375 2834.42109375
150 592.64609375 3427.0671875
160 610.95 4038.0171875
170 696.1203125 4734.1375
180 1003.246875 5737.384375
190 1469 7206.384375
200 1882.20546875 9088.58984375
210 2021.0296875 11109.61953125
220 1844.96953125 12954.5890625
230 1767.1328125 14721.721875
240 1284.44609375 16006.16796875
250 1218.85234375 17225.0203125
260 1210.1421875 18435.1625
270 724.41953125 19159.58203125
280 164.84296875 19324.425
290 93.73359375 19418.15859375
300 36.22421875 19454.3828125
310 109.7859375 19564.16875
320 21.41015625 19585.57890625
330 64.73828125 19650.3171875
340 21.41015625 19671.72734375
350 21.41015625 19693.1375
360 0 19693.1375
370 0 19693.1375
380 0 19693.1375
383 21.36328125 19714.50078125
