20 0.3 70.02001953125 46.949972137619625 132.77685546875 19.863037109375 0 0
30 0.2 25.700927734375 3.156982421875 132.77685546875 19.863037109375 70.02001953125 3
40 0.3 23.978597005208332 11.806753833705843 132.77685546875 14.9140625 52.2923828125 5
50 0.5 110.903369140625 125.8196299954331 333.4921875 14.9140625 41.674713134765625 8
60 0.1 19.322998046875 0.0 333.4921875 14.9140625 68.30111929086539 13
70 0.4 23.7437744140625 7.928918465779594 333.4921875 14.9140625 64.80268205915179 14
80 0.1 43.986083984375 0.0 333.4921875 14.9140625 55.678480360243064 18
90 0.5 16.8400390625 1.4699300968002067 333.4921875 14.7568359375 55.06309107730263 19
100 0.5 34.46318359375 16.085023043755037 333.4921875 14.7568359375 47.099955240885414 24
110 0.4 19.53875732421875 3.0644531414112213 333.4921875 14.7568359375 44.92120150862069 29
120 0.9 125.47715928819444 174.9057727444358 602.77587890625 14.7568359375 41.84454160748106 33
130 1.2 145.07818603515628 121.93744624004573 602.77587890625 14.7568359375 59.765816824776785 42
140 2 128.18441162109374 107.64410476448573 602.77587890625 14.7568359375 78.72412109375 54
150 2.1 276.15073939732144 104.99470950875842 602.77587890625 14.7568359375 92.09176718222129 74
160 1.2 881.2785847981771 232.58953781296287 1105.18603515625 14.7568359375 132.77848735608552 95
170 2.6 1611.432373046875 1225.9815457045984 3583.632080078125 1.635986328125 216.72242351781543 107
180 4.8 1144.1751251220705 1255.0519042431588 3583.632080078125 1.52197265625 489.3724888392857 133
190 5.7 597.8203082168309 909.5210518004644 3583.632080078125 1.490966796875 663.0218067485325 181
200 6.3 484.81652638268855 815.5490110720167 3583.632080078125 1.490966796875 647.4063218060662 238
210 6.7 726.2865955865205 807.4897674396182 3583.632080078125 1.490966796875 613.3758995081499 301
220 8.5 799.5980066636031 764.5234412360755 3583.632080078125 1.490966796875 633.933009935462 368
230 5.7 915.0823310718201 629.8668317990054 3583.632080078125 1.490966796875 665.0180534716474 453
240 3.2 1112.6036987304688 334.1540244695907 3583.632080078125 1.490966796875 692.9664139093137 510
250 0.9 1046.8507758246528 268.94846818943364 3583.632080078125 1.490966796875 717.7420469614852 542
260 0.5 291.347216796875 319.4365091007846 3583.632080078125 1.490966796875 723.1176886307566 551
270 0.2 278.617431640625 271.29541015625 3583.632080078125 1.490966796875 719.2348606466389 556
280 0.1 22.4931640625 0.0 3583.632080078125 1.490966796875 717.6555867075493 558
290 0 0 0 3583.632080078125 1.490966796875 716.412004556127 559
300 0 0 0 3583.632080078125 1.490966796875 716.412004556127 559
310 0 0 0 3583.632080078125 1.490966796875 716.412004556127 559
320 0 0 0 3583.632080078125 1.490966796875 716.412004556127 559
330 0 0 0 3583.632080078125 1.490966796875 716.412004556127 559
340 0 0 0 3583.632080078125 1.490966796875 716.412004556127 559
350 0 0 0 3583.632080078125 1.490966796875 716.412004556127 559
360 0 0 0 3583.632080078125 1.490966796875 716.412004556127 559
370 0 0 0 3583.632080078125 1.490966796875 716.412004556127 559
380 0 0 0 3583.632080078125 1.490966796875 716.412004556127 559
383 0 0 0 3583.632080078125 1.490966796875 716.412004556127 559
