0 0.6 39.080037434895836 43.769689693823295 127.258056640625 10.030029296875 0 0
10 0.3 12.057291666666666 2.494631744228509 127.258056640625 9.847900390625 39.080037434895836 6
20 0.2 10.7945556640625 0.0723876953125 127.258056640625 9.847900390625 30.07245551215278 9
30 1.1 32.79800692471591 51.359034494149924 191.4951171875 9.509033203125 26.5673828125 11
40 0.4 12.53759765625 2.510000902124448 191.4951171875 9.369140625 29.682694868607953 22
50 0.3 23.6103515625 13.460445792851505 191.4951171875 9.369140625 27.04498760516827 26
60 0.5 16.70322265625 7.561068934768248 191.4951171875 9.369140625 26.689680428340516 29
70 1.8 13.269287109375 7.4542715153570995 191.4951171875 8.72021484375 25.221083697150736 34
80 1 36.3723388671875 52.37344726903944 191.4951171875 8.72021484375 21.08392333984375 52
90 1.2 16.185587565104168 11.382087015817213 191.4951171875 8.72021484375 23.549796811995968 62
100 2 17.239599609375 10.40418706424569 191.4951171875 8.72021484375 22.355600717905407 74
110 2.4 16.776082356770832 9.990668334849719 191.4951171875 8.72021484375 21.267089843750004 94
120 2.7 112.01027199074072 136.08358214063102 679.942138671875 8.72021484375 20.353664592161017 118
130 4.4 96.55842729048294 184.28832194643863 1200.778076171875 8.72021484375 37.420757004310346 145
140 3.5 64.19585658482143 57.817414234638655 1200.778076171875 8.72021484375 51.18825696511244 189
150 6.3 286.15417674231145 138.87787900533294 1200.778076171875 8.72021484375 53.220694405691965 224
160 6.2 816.0416929183468 280.5924189316196 1289.65087890625 8.72021484375 104.35243443080356 287
170 7.1 1711.2593392385563 1048.9866851477425 3421.114013671875 2.74609375 230.7843370847511 349
180 14 1431.418191964286 1208.2518797491157 3421.114013671875 2.599853515625 481.0551112583705 420
190 16.8 1066.6664617629287 1070.0374827237 3421.114013671875 2.498046875 718.6458814348495 560
200 18.4 793.5490855341376 991.6682961149288 3421.114013671875 2.498046875 798.9583230490216 728
210 5.7 1034.8540210389253 868.9380736308292 3421.114013671875 2.498046875 797.8669856556677 912
220 0 0 0 3421.114013671875 2.498046875 811.8073995017418 969
230 0 0 0 3421.114013671875 2.498046875 811.8073995017418 969
240 0 0 0 3421.114013671875 2.498046875 811.8073995017418 969
250 0 0 0 3421.114013671875 2.498046875 811.8073995017418 969
260 0 0 0 3421.114013671875 2.498046875 811.8073995017418 969
270 0 0 0 3421.114013671875 2.498046875 811.8073995017418 969
280 0 0 0 3421.114013671875 2.498046875 811.8073995017418 969
290 0 0 0 3421.114013671875 2.498046875 811.8073995017418 969
300 0 0 0 3421.114013671875 2.498046875 811.8073995017418 969
310 0 0 0 3421.114013671875 2.498046875 811.8073995017418 969
320 0 0 0 3421.114013671875 2.498046875 811.8073995017418 969
330 0 0 0 3421.114013671875 2.498046875 811.8073995017418 969
340 0 0 0 3421.114013671875 2.498046875 811.8073995017418 969
350 0 0 0 3421.114013671875 2.498046875 811.8073995017418 969
360 0 0 0 3421.114013671875 2.498046875 811.8073995017418 969
370 0 0 0 3421.114013671875 2.498046875 811.8073995017418 969
380 0 0 0 3421.114013671875 2.498046875 811.8073995017418 969
383 0 0 0 3421.114013671875 2.498046875 811.8073995017418 969
