10 0.6 44.7896728515625 40.56457078767172 125.325927734375 12.56201171875 0 0
20 0.4 22.6905517578125 10.697303761457269 125.325927734375 12.56201171875 44.7896728515625 6
30 0.2 33.0780029296875 20.5740966796875 125.325927734375 12.50390625 35.9500244140625 10
40 0.6 23.8271484375 16.29560475018011 125.325927734375 12.239013671875 35.471354166666664 12
50 0.8 22.01336669921875 17.723176989199967 125.325927734375 10.864990234375 31.589952256944443 18
60 0.4 11.970947265625 0.5409554954193259 125.325927734375 10.864990234375 28.643310546875 26
70 0.7 13.359688895089286 3.3129291506141643 125.325927734375 9.83203125 26.420328776041668 30
80 1.6 26.222457885742188 39.52509475499803 171.967041015625 9.82080078125 23.9493969066723 37
90 0.8 21.135589599609375 12.900612555269035 171.967041015625 9.82080078125 24.635603994693398 53
100 1.6 25.996475219726563 26.269409190744323 171.967041015625 9.82080078125 24.1765857133709 61
110 2.2 28.932195490056817 24.183125680943057 171.967041015625 9.82080078125 24.554744571834416 77
120 1.8 100.93575032552083 92.6550573003573 342.326171875 9.82080078125 25.527511442550505 99
130 3.1 93.79353578629032 93.59233189015208 417.89013671875 9.82080078125 37.12877896300748 117
140 3.8 100.4805779708059 97.87537729802358 417.89013671875 9.82080078125 48.997748297614024 148
150 4.3 352.613894440407 177.3544575283396 809.5380859375 9.82080078125 59.515745757728496 186
160 5.2 918.3528442382813 263.09494199922926 1353.653076171875 9.82080078125 114.55164267194323 229
170 4.7 1687.5339719082447 1059.863764648819 3139.385009765625 1.60205078125 263.29777249916594 281
180 7.9 1101.8935639586628 1247.2688979152936 3139.385009765625 1.60205078125 467.3803986340034 328
190 13.8 857.6789533089902 1037.1407026251843 3139.385009765625 1.446044921875 590.5414307240479 407
200 17.3 701.8355183684068 940.3545705900743 3139.385009765625 1.446044921875 658.1835924061066 545
210 17 698.7294964958638 827.6326986196366 3139.385009765625 1.3759765625 668.701396293959 718
220 6.8 964.1735049977023 758.7374013343399 3139.385009765625 1.3759765625 674.4500190803597 888
230 1.2 938.3185424804688 670.3096346772147 3139.385009765625 1.3759765625 695.0579657774091 956
240 0.1 1357.02685546875 0.0 3139.385009765625 1.3759765625 698.0735927613314 968
250 0 0 0 3139.385009765625 1.3759765625 698.7536270881708 969
260 0 0 0 3139.385009765625 1.3759765625 698.7536270881708 969
270 0 0 0 3139.385009765625 1.3759765625 698.7536270881708 969
280 0 0 0 3139.385009765625 1.3759765625 698.7536270881708 969
290 0 0 0 3139.385009765625 1.3759765625 698.7536270881708 969
300 0 0 0 3139.385009765625 1.3759765625 698.7536270881708 969
310 0 0 0 3139.385009765625 1.3759765625 698.7536270881708 969
320 0 0 0 3139.385009765625 1.3759765625 698.7536270881708 969
330 0 0 0 3139.385009765625 1.3759765625 698.7536270881708 969
340 0 0 0 3139.385009765625 1.3759765625 698.7536270881708 969
350 0 0 0 3139.385009765625 1.3759765625 698.7536270881708 969
360 0 0 0 3139.385009765625 1.3759765625 698.7536270881708 969
370 0 0 0 3139.385009765625 1.3759765625 698.7536270881708 969
380 0 0 0 3139.385009765625 1.3759765625 698.7536270881708 969
383 0 0 0 3139.385009765625 1.3759765625 698.7536270881708 969
