20 0.8 14.4542236328125 1.6306676923295875 17.56982421875 12.77685546875 0 0
30 0 0 0 17.56982421875 12.77685546875 14.4542236328125 8
40 0.8 18.67315673828125 11.013125982114833 42.51806640625 11.031005859375 14.4542236328125 8
50 1.6 36.189056396484375 23.687682787062098 110.487060546875 11.031005859375 16.563690185546875 16
60 0 0 0 110.487060546875 11.031005859375 26.376373291015625 32
70 0.8 18.386016845703125 5.592888838311951 110.487060546875 11.031005859375 26.376373291015625 32
80 1.2 16.976481119791664 8.444004313540992 110.487060546875 11.031005859375 24.778302001953126 40
90 3.8 18.4044189453125 10.904048354118789 110.487060546875 11.031005859375 22.977881798377403 52
100 4.1 26.16993378429878 18.926709271103675 110.487060546875 11.031005859375 21.046864149305556 90
110 4.5 26.291444227430556 35.5502122630195 247.9140625 11.031005859375 22.650267622853054 131
120 5.5 65.20015536221592 71.50132659345263 395.281982421875 11.031005859375 23.581250277432527 176
130 4.1 88.0488162157012 84.70856779276646 479.988037109375 11.031005859375 33.490513392857146 231
140 5.9 99.4922743975106 97.997056040984 479.988037109375 11.031005859375 41.7143752154182 272
150 4.6 239.22172745414403 161.43059129386748 659.373046875 11.031005859375 52.01315482793618 331
160 3.4 846.1981201171875 283.8795542474628 1260.328125 11.031005859375 74.85558013511273 377
170 4.2 1355.5556233723958 1145.6982584967777 3400.002197265625 1.48583984375 138.66493867377585 411
180 7.9 903.7303142306171 1192.894750112922 3400.002197265625 1.373046875 251.48924056636312 453
190 14.7 721.7297861527423 1035.5203403927615 3400.002197265625 1.373046875 348.3445879713933 532
200 20.8 568.0655975341789 892.4068450805529 3400.002197265625 1.373046875 429.18055871168536 679
210 25.5 550.8638078278188 822.7208115428182 3400.002197265625 1.373046875 461.74886544796345 887
220 27.2 513.6230136646946 705.1891031843303 3400.002197265625 1.373046875 481.6475609881238 1142
230 30.7 731.2163332463861 669.9752213737584 3400.002197265625 1.373046875 487.79842600087295 1414
240 21.7 1051.7745108186916 393.68601393422006 3400.002197265625 1.373046875 531.2204466425769 1721
250 25.7 917.8274134773225 223.15547143474947 3400.002197265625 1.373046875 589.5074600203978 1938
260 37.7 573.3779743710628 257.25211776268964 3400.002197265625 1.373046875 627.9485661882474 2195
270 23.9 265.8179119541056 214.98965003363267 3400.002197265625 1.373046875 619.9496886162883 2572
280 3.7 10.311345280827704 4.677103922191625 3400.002197265625 1.373046875 589.840298853833 2811
290 2.4 6.374796549479167 1.7202982600022434 3400.002197265625 1.373046875 582.311306128341 2848
300 0.8 6.552032470703125 0.11714886584812574 3400.002197265625 1.373046875 577.4984662154258 2872
310 4 8.668634033203125 3.6310703911851347 3400.002197265625 1.373046875 575.9125038994682 2880
320 0.8 7.325408935546875 3.141654634457278 3400.002197265625 1.373046875 568.1420399286975 2920
330 2.4 8.949534098307291 3.110331157878231 3400.002197265625 1.373046875 566.609754051667 2928
340 0.8 7.181121826171875 0.25578847113805114 3400.002197265625 1.373046875 562.0759311252169 2952
350 0.8 6.08758544921875 0.16566100673830073 3400.002197265625 1.373046875 560.5762154244087 2960
360 0 0 0 3400.002197265625 1.373046875 559.0816369069554 2968
370 0 0 0 3400.002197265625 1.373046875 559.0816369069554 2968
380 0 0 0 3400.002197265625 1.373046875 559.0816369069554 2968
383 0.8 7.133758544921875 0.1862470741450189 3400.002197265625 1.373046875 559.0816369069554 2968
