20 0.8 14.499725341796875 6.722367095311666 29.989990234375 8.682861328125 0 0
30 0 0 0 29.989990234375 8.682861328125 14.499725341796875 8
40 0.8 15.39581298828125 8.223318143785146 32.278076171875 7.276123046875 14.499725341796875 8
50 1.6 24.449050903320313 18.718061725989205 73.635986328125 7.276123046875 14.947769165039063 16
60 0 0 0 73.635986328125 7.276123046875 19.698410034179688 32
70 0.8 11.086700439453125 3.482167937920163 73.635986328125 7.276123046875 19.698410034179688 32
80 1.2 16.529479980468754 9.013763456544071 73.635986328125 7.276123046875 17.976068115234376 40
90 4 15.39659423828125 8.93443265877465 73.635986328125 7.276123046875 17.642240084134617 52
100 3.9 17.383425981570515 10.576883235840057 73.635986328125 7.276123046875 16.665872325067934 92
110 4.5 14.542789713541667 11.325106041444318 76.18701171875 7.276123046875 16.87949516937023 131
120 5.5 39.61941583806818 46.246645737727846 227.64111328125 7.136962890625 16.28204206986861 176
130 4.1 56.23511337652438 60.8728018093484 381.698974609375 7.136962890625 21.838559633725648 231
140 5.9 72.36829647775424 81.91278655552205 381.698974609375 7.136962890625 27.02333427877987 272
150 4.8 205.71688334147134 145.3029260064347 524.661865234375 7.136962890625 35.10597104536443 331
160 3.7 823.0179542335305 296.21265462154076 1295.0029296875 7.136962890625 56.71368553141491 379
170 4.4 1229.9022827148438 1113.7264962873885 3379.35791015625 1.597900390625 124.8705555842473 416
180 8.3 966.1352097844504 1192.1317469146804 3379.35791015625 1.510009765625 230.5692425271739 460
190 14.5 611.7638756061423 957.1397832603898 3379.35791015625 1.510009765625 343.0038194744187 543
200 21.5 595.0053608739097 912.9475318692371 3379.35791015625 1.510009765625 399.64656386264534 688
210 25.1 512.5756349601594 781.6281861765016 3379.35791015625 1.510009765625 446.16056315104163 903
220 28 595.447359793527 754.3224555457226 3379.35791015625 1.47412109375 460.60612902980125 1154
230 30.6 722.0533016429227 666.5840827613332 3379.35791015625 1.47412109375 486.93496069914795 1434
240 21.6 1051.7306868941687 399.91361444956976 3379.35791015625 1.47412109375 528.28335858926 1740
250 26.6 914.0199497767857 227.2696878751642 3379.35791015625 1.47412109375 586.0873580339738 1956
260 36.2 580.2485918076661 259.10094330664754 3379.35791015625 1.47412109375 625.3448150112862 2222
270 22.8 260.6433448122261 212.37346090064423 3379.35791015625 1.47412109375 619.0271552590763 2584
280 3.6 9.680738661024305 5.066915374517075 3379.35791015625 1.47412109375 589.9690084660884 2812
290 2.4 9.148091634114584 3.332857635387853 3379.35791015625 1.47412109375 582.6339039320357 2848
300 0.8 7.311798095703125 0.18467928933919214 3379.35791015625 1.47412109375 577.8415433835851 2872
310 4 8.39119873046875 2.2222661723945736 3379.35791015625 1.47412109375 576.2567385355632 2880
320 0.8 5.98089599609375 0.07475187165172131 3379.35791015625 1.47412109375 568.477758538233 2920
330 2.4 9.213358561197916 3.3273329903662825 3379.35791015625 1.47412109375 566.9408818646206 2928
340 0.8 8.194122314453125 0.8686086542894359 3379.35791015625 1.47412109375 562.4065117564626 2952
350 0.8 8.607879638671875 3.3914526387159247 3379.35791015625 1.47412109375 560.9086404336463 2960
360 0 0 0 3379.35791015625 1.47412109375 559.419959137703 2968
370 0 0 0 3379.35791015625 1.47412109375 559.419959137703 2968
380 0 0 0 3379.35791015625 1.47412109375 559.419959137703 2968
383 0.8 8.619903564453125 1.479373387958642 3379.35791015625 1.47412109375 559.419959137703 2968
