0 0.9 13.30810546875 35.559703855532916 113.885986328125 0.6181640625 0 0
10 0.7 3.0355398995535716 2.3066383542029225 113.885986328125 0.6181640625 13.30810546875 9
20 1.2 1.678955078125 3.1343819150661405 113.885986328125 0.510986328125 8.813858032226563 16
30 1.1 1.51806640625 2.4239676085176907 113.885986328125 0.510986328125 5.75604248046875 28
40 1.4 0.8773193359375 0.4115063381761434 113.885986328125 0.510986328125 4.5607158954326925 39
50 1.4 4.191528320312499 9.131060573730421 113.885986328125 0.510986328125 3.5877432193396226 53
60 1.6 1.4319305419921875 1.9255007530249029 113.885986328125 0.510986328125 3.713907270289179 67
70 1.9 1.084241365131579 1.0965558151330077 113.885986328125 0.510986328125 3.274008141942771 83
80 2 1.528271484375 1.7950111717285566 113.885986328125 0.510986328125 2.866110409007353 102
90 2.4 2.032928466796875 2.2428703722704393 113.885986328125 0.510986328125 2.646792552510246 122
100 3.9 1.6401742788461537 2.0084205326678815 113.885986328125 0.510986328125 2.5458833877354454 146
110 4.7 3.9536963929521276 3.128722125539982 113.885986328125 0.510986328125 2.354950116131757 185
120 5.4 2.6972023292824074 3.3184204805056754 113.885986328125 0.510986328125 2.6788340601427802 232
130 8.4 2.796517508370537 3.068708274898759 113.885986328125 0.510986328125 2.682302194875437 286
140 9.4 2.7165267619680855 3.0085160598583993 113.885986328125 0.510986328125 2.7082321579391895 370
150 14.5 2.7393723060344826 3.2068361776734564 113.885986328125 0.4951171875 2.7099125303071125 464
160 21.4 2.2216078143253486 2.7988284999963904 113.885986328125 0.4951171875 2.716926762623153 609
170 24.7 2.615990519040992 3.014673307267754 113.885986328125 0.494873046875 2.5881317991532504 823
180 30.4 2.6481202778063317 3.0702306632490495 113.885986328125 0.4931640625 2.594562737295561 1070
190 37.6 2.9886474609375 3.0357719124863554 113.885986328125 0.470947265625 2.606412440581787 1374
200 23.9 321.0039317877223 1106.336829394218 7018.576904296875 0.470947265625 2.6885383649553574 1750
210 22 3312.1337935014194 5052.049619523664 15039.31201171875 0.470947265625 40.93759770534817 1989
220 27.3 6684.419428228022 7110.286904833285 15046.283935546875 0.470947265625 366.7244528774331 2209
230 40.8 3563.5029733695264 9468.552184999673 31083.93798828125 0.470947265625 1061.6199920678887 2482
240 12.7 490.4956881305363 3865.1394681588554 31083.93798828125 0.470947265625 1414.8270011928257 2890
250 10.8 1.4760538736979167 2.2706770111870864 31083.93798828125 0.470947265625 1375.9174629896734 3017
260 3.6 1.9056599934895833 2.702890242827149 31083.93798828125 0.470947265625 1328.4167678906254 3125
270 0 0 0 31083.93798828125 0.470947265625 1313.309396842129 3161
280 0.2 0.6783447265625 0.0045166015625 31083.93798828125 0.470947265625 1313.309396842129 3161
290 0.3 0.78369140625 0.08920614693563836 31083.93798828125 0.470947265625 1312.479405661531 3163
300 0.2 4.346435546875 3.550537109375 31083.93798828125 0.470947265625 1311.2364848962861 3166
310 0 0 0 31083.93798828125 0.470947265625 1310.4114280469494 3168
320 0.1 0.72998046875 0.0 31083.93798828125 0.470947265625 1310.4114280469494 3168
330 0.5 0.80361328125 0.015097763633592892 31083.93798828125 0.470947265625 1309.998148953362 3169
340 0 0 0 31083.93798828125 0.470947265625 1307.9357757087619 3174
350 0.1 0.81103515625 0.0 31083.93798828125 0.470947265625 1307.9357757087619 3174
351 0 0 0 31083.93798828125 0.470947265625 1307.5240828770918 3175
