0 1.5 15.255729166666667 28.45239376835326 121.614990234375 5.888916015625 0 0
10 4.2 23.168241954985117 38.25212858504154 200.941162109375 5.43603515625 15.255729166666667 15
20 5.4 72.45286277488425 186.45707909305375 908.346923828125 5.43603515625 21.086001747532894 57
30 8.8 107.30655184659085 382.01534263529203 2530.389892578125 5.2958984375 46.075285490568696 111
40 8.8 28.677584561434653 50.82335957599878 2530.389892578125 5.289794921875 73.15242840177447 199
50 16.8 190.51572236560656 484.80915017070015 3661.93798828125 5.289794921875 59.51554248557271 287
60 13.7 38.23989043966697 75.2501906511146 3661.93798828125 5.289794921875 107.88483967204675 455
70 16.8 49.96656000046504 97.8613371176957 3661.93798828125 5.289794921875 91.76768081252644 592
80 17.9 65.12986644553078 134.2354907063057 3661.93798828125 5.289794921875 82.52743305407076 760
90 22.1 53.80554585866797 84.16170500403825 3661.93798828125 5.289794921875 79.21096402006792 939
100 28.1 40.833390096752666 60.548533130447 3661.93798828125 5.289794921875 74.37079383587017 1160
110 35.6 270.38770765668875 312.24693625075173 3661.93798828125 5.289794921875 67.83088373823519 1441
120 32 515.282194519043 399.8058283216469 3661.93798828125 5.289794921875 107.95900244439515 1797
130 30.9 2009.9129855949127 874.6864394660131 5330.156982421875 0.64794921875 169.52887559691632 2117
140 54.4 1911.7902544806964 1548.7882595447722 6588.598876953125 0.63720703125 403.93888795857373 2426
150 68.9 1539.9092590597784 1445.0853760818109 6588.598876953125 0.615966796875 680.1244581228951 2970
160 106.5 1020.5750928422077 1416.4238689721406 6588.598876953125 0.60302734375 842.0243564135517 3659
170 134.2 800.381696948351 1227.2675469033313 6588.598876953125 0.5771484375 882.2776447913076 4724
180 162.8 643.0947693021054 981.7129265127398 6588.598876953125 0.5771484375 864.1595501646594 6066
190 198.6 612.0081934626364 973.6353852349162 6588.598876953125 0.572021484375 817.3836906320058 7694
200 195.5 1031.2344855189 1575.9489996407017 9207.451904296875 0.568115234375 775.2477673491165 9680
210 208.3 1215.4024284901207 2134.6395912387206 13374.123779296875 0.568115234375 818.2605764614439 11635
220 210.7 2078.306714203209 4516.342213456339 21682.371826171875 0.568115234375 878.5642998741669 13718
230 238.9 1672.3094966308795 4895.824856962079 33756.43701171875 0.55908203125 1038.3025157977872 15825
240 167.6 660.1047951782518 1350.4581208752893 33756.43701171875 0.555908203125 1121.460673105916 18214
250 143.9 765.139653357638 865.3537550628309 33756.43701171875 0.555908203125 1082.5852356294572 19890
260 99.7 1033.7095483227022 672.3888608939599 33756.43701171875 0.555908203125 1061.168188750131 21329
270 68 1304.941932588466 491.6682615250796 33756.43701171875 0.555908203125 1059.941983227147 22326
280 72.3 804.777148910249 484.6319572182006 33756.43701171875 0.555908203125 1067.1835708810502 23006
290 33.7 65.08126332993321 83.96016908369133 33756.43701171875 0.555908203125 1059.1882974567638 23729
300 16 20.156983947753908 43.45379014185545 33756.43701171875 0.555908203125 1045.267659606654 24066
310 5.1 12.794610715379902 8.327015996777831 33756.43701171875 0.555908203125 1038.4973422573012 24226
320 4 10.098669433593749 6.340140991752414 33756.43701171875 0.555908203125 1036.342593346454 24277
330 7.3 14.486993659032533 7.865194965166274 33756.43701171875 0.555908203125 1034.654483918625 24317
340 0 0 0 33756.43701171875 0.555908203125 1031.6010920863598 24390
350 1.6 18.328140258789063 7.933559447922336 33756.43701171875 0.555908203125 1031.6010920863598 24390
351 0.1 19.219970703125 0.0 33756.43701171875 0.555908203125 1030.9368141535056 24406
