0 49.43359375 49.43359375
10 107.16484375 156.5984375
20 126.29921875 282.89765625
30 199.13046875 482.028125
40 170.52265625 652.55078125
50 417.84609375 1070.396875
60 353.575 1423.971875
70 344.353125 1768.325
80 417.8609375 2186.1859375
90 543.07734375 2729.26328125
100 578.63828125 3307.9015625
110 830.1875 4138.0890625
120 783.7046875 4921.79375
130 783.15625 5704.95
140 927.01640625 6631.96640625
150 1033.84296875 7665.809375
160 1101.38203125 8767.19140625
170 1312.46875 10079.66015625
180 1431.96328125 11511.6234375
190 1642.99609375 13154.61953125
200 1523.3390625 14677.95859375
210 1482.68203125 16160.640625
220 1530.63203125 17691.27265625
230 1636.31171875 19327.584375
240 1214.76015625 20542.34453125
250 1110.859375 21653.20390625
260 953.79375 22606.99765625
270 783.74140625 23390.7390625
280 718.17578125 24108.91484375
290 367.26484375 24476.1796875
300 184.2421875 24660.421875
310 72.45859375 24732.88046875
320 34.3484375 24767.22890625
330 118.003125 24885.23203125
340 0 24885.23203125
350 42.43515625 24927.6671875
351 1.26796875 24928.93515625
