0 3.63046875 3.63046875
10 20.0375 23.66796875
20 28.1125 51.78046875
30 47.79296875 99.5734375
40 48.4359375 148.009375
50 128.7109375 276.7203125
60 82.1796875 358.9
70 104.44765625 463.34765625
80 113.6546875 577.00234375
90 139.9515625 716.95390625
100 180.47421875 897.428125
110 232.40234375 1129.83046875
120 219.58046875 1349.4109375
130 209.040625 1558.4515625
140 301.546875 1859.9984375
150 395.6828125 2255.68125
160 581.859375 2837.540625
170 669.14765625 3506.68828125
180 818.19140625 4324.8796875
190 904.271875 5229.1515625
200 918.5203125 6147.671875
210 1004.60390625 7152.27578125
220 1038.34296875 8190.61875
230 1483.3234375 9673.9421875
240 1011.875 10685.8171875
250 955.20625 11641.0234375
260 662.55703125 12303.58046875
270 483.52734375 12787.1078125
280 550.65703125 13337.76484375
290 271.65234375 13609.4171875
300 126.19140625 13735.60859375
310 44.39765625 13780.00625
320 37.60546875 13817.61171875
330 75.4375 13893.04921875
340 0 13893.04921875
350 17.834375 13910.88359375
351 0.59765625 13911.48125
