0 0.4 8.8785400390625 0.25597236409812674 9.273193359375 8.55908203125 0 0
10 0.7 14.437290736607142 8.172858239168647 27.43603515625 6.9111328125 8.8785400390625 4
20 0.7 8.125209263392858 0.5714846907034009 27.43603515625 6.9111328125 12.415926846590908 11
30 0.6 8.272216796875 1.3440787925936002 27.43603515625 6.9111328125 10.747314453125 18
40 0.4 25.17974853515625 20.245554425270647 57.9609375 6.9111328125 10.1285400390625 24
50 0.8 40.944244384765625 41.37180646425941 131.7080078125 6.9111328125 12.278712681361608 28
60 1.1 19.07998934659091 20.196059365484967 131.7080078125 6.9111328125 18.64883083767361 36
70 0.9 15.785834418402779 11.414838577112674 131.7080078125 6.9111328125 18.74974027593085 47
80 0.7 40.546665736607146 49.13498203063476 152.412841796875 6.9111328125 18.27339826311384 56
90 1.6 44.644439697265625 47.21970094761114 190.607177734375 6.9111328125 20.748205760168652 63
100 1.5 34.19778645833333 41.64131175443988 190.607177734375 6.9111328125 25.587949342365505 79
110 2.4 172.51760864257813 127.83460345747461 522.926025390625 6.9111328125 26.96185952044548 94
120 1.6 505.1015167236328 258.0626346066574 846.85595703125 6.9111328125 56.56641866393009 118
130 2.8 1845.005118233817 438.1533544417972 2364.296142578125 6.9111328125 110.12284828299907 134
140 4.6 1680.444113026495 1249.3860795376577 3044.93408203125 0.741943359375 409.9790430893133 162
150 4.9 1512.1102618781888 1124.5695537673223 3044.93408203125 0.68896484375 690.947279710036 208
160 8.4 711.3135521298365 1073.268276235947 3044.93408203125 0.659912109375 847.5114280611624 257
170 8.2 701.4786674685593 1036.3384626080606 3067.866943359375 0.657958984375 813.9612181543255 341
180 10.4 680.3745187612677 858.4201072513895 3067.866943359375 0.657958984375 792.1560901254063 423
190 13.5 623.5632215711802 877.7177831430203 3067.866943359375 0.64892578125 770.096728793584 527
200 8.1 904.5018265335648 1294.6826406940545 5731.639892578125 0.638916015625 740.2145181062358 662
210 7 1125.7706263950897 1993.3240379094925 7824.430908203125 0.638916015625 758.1247091999285 743
220 8.7 2226.5647056842668 4029.4964756325326 19934.418212890625 0.638916015625 789.779339216732 813
230 4.6 651.2637939453126 744.0301049083229 19934.418212890625 0.638916015625 928.6685913085937 900
240 0.5 1494.24736328125 188.02196497140807 19934.418212890625 0.638916015625 915.1795631069965 946
250 0 0 0 19934.418212890625 0.638916015625 918.2240836126446 951
260 0 0 0 19934.418212890625 0.638916015625 918.2240836126446 951
270 0 0 0 19934.418212890625 0.638916015625 918.2240836126446 951
280 0 0 0 19934.418212890625 0.638916015625 918.2240836126446 951
290 0 0 0 19934.418212890625 0.638916015625 918.2240836126446 951
300 0 0 0 19934.418212890625 0.638916015625 918.2240836126446 951
310 0 0 0 19934.418212890625 0.638916015625 918.2240836126446 951
320 0 0 0 19934.418212890625 0.638916015625 918.2240836126446 951
330 0 0 0 19934.418212890625 0.638916015625 918.2240836126446 951
340 0 0 0 19934.418212890625 0.638916015625 918.2240836126446 951
350 0 0 0 19934.418212890625 0.638916015625 918.2240836126446 951
351 0 0 0 19934.418212890625 0.638916015625 918.2240836126446 951
