20 0.1 62.486083984375 0 62.486083984375 62.486083984375 0 0
30 0.1 12.843017578125 0.0 62.486083984375 12.843017578125 62.486083984375 1
40 0.3 24.24462890625 9.64854055084507 62.486083984375 12.843017578125 37.66455078125 2
50 0.3 313.2179361979167 223.50269580646952 548.758056640625 12.843017578125 29.61259765625 5
60 0.1 12.98681640625 0.0 548.758056640625 12.843017578125 135.964599609375 8
70 0.4 55.84649658203125 18.361162551845087 548.758056640625 12.843017578125 122.30040147569444 9
80 0.6 66.6239013671875 46.67456723269289 548.758056640625 12.673095703125 101.85304612379808 13
90 0.3 43.807698567708336 36.27176703018717 548.758056640625 12.673095703125 90.72805304276316 19
100 0.2 94.629638671875 36.33251953125 548.758056640625 12.673095703125 84.32982288707387 22
110 0.2 152.7430419921875 49.3848876953125 548.758056640625 12.673095703125 85.18814086914064 24
120 1.2 443.67559814453125 224.2983813957529 826.5908203125 12.673095703125 90.38467172475963 26
130 0.6 1548.8558756510417 223.382115136535 1798.912841796875 12.673095703125 201.95022743626646 38
140 0.7 2009.7107979910713 897.474201235248 2918.093017578125 2.235107421875 385.619179465554 44
150 2.1 1396.2705775669642 1226.5196947327988 2918.093017578125 0.708984375 608.5337153416054 51
160 1.8 668.2750515407986 1081.2731657786735 2918.093017578125 0.694091796875 838.2903001573351 72
170 2.6 560.3163029597355 1004.9370353699571 2918.093017578125 0.6640625 804.2872504340278 90
180 3.5 554.4092006138393 822.9677670768764 2918.093017578125 0.6640625 749.6041070346174 116
190 5.3 438.35235019899767 756.2533301878534 2918.093017578125 0.64990234375 704.3602545529801 151
200 5.4 369.18578649450234 656.1953715985077 2918.093017578125 0.64990234375 635.2503578335632 204
210 6.4 623.66393661499 756.2897870547714 2918.093017578125 0.64990234375 579.5624242974807 258
220 4.6 676.1561279296876 1051.9656752248366 5364.43505859375 0.64990234375 588.3279422736316 322
230 4.2 449.40833682105665 733.5630686888042 5364.43505859375 0.64990234375 599.3064654806386 368
240 4.4 568.746543190696 688.1456669588667 5364.43505859375 0.64990234375 583.9510474228277 410
250 4.3 623.4849314135179 638.3537349971983 5364.43505859375 0.64990234375 582.4774831360132 454
260 2.8 680.3519897460939 471.3504649995749 5364.43505859375 0.64990234375 586.0254112566021 497
270 1.2 976.0127563476563 132.23165248869503 5364.43505859375 0.64990234375 591.056162109375 525
280 1.3 676.5946326622596 281.93773199531057 5364.43505859375 0.64990234375 599.6585441035265 537
290 0.9 17.37014431423611 26.1124391758292 5364.43505859375 0.64990234375 601.4770334694603 550
300 0.2 9.4700927734375 4.8299560546875 5364.43505859375 0.64990234375 592.0728080626677 559
310 0 0 0 5364.43505859375 0.64990234375 589.9957930348986 561
320 0 0 0 5364.43505859375 0.64990234375 589.9957930348986 561
330 0.1 5.368896484375 0.0 5364.43505859375 0.64990234375 589.9957930348986 561
340 0 0 0 5364.43505859375 0.64990234375 588.9555316531362 562
350 0 0 0 5364.43505859375 0.64990234375 588.9555316531362 562
351 0 0 0 5364.43505859375 0.64990234375 588.9555316531362 562
