20 0.1 9.30615234375 0 9.30615234375 9.30615234375 0 0
30 0.3 32.154296875 33.67152473521252 79.77294921875 8.27197265625 9.30615234375 1
40 0.2 15.323486328125 7.097412109375 79.77294921875 8.22607421875 26.4422607421875 4
50 0.5 246.4904296875 217.766228623009 585.299072265625 8.22607421875 22.736002604166668 6
60 0.4 16.34027099609375 8.022983191562593 585.299072265625 7.950927734375 124.44256036931819 11
70 0.3 97.47298177083333 126.61454274997979 585.299072265625 7.85888671875 95.615283203125 15
80 0.5 10.702587890625 4.401541869982174 585.299072265625 7.85888671875 95.92489963107639 18
90 0.2 42.626953125 9.22412109375 585.299072265625 7.85888671875 77.39831012228261 23
100 0.6 91.63435872395833 86.70441909833771 585.299072265625 7.85888671875 74.6166015625 25
110 0.5 219.74228515625 151.22571502104392 585.299072265625 7.85888671875 77.91036101310483 31
120 1.2 494.0768229166667 229.1962518311031 840.399169921875 7.85888671875 97.60923936631944 36
130 0.8 1680.0701293945313 721.2825244644409 2217.135009765625 0.776123046875 196.72613525390625 48
140 1.3 1713.2510892427886 1164.1561203744768 2974.953125 0.7529296875 408.6324201311384 56
150 2.7 1351.321732132523 1131.9742764564212 2974.953125 0.73095703125 654.4301403985507 69
160 1.7 553.9752412683823 842.0139616555483 2974.953125 0.723876953125 850.4309005737305 96
170 4.4 705.7394076260653 1038.4277534014946 2984.567138671875 0.7109375 805.8313766074392 113
180 4.5 648.2689453125001 833.5950934926949 2984.567138671875 0.68505859375 777.7801241540606 157
190 5.8 583.7069302262931 878.6288138117823 2984.567138671875 0.6708984375 748.9286239170793 202
200 5.2 353.45783409705535 630.2320297107113 2984.567138671875 0.6708984375 712.0714768629808 260
210 5.3 337.07033092570754 611.0904764314212 2984.567138671875 0.6708984375 652.3025364019933 312
220 5.3 576.4844072449885 770.8074008036907 2984.567138671875 0.6708984375 606.5290928670805 365
230 3.7 721.4813067461994 753.7658011002922 2984.567138671875 0.6708984375 602.7195992355713 418
240 4.8 704.3724670410157 702.6189178106897 2984.567138671875 0.6708984375 612.3771446814906 455
250 3 773.5088216145833 634.4094831291393 2984.567138671875 0.6708984375 621.1560223619223 503
260 1.7 805.7137235753677 528.4198093635263 2984.567138671875 0.6708984375 629.7312268226725 533
270 0.6 999.9925537109375 129.95589391598696 2984.567138671875 0.6708984375 635.1706858132103 550
280 0.3 580.8194173177084 158.01746588458988 2984.567138671875 0.6708984375 639.1076124452002 556
290 0.2 50.868896484375 46.166015625 2984.567138671875 0.6708984375 638.7947956556072 559
300 0.1 4.43408203125 0.0 2984.567138671875 0.6708984375 636.6988031451929 561
310 0 0 0 2984.567138671875 0.6708984375 635.5737769510399 562
320 0 0 0 2984.567138671875 0.6708984375 635.5737769510399 562
330 0 0 0 2984.567138671875 0.6708984375 635.5737769510399 562
340 0 0 0 2984.567138671875 0.6708984375 635.5737769510399 562
350 0 0 0 2984.567138671875 0.6708984375 635.5737769510399 562
351 0 0 0 2984.567138671875 0.6708984375 635.5737769510399 562
