0 0.8 21.681640625 38.57570077352452 123.681884765625 5.93798828125 0 0
10 0.3 17.150716145833332 7.102284663203835 123.681884765625 5.93798828125 21.681640625 8
20 0.7 62.980294363839285 91.53493968246669 246.27294921875 5.93798828125 20.445933948863637 11
30 0.7 10.107735770089286 4.500811421781415 246.27294921875 5.93798828125 36.98707411024306 18
40 0.7 19.789725167410715 21.087263141129423 246.27294921875 5.93798828125 29.460859375 25
50 0.6 35.163370768229164 23.53121574006606 246.27294921875 5.93798828125 27.345298767089844 32
60 1 10.3077392578125 8.169669692351276 246.27294921875 5.93798828125 28.57973118832237 38
70 0.8 26.5963134765625 31.451629181222227 246.27294921875 5.886962890625 24.77306620279948 48
80 1.1 43.51828835227273 56.48857402866093 246.27294921875 5.64404296875 25.03353009905134 56
90 1.5 32.54329427083333 25.865507912520254 246.27294921875 5.64404296875 28.068341155550375 67
100 1.7 15.440128102022056 10.418622640403004 246.27294921875 5.64404296875 28.886930140053355 82
110 2 239.93797607421874 156.76058911811944 586.206787109375 5.64404296875 26.57788332544192 99
120 2.3 391.4200492527174 241.27357587722696 794.06689453125 5.64404296875 62.4367224428834 119
130 3.8 1723.6454692639804 561.8609008728129 2381.333984375 1.406982421875 115.72275425011003 142
140 4.2 1723.6851864769346 1175.8771018975062 2996.800048828125 1.406982421875 455.17310519748264 180
150 5 1034.398232421875 1168.5623588089445 2996.800048828125 1.39599609375 695.161877331433 222
160 8.6 922.161805618641 1152.4726458979237 3011.403076171875 1.297119140625 757.5215014289407 272
170 9.6 646.5070241292318 1034.4067292535965 3011.403076171875 1.297119140625 797.0719655638967 358
180 11.3 535.5731471238938 839.8129914336682 3011.403076171875 1.218017578125 765.2344449081085 454
190 11.8 751.65990590241 909.9848484423874 3011.403076171875 1.19287109375 719.4642039034943 567
200 7.9 4789.158042424841 1158.8299627344045 6962.72802734375 1.19287109375 725.0103248317746 685
210 8.5 6784.533332375919 1531.52520004521 13031.85595703125 1.19287109375 1145.2559657870786 764
220 6.8 15719.15869140625 4945.030439884724 21479.1689453125 1.19287109375 1709.8479282841947 849
230 3.4 24144.635060029872 6957.838386869418 33714.697021484375 1.19287109375 2748.7063054840855 917
240 0 0 0 33714.697021484375 1.19287109375 3513.650130567741 951
250 0 0 0 33714.697021484375 1.19287109375 3513.650130567741 951
260 0 0 0 33714.697021484375 1.19287109375 3513.650130567741 951
270 0 0 0 33714.697021484375 1.19287109375 3513.650130567741 951
280 0 0 0 33714.697021484375 1.19287109375 3513.650130567741 951
290 0 0 0 33714.697021484375 1.19287109375 3513.650130567741 951
300 0 0 0 33714.697021484375 1.19287109375 3513.650130567741 951
310 0 0 0 33714.697021484375 1.19287109375 3513.650130567741 951
320 0 0 0 33714.697021484375 1.19287109375 3513.650130567741 951
330 0 0 0 33714.697021484375 1.19287109375 3513.650130567741 951
340 0 0 0 33714.697021484375 1.19287109375 3513.650130567741 951
350 0 0 0 33714.697021484375 1.19287109375 3513.650130567741 951
351 0 0 0 33714.697021484375 1.19287109375 3513.650130567741 951
