0 0.1 7.509033203125 0 7.509033203125 7.509033203125 0 0
10 0.7 20.933558872767858 19.620218603248905 60.801025390625 6.352783203125 7.509033203125 1
20 0.2 7.5894775390625 0.5985107421875 60.801025390625 6.352783203125 19.2554931640625 8
30 0.8 19.3797607421875 24.968143976780087 83.412109375 6.352783203125 16.9222900390625 10
40 0.7 13.582728794642858 9.798604516974637 83.412109375 6.352783203125 18.01449924045139 18
50 0.6 278.9490559895833 348.904650260886 884.218017578125 6.168212890625 16.773603515625 25
60 1 12.1020263671875 10.984526183307516 884.218017578125 6.168212890625 67.51723947832662 31
70 0.8 32.500518798828125 32.92195411604673 884.218017578125 6.168212890625 54.00133384146341 41
80 1.1 40.53193803267045 61.68284049797411 884.218017578125 6.168212890625 50.49099669164541 49
90 0.7 13.574916294642858 10.683382942651262 884.218017578125 6.168212890625 48.66516927083333 60
100 1.6 28.412338256835938 31.252571698641997 884.218017578125 6.168212890625 44.9990234375 67
110 1.8 207.9007568359375 106.10067465058908 884.218017578125 6.168212890625 41.801590149661145 83
120 1.6 361.45826721191406 229.09318390335295 884.218017578125 6.168212890625 71.40342183632426 101
130 1.5 1717.1203938802084 492.0732753527151 2252.20703125 6.168212890625 111.0690417167468 117
140 3.6 1895.320305718316 1037.8776114381767 2985.12890625 0.755126953125 293.57487718986744 132
150 4.3 1358.2538324400437 1164.720699020453 2985.12890625 0.72998046875 636.8060404459635 168
160 5.6 1040.3756801060265 1178.8349753774733 2985.12890625 0.68212890625 783.8309459234301 211
170 8.6 771.221603038699 1053.975524444624 2993.47607421875 0.673095703125 837.6380811827013 267
180 9.1 615.4501738495879 827.9267177125145 2993.47607421875 0.673095703125 821.45729613912 353
190 12.5 549.4816835937498 843.196031513278 2993.47607421875 0.64990234375 779.2351156698691 444
200 10.1 676.1744735264541 917.9733253864993 5917.038818359375 0.64990234375 728.7620418394387 569
210 8.1 669.7346311969521 973.0049909504743 6307.83203125 0.64990234375 720.8346621385261 670
220 7.6 716.9173166375411 2267.7263231669053 19368.29296875 0.64990234375 715.3232074031499 751
230 7.7 540.2796519886364 646.5461218224573 19368.29296875 0.64404296875 715.4697035359357 827
240 3.9 631.6255696614584 675.8325170829019 19368.29296875 0.64404296875 700.5475420656458 904
250 0.6 1013.7674153645834 737.4301789845609 19368.29296875 0.64404296875 697.697110545218 943
260 0.1 1.133056640625 0.0 19368.29296875 0.64404296875 699.6954475619896 949
270 0.1 992.68896484375 0.0 19368.29296875 0.64404296875 698.9601187294408 950
280 0 0 0 19368.29296875 0.64404296875 699.2689818694138 951
290 0 0 0 19368.29296875 0.64404296875 699.2689818694138 951
300 0 0 0 19368.29296875 0.64404296875 699.2689818694138 951
310 0 0 0 19368.29296875 0.64404296875 699.2689818694138 951
320 0 0 0 19368.29296875 0.64404296875 699.2689818694138 951
330 0 0 0 19368.29296875 0.64404296875 699.2689818694138 951
340 0 0 0 19368.29296875 0.64404296875 699.2689818694138 951
350 0 0 0 19368.29296875 0.64404296875 699.2689818694138 951
351 0 0 0 19368.29296875 0.64404296875 699.2689818694138 951
