30 0.2 1030.5445556640625 853.2554931640625 1883.800048828125 177.2890625 0 0
40 0.1 171.02197265625 0.0 1883.800048828125 171.02197265625 1030.5445556640625 2
50 0.2 577.6710205078125 399.9420166015625 1883.800048828125 171.02197265625 744.0370279947916 3
60 0.4 251.0267333984375 59.01788554168492 1883.800048828125 171.02197265625 677.490625 5
70 0.1 338.09814453125 0.0 1883.800048828125 171.02197265625 487.95111762152777 9
80 0.5 208.554052734375 63.594792918545856 1883.800048828125 119.637939453125 472.9658203125 10
90 0.5 279.24560546875 172.19161672901438 1883.800048828125 119.637939453125 384.828564453125 15
100 0.1 212.209228515625 0.0 1883.800048828125 119.637939453125 358.4328247070313 20
110 0.4 784.3883056640625 302.2872335992941 1883.800048828125 119.637939453125 351.4697963169643 21
120 0.8 1244.3389587402344 315.78967617168416 1883.800048828125 119.637939453125 420.7367578125 25
130 0.5 1536.18388671875 814.8122077411375 2258.715087890625 5.63916015625 620.3978974313447 33
140 0.7 2438.712332589286 1538.6001132407462 3569.51806640625 2.385986328125 740.8960539165296 38
150 0.9 2005.895290798611 1446.2081729979575 3569.51806640625 0.801025390625 1005.0008083767361 45
160 1.6 817.1682434082031 1274.2323283566352 3613.824951171875 0.721923828125 1171.8165554470486 54
170 2.9 1399.3879647090516 1486.2693769793664 4062.31201171875 0.671142578125 1090.754084123884 70
180 3.1 746.0133411038306 939.4065022179653 4062.31201171875 0.671142578125 1181.161988537721 99
190 3.9 387.1065204326923 757.3461078978692 4062.31201171875 0.671142578125 1077.3957726111778 130
200 5.5 394.3339888139204 690.1214351458913 4062.31201171875 0.64990234375 918.0982528776813 169
210 5.6 399.7325701032366 691.5905629531005 4062.31201171875 0.64990234375 789.4954201834543 224
220 6.3 487.8096943204365 805.3567167361122 4062.31201171875 0.64990234375 711.5428501674107 280
230 4 361.0301818847656 608.8573316805051 4062.31201171875 0.64990234375 670.4490052159257 343
240 3.5 515.4727957589286 730.1634727247701 4062.31201171875 0.64990234375 638.1337234058828 383
250 5.8 631.0918768521013 729.9014490988 4062.31201171875 0.64990234375 627.8630715694154 418
260 2.8 806.2805088588169 580.5484644953764 4062.31201171875 0.64990234375 628.2564974231881 476
270 2.3 1215.2422618036687 292.1089576928775 4062.31201171875 0.64990234375 638.146720280723 504
280 1.8 571.2165256076389 386.30219530110986 4062.31201171875 0.64990234375 663.3330532124644 527
290 0.7 67.48876953125 75.19174298557937 4062.31201171875 0.64990234375 660.2906724842317 545
300 0.6 81.981201171875 122.5331838063278 4062.31201171875 0.64990234375 652.7732570482337 552
310 0.3 4.650716145833333 0.18514482093586615 4062.31201171875 0.64990234375 646.6357080603159 558
320 0 0 0 4062.31201171875 0.64990234375 643.2026332372437 561
330 0.1 4.79296875 0.0 4062.31201171875 0.64990234375 643.2026332372437 561
340 0 0 0 4062.31201171875 0.64990234375 642.0666729801491 562
350 0 0 0 4062.31201171875 0.64990234375 642.0666729801491 562
351 0 0 0 4062.31201171875 0.64990234375 642.0666729801491 562
