0 1.5 47.453271484375 92.44933581288153 371.7099609375 5.9189453125 0 0
10 4 34.50489501953125 32.879569588206266 371.7099609375 5.9189453125 47.453271484375 15
20 9.8 26.47792520328444 50.37893115354887 417.69091796875 5.9189453125 38.03627041903409 55
30 10.3 21.863513539138342 25.758113694708804 417.69091796875 5.9189453125 30.632885901756534 153
40 11.4 21.35182805646931 23.975736577061284 417.69091796875 5.9189453125 27.10458374023437 256
50 13.2 29.15444853811553 55.23177381182009 563.601806640625 5.9189453125 25.33211307010135 370
60 16.9 21.500171909670865 22.895120551469038 563.601806640625 5.9189453125 26.33718932862301 502
70 17.9 20.403218018942038 20.77648356992925 563.601806640625 5.824951171875 25.118924136666354 671
80 18.5 21.028400812922303 21.053534712833937 563.601806640625 5.824951171875 24.125851907169118 850
90 18.9 23.041298518105165 26.372596823265543 563.601806640625 5.81298828125 23.57220122848732 1035
100 27.5 50.644426491477304 113.41139033136518 1106.375 5.81298828125 23.490223604090072 1224
110 33.1 25.938193329871602 32.36745006300153 1106.375 5.81298828125 28.471815194504675 1499
120 42.2 35.867545032953174 53.56131330661696 1106.375 5.76904296875 28.013548070355196 1830
130 56.9 58.25649053644 75.66623081178484 1106.375 5.76904296875 29.48530060952764 2252
140 64.5 208.19855597444283 182.31204487307042 1106.375 5.76904296875 35.28849347319766 2821
150 73.9 654.359953471225 276.46906086150915 1944.22705078125 5.76904296875 67.46592864726088 3466
160 98 994.1244135642547 732.3410947729651 3011.3740234375 0.677978515625 170.6085408577031 4205
170 127.9 841.6998125900973 806.3192600008981 3180.715087890625 0.66015625 326.2585997299154 5185
180 187 566.0644798890792 646.8370334717472 3180.715087890625 0.659912109375 428.2464263462787 6464
190 192.9 684.3573774512777 828.493755691554 4950.5 0.593017578125 459.17032364949887 8334
200 190.3 1195.4196577207454 2001.4821349258154 12518.781982421875 0.593017578125 501.49574767596596 10263
210 204.4 1256.6693217954967 2272.2744176185447 20839.99609375 0.593017578125 610.0389994279975 12166
220 223.3 2052.8549618821403 4653.7704168357905 21383.52197265625 0.593017578125 703.0518339754407 14210
230 226.7 1645.4339754149228 5770.052831640918 33113.76806640625 0.593017578125 886.3584315923999 16443
240 151.6 667.0532197574821 360.3338657451335 33113.76806640625 0.593017578125 978.3319354858077 18710
250 119.7 676.6601595133667 253.93832262906528 33113.76806640625 0.593017578125 955.0006523332248 20226
260 118.4 487.96026302028355 222.64644588697882 33113.76806640625 0.593017578125 939.4485088470011 21423
270 72 50.52939147949222 80.06272379592545 33113.76806640625 0.593017578125 915.8026432717884 22607
280 32.1 17.936367522147584 20.85814700029277 33113.76806640625 0.593017578125 889.0955338582138 23327
290 17.8 12.9181182518434 14.753892605542553 33113.76806640625 0.593017578125 877.2703438889193 23648
300 13.1 11.750984017175572 7.079666485766485 33113.76806640625 0.593017578125 870.8129151907157 23826
310 2.3 9.69088612432065 2.415521346819563 33113.76806640625 0.593017578125 866.1154525291248 23957
320 0.7 9.604422433035714 2.876795855622084 33113.76806640625 0.593017578125 865.2940277990451 23980
330 1.7 5.922549977022059 2.1364140866619 33113.76806640625 0.593017578125 865.0443164038076 23987
340 0 0 0 33113.76806640625 0.593017578125 864.4358732264515 24004
350 1.7 13.916460822610293 4.023379423144132 33113.76806640625 0.593017578125 864.4358732264515 24004
352 0 0 0 33113.76806640625 0.593017578125 863.8339486599945 24021
