10 0.1 100 0 100 100 0 0
20 0.1 296.0 0.0 296 100 100.0 1
30 0.1 656.0 0.0 656 100 198.0 2
40 0.1 758.0 0.0 758 100 350.6666666666667 3
50 0.1 722.0 0.0 758 100 452.5 4
60 0.1 979.0 0.0 979 100 506.4 5
70 0.1 964.0 0.0 979 100 585.1666666666666 6
80 0.1 1171.0 0.0 1171 100 639.2857142857143 7
90 0.1 1250.0 0.0 1250 100 705.75 8
100 0.1 1319.0 0.0 1319 100 766.2222222222222 9
110 0.1 1933.0 0.0 1933 100 821.5 10
120 0.1 2236.0 0.0 2236 100 922.5454545454545 11
130 0.1 3296.0 0.0 3296 100 1032.0 12
140 0.1 4039.0 0.0 4039 100 1206.1538461538462 13
150 0.1 5102.0 0.0 5102 100 1408.5 14
160 0.1 5557.0 0.0 5557 100 1654.7333333333333 15
170 0.1 6113.0 0.0 6113 100 1898.625 16
180 0.1 7120.0 0.0 7120 100 2146.529411764706 17
190 0.1 8436.0 0.0 8436 100 2422.8333333333335 18
200 0.1 8922.0 0.0 8922 100 2739.315789473684 19
210 0.1 9167.0 0.0 9167 100 3048.45 20
220 0.1 9219.0 0.0 9219 100 3339.809523809524 21
230 0.1 10891.0 0.0 10891 100 3607.0454545454545 22
240 0.1 9208.0 0.0 10891 100 3923.7391304347825 23
250 0.1 8022.0 0.0 10891 100 4143.916666666667 24
260 0.1 7725.0 0.0 10891 100 4299.04 25
270 0.1 6726.0 0.0 10891 100 4430.807692307692 26
280 0.1 2702.0 0.0 10891 100 4515.814814814815 27
290 0.1 1511.0 0.0 10891 100 4451.035714285715 28
300 0.1 737.0 0.0 10891 100 4349.6551724137935 29
310 0.1 456.0 0.0 10891 100 4229.233333333334 30
320 0.1 80.0 0.0 10891 80 4107.5161290322585 31
330 0.1 78.0 0.0 10891 78 3981.6562500000005 32
340 0.1 0.0 0.0 10891 0 3863.363636363637 33
350 0.1 0.0 0.0 10891 0 3749.7352941176473 34
