20 0.1 29.010009765625 0 29.010009765625 29.010009765625 0 0
30 0.5 14.04716796875 9.32611480395046 32.67919921875 8.67919921875 29.010009765625 1
40 0.1 9.123046875 0.0 32.67919921875 8.67919921875 16.540974934895832 6
50 0.4 10.04803466796875 1.6072797874698572 32.67919921875 8.4111328125 15.481270926339286 7
60 0.4 9.04547119140625 1.8829495817355806 32.67919921875 7.408935546875 13.505548650568182 11
70 0.5 13.215625 3.7038915827375667 32.67919921875 7.408935546875 12.316194661458333 15
80 0.4 11.32415771484375 3.5201627411419087 32.67919921875 7.408935546875 12.54105224609375 20
90 0.4 9.031005859375 1.0355257058758875 32.67919921875 7.408935546875 12.338236490885416 24
100 0.9 56.326931423611114 116.93371992229925 385.4560546875 7.408935546875 11.865774972098214 28
110 0.4 19.6903076171875 8.432935915226398 385.4560546875 7.408935546875 22.68065086570946 37
120 0.8 30.229827880859375 36.844231355258664 385.4560546875 7.408935546875 22.38891006097561 41
130 1.6 34.98908996582031 30.262350985854486 385.4560546875 7.408935546875 23.6690599091199 49
140 2 173.43623046874995 101.86348860894991 385.4560546875 7.408935546875 26.455528846153847 65
150 2 465.053564453125 114.03058936103076 738.485107421875 7.408935546875 61.039223345588226 85
160 2.3 891.045017408288 605.5362038100565 1482.715087890625 0.7919921875 137.9943359375 105
170 3.6 722.2461480034722 592.808596831336 1494.52685546875 0.7919921875 273.3081302642822 128
180 5 546.5318310546872 510.6069467827522 1494.52685546875 0.737060546875 371.85550001190927 164
190 5.5 428.1374334161932 509.36458032496705 1494.52685546875 0.719970703125 412.66772689106296 214
200 7 494.6376255580357 425.3306627710428 1494.52685546875 0.719970703125 415.8306780393238 269
210 4.7 392.97816240026594 392.7872928324128 1494.52685546875 0.719970703125 432.1034990608867 339
220 4.3 491.6839968659157 385.8160556118412 1494.52685546875 0.719970703125 427.339533198065 386
230 5.2 409.7588219275841 341.4009749936437 1494.52685546875 0.719970703125 433.7889782743298 429
240 4.8 547.5193176269532 200.7430978447417 1494.52685546875 0.719970703125 431.19112353414107 481
250 2.8 550.7291085379464 92.64358605325917 1494.52685546875 0.719970703125 441.7464228091032 529
260 1.8 405.4989420572917 90.48300568777394 1494.52685546875 0.719970703125 447.2249061132461 557
270 0.9 9.826253255208334 7.380342157012513 1494.52685546875 0.719970703125 445.9187020210597 575
280 0.3 9.07275390625 1.5663783323823661 1494.52685546875 0.719970703125 439.19809921473666 584
290 0 0 0 1494.52685546875 0.719970703125 436.999843616908 587
300 0 0 0 1494.52685546875 0.719970703125 436.999843616908 587
310 0 0 0 1494.52685546875 0.719970703125 436.999843616908 587
320 0 0 0 1494.52685546875 0.719970703125 436.999843616908 587
330 0 0 0 1494.52685546875 0.719970703125 436.999843616908 587
340 0 0 0 1494.52685546875 0.719970703125 436.999843616908 587
350 0 0 0 1494.52685546875 0.719970703125 436.999843616908 587
352 0 0 0 1494.52685546875 0.719970703125 436.999843616908 587
