10 0.7 25.248709542410715 30.79358446345946 99.009033203125 8.406005859375 0 0
20 0.8 10.587615966796875 2.4472502792056883 99.009033203125 7.568115234375 25.248709542410715 7
30 0.4 8.74951171875 1.037824868849573 99.009033203125 7.568115234375 17.429459635416666 15
40 1 9.1528564453125 0.9507600959048202 99.009033203125 7.568115234375 15.602102179276315 19
50 0.4 9.17803955078125 0.6766244638581108 99.009033203125 7.568115234375 13.378224339978448 29
60 0.8 9.5128173828125 1.3570439807512105 99.009033203125 7.568115234375 12.869111032196969 33
70 1.2 10.943216959635416 3.4586044933759332 99.009033203125 7.568115234375 12.214224466463415 41
80 0.9 10.99392361111111 4.002693852734527 99.009033203125 7.4140625 11.926449181898585 53
90 1.4 10.231410435267858 2.2876801371039712 99.009033203125 7.4140625 11.791082566784274 62
100 1.2 14.782755533854166 5.564088923824711 99.009033203125 7.4140625 11.503774542557565 76
110 2 14.71187744140625 10.642804189658825 99.009033203125 7.4140625 11.950908314098012 88
120 3.5 17.568003627232144 14.539199229602747 99.009033203125 7.4140625 12.462198893229166 108
130 2.5 27.999130859375 17.63097723433525 99.009033203125 7.4140625 13.711871380572552 143
140 2.7 129.04021990740742 89.55075037776709 251.197998046875 7.4140625 15.83795166015625 168
150 5.4 530.4474645543982 180.67830354941952 989.60302734375 7.4140625 31.51211187900641 195
160 6.1 942.3264920594263 530.8716322975328 1513.85107421875 0.81005859375 139.71495944716366 249
170 8.5 696.4287999770221 623.3137172024549 1634.01416015625 0.739990234375 297.6481965095766 310
180 10.4 442.6092857947716 510.2220078014555 1634.01416015625 0.739990234375 383.4617440911788 395
190 13.1 489.6398608957539 493.9092271352968 1634.01416015625 0.739990234375 395.7890874522482 499
200 7.5 505.9439876302083 447.5541526324699 1634.01416015625 0.70703125 415.30408954923115 630
210 9 451.44622667100697 407.0339896820336 1634.01416015625 0.70703125 424.9466318982713 705
220 7.9 390.4285625988923 392.04576893047965 1634.01416015625 0.70703125 427.94658602348665 795
230 5.3 401.98373470666274 355.30659031679886 1634.01416015625 0.70703125 424.5553688031858 874
240 2.9 590.98332266972 130.06892887995386 1634.01416015625 0.70703125 423.2648654513889 927
250 0.4 516.4127807617188 105.81671540216456 1634.01416015625 0.70703125 428.3525592373006 956
260 0 0 0 1634.01416015625 0.70703125 428.71947682698567 960
270 0 0 0 1634.01416015625 0.70703125 428.71947682698567 960
280 0 0 0 1634.01416015625 0.70703125 428.71947682698567 960
290 0 0 0 1634.01416015625 0.70703125 428.71947682698567 960
300 0 0 0 1634.01416015625 0.70703125 428.71947682698567 960
310 0 0 0 1634.01416015625 0.70703125 428.71947682698567 960
320 0 0 0 1634.01416015625 0.70703125 428.71947682698567 960
330 0 0 0 1634.01416015625 0.70703125 428.71947682698567 960
340 0 0 0 1634.01416015625 0.70703125 428.71947682698567 960
350 0 0 0 1634.01416015625 0.70703125 428.71947682698567 960
352 0 0 0 1634.01416015625 0.70703125 428.71947682698567 960
