30 0.2 9.83837890625 0.656494140625 10.494873046875 9.181884765625 0 0
40 0.3 10.893961588541666 1.6702696360666964 13.092041015625 9.0458984375 9.83837890625 2
50 0.6 12.516682942708334 6.470682153022675 26.760009765625 8.364013671875 10.471728515625 5
60 0.7 10.695347377232142 2.3731323565106797 26.760009765625 8.364013671875 11.587158203125 11
70 0.6 11.10888671875 1.8337213112932256 26.760009765625 8.364013671875 11.240342881944445 18
80 0.7 12.114013671875 2.0974997471959114 26.760009765625 8.364013671875 11.207478841145834 24
90 0.7 15.319580078125 6.657437469972949 26.760009765625 8.364013671875 11.41218025453629 31
100 1.2 15.645670572916666 8.153662703797277 36.83203125 8.364013671875 12.13196443256579 38
110 0.8 11.782928466796875 1.8249012792905384 36.83203125 8.364013671875 12.97525390625 50
120 1.3 20.173170823317307 26.04513725076793 108.801025390625 8.364013671875 12.810795224946121 58
130 1 34.9218017578125 39.6138783089388 137.5380859375 8.364013671875 14.158835827464788 71
140 1.2 171.63448079427084 93.37526410250577 349.148193359375 8.364013671875 16.72216495466821 81
150 2.3 513.7041864809783 156.59160836606932 820.681884765625 8.364013671875 36.71085086945565 93
160 1.9 937.2208444695724 503.0762729358061 1480.81494140625 0.98486328125 131.2871156889817 116
170 2.1 825.6670386904761 554.3878533733928 1584.72119140625 0.864013671875 244.71482566550927 135
180 3.1 589.9335307459676 509.2503724890098 1584.72119140625 0.864013671875 322.91993126502405 156
190 4.4 625.7858886718751 476.23555854760167 1584.72119140625 0.8271484375 367.1842178099933 187
200 6.4 424.11507415771484 414.759669209507 1584.72119140625 0.8271484375 416.4416789265422 231
210 8.3 478.07374223456327 417.5805265296367 1584.72119140625 0.791015625 418.1064155190678 295
220 9.7 521.7603168290916 382.8426490633675 1584.72119140625 0.783935546875 431.2738444010417 378
230 11.2 469.02137538364957 338.03488162248556 1584.72119140625 0.73583984375 449.7521345600329 475
240 9.6 588.8115488688153 186.6056914295343 1584.72119140625 0.73583984375 453.4287188398371 587
250 7.8 539.7134853265226 78.71408344457771 1584.72119140625 0.73583984375 472.4576378483025 683
260 8.2 354.0944853991996 100.32900271904674 1584.72119140625 0.73583984375 479.3511412691976 761
270 6 36.155342610677074 53.876356098500494 1584.72119140625 0.73583984375 467.1672198203959 843
280 3 13.279654947916667 10.819637920542945 1584.72119140625 0.73583984375 438.5285568828731 903
290 1.6 7.777969360351561 3.376946678143057 1584.72119140625 0.73583984375 424.85495874991625 933
300 0.5 9.552880859375 2.8876426265220356 1584.72119140625 0.73583984375 417.8231022375527 949
310 0.4 8.74578857421875 2.4781888103026586 1584.72119140625 0.73583984375 415.6833212030759 954
320 0.2 11.4534912109375 1.0155029296875 1584.72119140625 0.73583984375 413.9842083319742 958
330 0 0 0 1584.72119140625 0.73583984375 413.1456026713053 960
340 0 0 0 1584.72119140625 0.73583984375 413.1456026713053 960
350 0 0 0 1584.72119140625 0.73583984375 413.1456026713053 960
352 0 0 0 1584.72119140625 0.73583984375 413.1456026713053 960
