10 0.3 14.005777994791666 3.3590298990425156 17.208984375 9.3662109375 0 0
20 0.1 9.772216796875 0.0 17.208984375 9.3662109375 14.005777994791666 3
30 0 0 0 17.208984375 9.3662109375 12.9473876953125 4
40 0 0 0 17.208984375 9.3662109375 12.9473876953125 4
50 0.3 11.690348307291666 2.009031747728435 17.208984375 9.3662109375 12.9473876953125 4
60 0.1 9.239990234375 0.0 17.208984375 9.239990234375 12.408656529017858 7
70 0.2 10.5164794921875 0.6014404296875 17.208984375 9.239990234375 12.0125732421875 8
80 0.3 11.794026692708334 3.076821874875842 17.208984375 9.239990234375 11.7133544921875 10
90 0.2 16.0921630859375 5.6839599609375 21.776123046875 9.239990234375 11.731971153846153 13
100 0.6 24.701822916666668 11.059418692467617 42.9228515625 9.239990234375 12.313330078125 15
110 0.7 19.525181361607142 10.115195074421875 42.9228515625 9.119140625 15.852899460565476 21
120 0.4 11.20477294921875 1.736191437386217 42.9228515625 9.119140625 16.770969935825892 28
130 1 30.173974609375 20.87849197767476 60.6259765625 9.119140625 16.0751953125 32
140 1.4 187.98990304129464 105.21531222739142 462.4619140625 9.119140625 19.432047526041668 42
150 1.3 570.8746431790865 133.93094255595258 832.733154296875 9.119140625 61.57151140485491 56
160 1.6 762.0733184814453 605.9024977513653 1517.822998046875 0.77001953125 157.52717391304347 69
170 3.3 811.4734996448864 559.4400907149139 1562.14208984375 0.764892578125 271.32409524356615 85
180 3.2 439.40810394287115 502.5824875986779 1562.14208984375 0.7421875 422.38282698291846 118
190 4.4 530.4706198952415 489.3667089194224 1562.14208984375 0.7421875 426.01488606770835 150
200 3.7 499.9109744510135 445.3240547864565 1562.14208984375 0.7421875 449.705877245087 194
210 3 508.8457682291666 400.112003618876 1562.14208984375 0.7421875 457.7473863213609 231
220 2.1 228.9970238095238 322.91047683570673 1562.14208984375 0.7421875 463.6207635521432 261
230 3 477.21140950520834 316.1154288012382 1562.14208984375 0.73291015625 446.14878293301194 282
240 2.7 567.4695457175925 128.40770775764946 1562.14208984375 0.73291015625 449.13557394956933 312
250 0.8 557.7327575683594 67.9362507587202 1562.14208984375 0.73291015625 458.5604035594119 339
260 0.1 642.4990234375 0.0 1562.14208984375 0.73291015625 460.8467978881484 347
270 0.1 14.791015625 0.0 1562.14208984375 0.73291015625 461.3687870420259 348
280 0.1 10.64306640625 0.0 1562.14208984375 0.73291015625 460.0891945737822 349
290 0 0 0 1562.14208984375 0.73291015625 458.8050627790179 350
300 0 0 0 1562.14208984375 0.73291015625 458.8050627790179 350
310 0 0 0 1562.14208984375 0.73291015625 458.8050627790179 350
320 0 0 0 1562.14208984375 0.73291015625 458.8050627790179 350
330 0 0 0 1562.14208984375 0.73291015625 458.8050627790179 350
340 0 0 0 1562.14208984375 0.73291015625 458.8050627790179 350
350 0 0 0 1562.14208984375 0.73291015625 458.8050627790179 350
352 0 0 0 1562.14208984375 0.73291015625 458.8050627790179 350
