20 1.6 10.407196044921875 2.37001645640773 15.2138671875 8.748046875 0 0
30 0.8 11.66424560546875 7.4843982562279185 31.4609375 8.656005859375 10.407196044921875 16
40 0 0 0 31.4609375 8.656005859375 10.826212565104166 24
50 0.8 9.96685791015625 2.330376060828078 31.4609375 8.656005859375 10.826212565104166 24
60 1.6 11.00872802734375 2.54377158554746 31.4609375 8.616943359375 10.611373901367188 32
70 1.6 10.554367065429688 2.180256562001925 31.4609375 8.616943359375 10.743825276692709 48
80 1.6 12.567779541015625 2.65842585345279 31.4609375 8.5859375 10.696460723876953 64
90 0 0 0 31.4609375 8.5859375 11.070724487304688 80
100 1.6 20.76141357421875 12.109877974154932 49.5859375 8.5859375 11.070724487304688 80
110 3.2 11.941909790039063 3.6836199996845775 49.5859375 8.5859375 12.685839335123697 96
120 2.7 21.91267903645833 18.198461456868724 95.00390625 8.5859375 12.499856948852539 128
130 4.8 26.639485677083332 22.094638907093003 130.175048828125 8.5859375 14.139509828629032 155
140 3.9 68.56194911858974 73.93950516482128 342.592041015625 8.5859375 17.09516914254926 203
150 3.7 541.0798669763514 160.29018218162994 888.990966796875 8.5859375 25.38940227918388 242
160 7.1 408.632568359375 560.5193492193592 1504.69189453125 0.125 93.77846032146057 279
170 9.5 440.2045050370068 580.4112978800487 1507.466064453125 0.111083984375 157.64886509486607 350
180 15.4 283.60377086292624 459.86703650623565 1507.466064453125 0.111083984375 217.96973204880624 445
190 11.8 393.67954060182745 541.1319121253725 3110.9169921875 0.111083984375 234.8439256671276 599
200 11.5 541.9975522248639 662.0959037236079 5974.080078125 0.111083984375 260.9842360747909 717
210 16.3 485.52963987011117 693.8978737610258 5974.080078125 0.111083984375 299.826220879188 832
220 25.2 1525.4807157970617 1774.4867900975607 18183.97119140625 0.111083984375 330.2479870053392 995
230 41.2 584.0378832770783 572.9573948635922 18183.97119140625 0.080078125 571.7865977956473 1247
240 19.8 509.959751321812 236.6418432950624 18183.97119140625 0.080078125 574.8291111279857 1659
250 20.1 524.2354803132773 83.30573535581007 18183.97119140625 0.080078125 567.9125073360512 1857
260 29.7 349.42840761126905 103.11092699334534 18183.97119140625 0.080078125 563.6466752507366 2058
270 16.8 38.51922316778274 51.94280444626156 18183.97119140625 0.080078125 536.6306134720012 2355
280 5.6 9.992427280970983 6.70492203101116 18183.97119140625 0.080078125 503.4626730950259 2523
290 5.1 6.350562002144608 3.23508178804099 18183.97119140625 0.080078125 492.7475378621499 2579
300 4.5 8.153998480902779 2.2497302911483965 18183.97119140625 0.080078125 483.315505250416 2630
310 0 0 0 18183.97119140625 0.080078125 475.3221341084989 2675
320 0 0 0 18183.97119140625 0.080078125 475.3221341084989 2675
330 0.8 3.51556396484375 0.3076517903075909 18183.97119140625 0.080078125 475.3221341084989 2675
340 0 0 0 18183.97119140625 0.080078125 473.91533106669897 2683
350 0.8 9.3214111328125 0.17849013232089278 18183.97119140625 0.080078125 473.91533106669897 2683
352 0 0 0 18183.97119140625 0.080078125 472.53415256076397 2691
