30 0.1 76.243896484375 0 76.243896484375 76.243896484375 0 0
40 0.2 62.9381103515625 2.4879150390625 76.243896484375 60.4501953125 76.243896484375 1
50 0.4 76.45269775390625 12.74562924909724 87.94091796875 55.22900390625 67.37337239583333 3
60 0.4 59.5626220703125 5.329671071893117 87.94091796875 54.149169921875 72.56155831473214 7
70 0.2 65.6474609375 2.060546875 87.94091796875 54.149169921875 67.83467240767045 11
80 0.2 65.907958984375 4.3291015625 87.94091796875 54.149169921875 67.49817833533653 13
90 0.4 85.40020751953125 22.222773159787078 111.030029296875 54.149169921875 67.28614908854166 15
100 0.8 99.50802612304688 29.593947680929283 153.1201171875 54.149169921875 71.09963507401316 19
110 0.4 83.56585693359375 2.810026996212846 153.1201171875 54.149169921875 79.51693612557871 27
120 0.5 103.612158203125 28.51745122861065 153.1201171875 54.149169921875 80.0393775201613 31
130 1 173.4794189453125 101.74768765813404 330.607177734375 54.149169921875 83.31337483723958 36
140 1.6 393.52024841308594 158.92949072086938 678.631103515625 54.149169921875 102.91468877377717 46
150 1.4 739.623517717634 143.32103064281677 1025.3671875 54.149169921875 177.909671906502 62
160 1.8 1145.4687499999998 544.5017608690465 1727.967041015625 0.94189453125 281.3832750822368 76
170 2.5 620.9156445312499 712.8193566215134 1811.625 0.739990234375 446.84645113031917 94
180 3.2 568.2182464599609 586.3796813600015 1811.625 0.739990234375 483.4156094078256 119
190 2.8 738.698224748884 527.4949100354421 1811.625 0.739990234375 501.38702918046357 151
200 5.4 536.0120985243054 482.5110152892568 1811.625 0.739990234375 538.5083335151885 179
210 6.2 482.9384883757561 438.7145928071292 1811.625 0.73583984375 537.9298069507778 233
220 5.4 408.42722800925924 418.47206798875476 1811.625 0.73583984375 526.3723094875529 295
230 5.4 467.7900390625 340.07687353352173 1811.625 0.73193359375 508.1229272530891 349
240 4.4 631.9511496803979 220.4115630968812 1811.625 0.73193359375 502.718520398767 403
250 4.9 617.0014847735966 124.73805979164162 1811.625 0.73193359375 515.439405607697 447
260 3.9 460.75385616987177 156.84584824186774 1811.625 0.73193359375 525.4727561704573 496
270 2.3 69.2394913383152 86.1876761314263 1811.625 0.73193359375 520.7549298152744 535
280 2 40.1528564453125 36.89360347769921 1811.625 0.73193359375 502.14407840851806 558
290 0.6 51.370524088541664 35.27626371180018 1811.625 0.73193359375 486.15822297726527 578
300 0.3 22.873697916666668 24.98378755781298 1811.625 0.73193359375 481.6912260708743 584
310 0 0 0 1811.625 0.73193359375 479.3463324005802 587
320 0 0 0 1811.625 0.73193359375 479.3463324005802 587
330 0 0 0 1811.625 0.73193359375 479.3463324005802 587
340 0 0 0 1811.625 0.73193359375 479.3463324005802 587
350 0 0 0 1811.625 0.73193359375 479.3463324005802 587
352 0 0 0 1811.625 0.73193359375 479.3463324005802 587
