0 0.1 0.0 0 0.0 0.0 0 0
10 0.1 0.0 0.0 0.0 0.0 0.0 1
20 0.1 0.0 0.0 0.0 0.0 0.0 2
30 0.1 0.0 0.0 0.0 0.0 0.0 3
40 0.1 0.0 0.0 0.0 0.0 0.0 4
50 0.1 0.0703125 0.0 0.0703125 0.0 0.0 5
60 0.1 0.05859375 0.0 0.0703125 0.0 0.01171875 6
70 0.1 0.05078125 0.0 0.0703125 0.0 0.018415178571428572 7
80 0.1 0.0390625 0.0 0.0703125 0.0 0.0224609375 8
90 0.1 0.0390625 0.0 0.0703125 0.0 0.024305555555555556 9
100 0.1 0.03125 0.0 0.0703125 0.0 0.02578125 10
110 0.1 0.03125 0.0 0.0703125 0.0 0.026278409090909092 11
120 0.1 0.01953125 0.0 0.0703125 0.0 0.026692708333333332 12
130 0.1 0.01953125 0.0 0.0703125 0.0 0.026141826923076924 13
140 0.1 0.01953125 0.0 0.0703125 0.0 0.025669642857142856 14
150 0.1 0.01171875 0.0 0.0703125 0.0 0.025260416666666667 15
160 0.1 0.01171875 0.0 0.0703125 0.0 0.0244140625 16
170 0.1 0.078125 0.0 0.078125 0.0 0.023667279411764705 17
180 0.1 0.0703125 0.0 0.078125 0.0 0.026692708333333332 18
190 0.1 0.05859375 0.0 0.078125 0.0 0.028988486842105265 19
200 0.1 0.05078125 0.0 0.078125 0.0 0.03046875 20
210 0.1 0.12109375 0.0 0.12109375 0.0 0.031436011904761904 21
220 0.1 0.1015625 0.0 0.12109375 0.0 0.03551136363636364 22
230 0.1 0.078125 0.0 0.12109375 0.0 0.03838315217391305 23
240 0.1 0.0703125 0.0 0.12109375 0.0 0.04003906250000001 24
250 0.1 0.05859375 0.0 0.12109375 0.0 0.04125000000000001 25
260 0.1 0.05078125 0.0 0.12109375 0.0 0.04191706730769232 26
270 0.1 0.0390625 0.0 0.12109375 0.0 0.04224537037037038 27
280 0.1 0.0390625 0.0 0.12109375 0.0 0.04213169642857144 28
290 0.1 0.03125 0.0 0.12109375 0.0 0.042025862068965525 29
300 0.1 0.03125 0.0 0.12109375 0.0 0.04166666666666667 30
310 0.1 0.01953125 0.0 0.12109375 0.0 0.04133064516129033 31
320 0.1 0.01953125 0.0 0.12109375 0.0 0.04064941406250001 32
330 0.1 0.01953125 0.0 0.12109375 0.0 0.0400094696969697 33
340 0.1 0.01171875 0.0 0.12109375 0.0 0.039407169117647065 34
348 0.1 0.01171875 0.0 0.12109375 0.0 0.03861607142857144 35
