0 4.27890625 4.27890625
10 24.01640625 28.2953125
20 30.9078125 59.203125
30 55.8046875 115.0078125
40 102.5671875 217.575
50 209.64296875 427.21796875
60 231.99296875 659.2109375
70 251.05078125 910.26171875
80 266.31484375 1176.5765625
90 267.04375 1443.6203125
100 287.5625 1731.1828125
110 319.41015625 2050.59296875
120 299.478125 2350.07109375
130 398.415625 2748.48671875
140 563.765625 3312.25234375
150 679.74765625 3992
160 907.7234375 4899.7234375
170 1046.565625 5946.2890625
180 1119.509375 7065.7984375
190 1184.95703125 8250.75546875
200 1159.7421875 9410.49765625
210 1428.57109375 10839.06875
220 1567.809375 12406.878125
230 1573.97890625 13980.85703125
240 1163.71953125 15144.5765625
250 1055.0453125 16199.621875
260 816.22890625 17015.85078125
270 695.79609375 17711.646875
280 625.76953125 18337.41640625
290 259.30625 18596.72265625
300 101.3171875 18698.03984375
310 72.70234375 18770.7421875
320 28.0890625 18798.83125
330 7.64609375 18806.47734375
340 14.5453125 18821.02265625
348 21.8890625 18842.91171875
