0 24.80234375 24.80234375
10 51.9953125 76.79765625
20 47.02109375 123.81875
30 88.184375 212.003125
40 286.01953125 498.02265625
50 363.96328125 861.9859375
60 301.1515625 1163.1375
70 485.59375 1648.73125
80 510.0328125 2158.7640625
90 571.9453125 2730.709375
100 570.9734375 3301.6828125
110 552.159375 3853.8421875
120 606.06015625 4459.90234375
130 641.95 5101.85234375
140 750.78046875 5852.6328125
150 835.60546875 6688.23828125
160 965.79375 7654.03203125
170 1093.79921875 8747.83125
180 1159.5109375 9907.3421875
190 1364.4609375 11271.803125
200 1356.3171875 12628.1203125
210 1436.40078125 14064.52109375
220 1482.0734375 15546.59453125
230 1437.684375 16984.27890625
240 1150.33828125 18134.6171875
250 998.6203125 19133.2375
260 874.61875 20007.85625
270 797.3984375 20805.2546875
280 814.32265625 21619.57734375
290 415.50234375 22035.0796875
300 120.62109375 22155.70078125
310 98.86640625 22254.5671875
320 20.68125 22275.2484375
330 3.59375 22278.8421875
340 42.25234375 22321.09453125
348 66.52421875 22387.61875
