20 0.1 52.137939453125 0 52.137939453125 52.137939453125 0 0
30 0.2 569.5625 559.571533203125 1129.134033203125 9.990966796875 52.137939453125 1
40 0.2 182.007568359375 12.95654296875 1129.134033203125 9.990966796875 397.087646484375 3
50 0.5 30.0513671875 28.558038792864398 1129.134033203125 8.259033203125 311.055615234375 5
60 0.7 46.52089146205357 73.45921529880903 1129.134033203125 8.14013671875 170.5534912109375 10
70 0.7 85.394287109375 94.81310741055047 1129.134033203125 7.781982421875 119.48124425551471 17
80 0.5 92.067431640625 73.8200362576538 1129.134033203125 7.781982421875 109.53921508789063 24
90 0.5 40.12734375 29.076910217836488 1129.134033203125 7.781982421875 106.52683863146552 29
100 0.8 315.0720520019531 172.4230877257383 1129.134033203125 7.781982421875 96.76220703125 34
110 0.6 983.0516764322916 395.29154690209606 1715.16796875 7.781982421875 138.34503464471726 42
120 0.5 2404.81640625 167.91762182149432 2606.777099609375 7.781982421875 243.93336486816406 48
130 0.3 4.612060546875 2.7421480340825615 2606.777099609375 0.735107421875 447.79025556456367 53
140 1.1 2214.058283025568 1725.7002615212393 4258.614013671875 0.692138671875 424.04856654575894 56
150 2.8 1824.5459943498884 1482.0785951940115 4258.614013671875 0.669921875 717.930758803638 67
160 2.2 578.2712291370739 1060.2250704871153 4258.614013671875 0.64892578125 1044.0910387541119 95
170 3.7 801.1867081925676 1166.4489956337027 4258.614013671875 0.6279296875 956.5009890825321 117
180 4.2 498.171834309896 1014.9173390880035 4258.614013671875 0.6279296875 919.1852202972808 154
190 5.6 547.8060215541298 1034.0404963894648 4258.614013671875 0.625 828.9680661571269 196
200 5 748.466572265625 872.0291800847777 4258.614013671875 0.625 766.4876118009053 252
210 7.5 409.0779557291666 768.4611467364757 4258.614013671875 0.625 763.5039959838059 302
220 5.9 1086.0020234706037 3212.435975925044 17941.783203125 0.625 692.9948367819546 377
230 4.8 600.4099222819009 735.8800110366775 17941.783203125 0.619873046875 746.177001953125 436
240 3.9 557.6925643529648 606.9863822646395 17941.783203125 0.619873046875 731.7207626468879 484
250 2.4 713.8854370117188 504.82770655686903 17941.783203125 0.619873046875 718.7435165025992 523
260 1.6 965.4869995117188 376.73078420721714 17941.783203125 0.619873046875 718.5303649344436 547
270 0.3 980.4300130208334 118.59751535390271 17941.783203125 0.619873046875 725.5486707128385 563
280 0.1 370.240966796875 0.0 17941.783203125 0.619873046875 726.8996318911495 566
290 0.3 5.530598958333333 2.324969620432113 17941.783203125 0.619873046875 726.2706042631173 567
300 0 0 0 17941.783203125 0.619873046875 722.4772358141447 570
310 0 0 0 17941.783203125 0.619873046875 722.4772358141447 570
320 0 0 0 17941.783203125 0.619873046875 722.4772358141447 570
330 0 0 0 17941.783203125 0.619873046875 722.4772358141447 570
340 0 0 0 17941.783203125 0.619873046875 722.4772358141447 570
348 0 0 0 17941.783203125 0.619873046875 722.4772358141447 570
