10 0.2 20.5054931640625 6.7376708984375 27.2431640625 13.767822265625 0 0
20 0 0 0 27.2431640625 13.767822265625 20.5054931640625 2
30 0.5 33.82314453125 36.4273083282684 106.14990234375 10.06494140625 20.5054931640625 2
40 0.4 21.64007568359375 17.058111100873596 106.14990234375 10.06494140625 30.018101283482142 7
50 0.7 113.65642438616071 190.40434280006644 575.218994140625 10.06494140625 26.971546519886363 11
60 0.9 52.784695095486114 48.81001228135109 575.218994140625 10.06494140625 60.682332356770836 18
70 0.9 51.058430989583336 53.6655918951842 575.218994140625 10.06494140625 58.04978660300926 27
80 0.6 91.86629231770833 59.27083020000752 575.218994140625 10.06494140625 56.30194769965278 36
90 0.7 146.59218052455358 93.47422158542177 575.218994140625 10.06494140625 61.382568359375 42
100 0.7 585.2547084263393 186.62322744417588 922.882080078125 10.06494140625 73.55537009725765 49
110 1.2 1349.2029825846355 631.2460176388738 2387.198974609375 10.06494140625 137.51778738839286 56
120 1 2415.72763671875 265.0363627733987 2909.1640625 10.06494140625 351.34458654067095 68
130 1.6 2246.7362365722656 1998.9125652613502 4870.39990234375 0.94482421875 616.0090801532452 78
140 3.3 1952.9115249171402 1747.6644165129019 4870.39990234375 0.863037109375 893.5796599692487 94
150 4.9 1229.0588179607778 1474.524793202311 4870.39990234375 0.65087890625 1168.8391209399606 127
160 4.7 1001.9018087184179 1275.162441332508 4870.39990234375 0.65087890625 1185.6048320423472 176
170 7.4 672.404468433277 1140.2985522780446 4870.39990234375 0.6318359375 1146.8871544808017 223
180 8.3 634.2590773249244 1160.5815924014005 4870.39990234375 0.6318359375 1028.665879169297 297
190 10.3 469.9806820767599 967.6178855402784 4870.39990234375 0.6318359375 942.5191303453947 380
200 11.7 699.0850861378208 1238.2213002503872 7955.955078125 0.587890625 841.7500616669902 483
210 9.7 545.9876193017075 1018.634487589374 7955.955078125 0.587890625 813.9303914388021 600
220 8.7 976.0843772449716 2668.6404066653895 17679.798095703125 0.587890625 776.6413686306267 697
230 8.6 907.4009754269622 3358.542956390686 31064.64990234375 0.587890625 798.7734371885962 784
240 4.7 612.6776460688167 622.8766464100709 31064.64990234375 0.587890625 809.5113317730783 870
250 2.5 813.69533203125 567.1383239551856 31064.64990234375 0.587890625 799.4228004447247 917
260 1.2 756.5152384440104 536.7191967733862 31064.64990234375 0.587890625 799.801583130142 942
270 0.3 1072.9063313802083 56.58668456701484 31064.64990234375 0.587890625 799.257100807046 954
280 0.1 1003.762939453125 0.0 31064.64990234375 0.587890625 800.1149353856453 957
290 0 0 0 31064.64990234375 0.587890625 800.3275115903086 958
300 0 0 0 31064.64990234375 0.587890625 800.3275115903086 958
310 0 0 0 31064.64990234375 0.587890625 800.3275115903086 958
320 0 0 0 31064.64990234375 0.587890625 800.3275115903086 958
330 0 0 0 31064.64990234375 0.587890625 800.3275115903086 958
340 0 0 0 31064.64990234375 0.587890625 800.3275115903086 958
348 0 0 0 31064.64990234375 0.587890625 800.3275115903086 958
