30 0.1 11.005126953125 0 11.005126953125 11.005126953125 0 0
40 0.4 232.4095458984375 210.7294735736603 506.833984375 10.552978515625 11.005126953125 1
50 0 0 0 506.833984375 10.552978515625 188.128662109375 5
60 0.4 31.9627685546875 23.574498396623618 506.833984375 9.695068359375 188.128662109375 5
70 0.1 69.067138671875 0.0 506.833984375 9.695068359375 118.72159830729167 9
80 0.2 46.728515625 3.929443359375 506.833984375 9.695068359375 113.75615234375 10
90 0.3 52.275716145833336 30.891420727068 506.833984375 9.695068359375 102.58487955729167 12
100 0.7 379.13040597098217 276.51292699724314 835.2890625 9.695068359375 92.523046875 15
110 0.5 1272.7888671875 564.0360285043105 2340.9619140625 9.695068359375 183.71629749644887 22
120 0.7 2253.2713448660716 350.7119651665255 2840.7490234375 9.695068359375 385.3964029947917 27
130 0 0 0 2840.7490234375 9.695068359375 769.958891027114 34
140 1.2 2152.3338012695313 1898.6494102275458 4688.552001953125 1.635009765625 769.958891027114 34
150 1.2 993.5159505208334 1397.8426290831044 4688.552001953125 0.6630859375 1130.5784328294837 46
160 1.6 1068.7217864990234 1220.45260610449 4688.552001953125 0.6630859375 1102.2206778690734 58
170 2.8 950.004150390625 1286.0186451084842 4688.552001953125 0.64208984375 1094.9776743296031 74
180 3.1 753.1449959047379 1269.9660361664296 4688.552001953125 0.64208984375 1055.1810206992952 102
190 3.5 464.3413853236607 1018.2096190518929 4688.552001953125 0.64208984375 984.78164649906 133
200 3.8 652.73972681949 839.2734338338479 4688.552001953125 0.64208984375 876.3565920875186 168
210 3 495.0241455078125 816.6781462505623 4688.552001953125 0.64208984375 835.1068790769114 206
220 3.5 692.2000837053571 891.9621391184348 4688.552001953125 0.6259765625 791.8760231147378 236
230 3.6 340.20028347439234 608.3541797383343 4688.552001953125 0.6259765625 779.0027468072532 271
240 1.3 709.0618426983172 663.7435276906774 4688.552001953125 0.6259765625 727.5470833545398 307
250 1.3 679.6748422475962 543.5115372329159 4688.552001953125 0.6259765625 726.7961204528808 320
260 0.8 804.7388000488281 477.74346598679233 4688.552001953125 0.6259765625 724.9565510334553 333
270 0.2 860.0660400390625 270.3499755859375 4688.552001953125 0.6259765625 726.8282753505315 341
280 0.1 770.0419921875 0.0 4688.552001953125 0.6259765625 727.6051719376367 343
290 0.1 9.60888671875 0.0 4688.552001953125 0.6259765625 727.7285347872003 344
300 0 0 0 4688.552001953125 0.6259765625 725.6470285609148 345
310 0 0 0 4688.552001953125 0.6259765625 725.6470285609148 345
320 0 0 0 4688.552001953125 0.6259765625 725.6470285609148 345
330 0 0 0 4688.552001953125 0.6259765625 725.6470285609148 345
340 0 0 0 4688.552001953125 0.6259765625 725.6470285609148 345
348 0 0 0 4688.552001953125 0.6259765625 725.6470285609148 345
