40 0.2 595.2794189453125 125.3475341796875 720.626953125 469.931884765625 0 0
50 0.2 229.3765869140625 43.3504638671875 720.626953125 186.026123046875 595.2794189453125 2
60 0.4 204.710693359375 123.27400621036044 720.626953125 103.809814453125 412.3280029296875 4
70 0.3 201.49609375 74.57055134669227 720.626953125 103.809814453125 308.51934814453125 8
80 0.6 366.7581787109375 283.60984636978156 983.6279296875 103.809814453125 279.3311878551136 11
90 0.9 416.0610080295139 218.44014677699133 983.6279296875 103.809814453125 310.18777286305146 17
100 0.4 984.8143310546875 107.94555837824507 1100.755126953125 103.809814453125 346.8362004206731 26
110 0.4 1704.3602905273438 512.4466428547781 2392.244140625 103.809814453125 431.899951171875 30
120 0.8 2983.565460205078 229.15220103016904 3444.983154296875 103.809814453125 581.601167566636 34
130 0.3 4465.821370442708 269.04001388135174 4841.56103515625 103.809814453125 1039.118175688244 42
140 1 2623.3211669921875 2234.4604264750506 5214.4541015625 2.85009765625 1267.5650553385417 45
150 1.1 1928.6128151633523 1800.188336387934 5214.4541015625 0.697998046875 1514.0661665482955 55
160 1.2 1101.8677775065103 1300.1656088902027 5214.4541015625 0.651123046875 1583.157274650805 66
170 2.5 811.479892578125 1292.8091951174652 5214.4541015625 0.651123046875 1509.1127366286057 78
180 2.9 579.2101966594828 1114.5548286703909 5214.4541015625 0.638916015625 1339.7843764221784 103
190 3.3 803.2045158617424 1233.1682532183693 5214.4541015625 0.6220703125 1172.6885338985558 132
200 3.8 535.4264301500823 773.3727962818402 5214.4541015625 0.6220703125 1098.7917302911933 165
210 6 676.5275512695313 1325.1591106174674 7398.251953125 0.6220703125 993.334186422414 203
220 6.6 562.7302135120739 947.6468763951929 7398.251953125 0.6220703125 921.0589084407677 263
230 5.3 238.46218584168633 572.6238297478654 7398.251953125 0.6220703125 849.1753404611512 329
240 5.2 794.111079289363 607.1689367966848 7398.251953125 0.6220703125 764.4428870715396 382
250 5.6 768.4112810407366 593.3114678914287 7398.251953125 0.6220703125 767.9976013464861 434
260 3.2 994.6648330688477 408.46922626304666 7398.251953125 0.6220703125 768.0448790258291 490
270 2.5 848.195712890625 218.29228492738935 7398.251953125 0.6220703125 781.9372900016463 522
280 1.2 497.61785888671875 268.48408963042846 7398.251953125 0.6220703125 784.9655543018739 547
290 0.5 53.466796875 91.55488097236086 7398.251953125 0.6220703125 778.7970885684537 559
300 0.3 99.459716796875 134.3331343128826 7398.251953125 0.6220703125 772.3668554860649 564
310 0.3 74.7216796875 49.35696848965923 7398.251953125 0.6220703125 768.8065002549051 567
320 0 0 0 7398.251953125 0.6220703125 765.1534222519188 570
330 0 0 0 7398.251953125 0.6220703125 765.1534222519188 570
340 0 0 0 7398.251953125 0.6220703125 765.1534222519188 570
348 0 0 0 7398.251953125 0.6220703125 765.1534222519188 570
