0 1 13.92060546875 33.30927195749146 113.465087890625 0.662841796875 0 0
10 0.8 0.9768981933593751 0.6959358372034644 113.465087890625 0.63916015625 13.92060546875 10
20 1.2 3.1634318033854165 3.429220019218934 113.465087890625 0.60400390625 8.1678466796875 18
30 1.2 1.2852376302083335 1.9808810638996952 113.465087890625 0.572021484375 6.166080729166667 30
40 1.5 0.7143229166666667 0.06825651829061781 113.465087890625 0.572021484375 4.771554129464286 42
50 1.1 1.2606534090909092 0.8492919282439678 113.465087890625 0.572021484375 3.7038617050438596 57
60 2 2.41927490234375 3.3395993535038713 113.465087890625 0.572021484375 3.308636833639706 68
70 1.5 2.31533203125 2.5059932884853047 113.465087890625 0.572021484375 3.106509121981534 88
80 1.9 0.7246736225328947 0.1399270487253777 113.465087890625 0.5458984375 2.9912891573118934 103
90 4.6 2.063163425611413 2.5688645174513014 113.465087890625 0.510009765625 2.6382916559938523 122
100 4.9 3.2230747767857144 3.4231414406525933 113.465087890625 0.4970703125 2.4808160691034224 168
110 3.3 4.312795928030304 4.035097859276965 113.465087890625 0.4970703125 2.64842287406394 217
120 5.4 2.394725658275463 2.8057437256514373 113.465087890625 0.4970703125 2.8681201171875 250
130 7 2.775913783482143 3.18442920612626 113.465087890625 0.4970703125 2.7840303119860197 304
140 8.5 2.8256979549632355 3.3399515836180695 113.465087890625 0.48583984375 2.782511175635027 374
150 18.1 2.5812664558874316 3.025114517885207 113.465087890625 0.470947265625 2.790508727362473 459
160 19.4 2.8582360965689437 3.455705338603567 113.465087890625 0.470947265625 2.7313323974609376 640
170 26.1 2.799955287655651 3.681545355518882 113.465087890625 0.470947265625 2.7608519629608814 834
180 32.1 2.4938660618672124 2.8483508020944157 113.465087890625 0.470947265625 2.7701724814497717 1095
190 38.1 2.714141445209976 3.112298124864325 113.465087890625 0.458984375 2.7075352210783015 1416
200 31.2 98.88918597881613 427.3694619194786 3004.27685546875 0.4560546875 2.7089358729392745 1797
210 23.8 3326.1832357454696 3795.8285962565938 15037.98095703125 0.4560546875 16.93759307210171 2109
220 20.8 1707.921927818885 4660.518743618696 15037.98095703125 0.4560546875 352.51512309181265 2347
230 13.9 1.543597543839928 2.4551004666898053 15037.98095703125 0.4560546875 462.85743831029833 2555
240 6.1 2.070372534579917 3.2388697673410296 15037.98095703125 0.453125 439.05542499680996 2694
250 11 1.933595969460228 2.9527261040739123 15037.98095703125 0.453125 429.37989388966076 2755
260 5.2 2.066504845252404 3.2442143876689564 15037.98095703125 0.453125 412.96834318417314 2865
270 0.9 1.1622992621527777 1.0217269228777899 15037.98095703125 0.453125 405.6433875470035 2917
280 0.4 1.7125244140625 1.9805820026407146 15037.98095703125 0.453125 404.39925569650325 2926
290 0.1 0.571044921875 0.0 15037.98095703125 0.453125 403.84951271864327 2930
300 0.2 0.761474609375 0.0224609375 15037.98095703125 0.453125 403.7119219756215 2931
310 0.3 0.6709798177083334 0.03686298871586475 15037.98095703125 0.453125 403.437151810353 2933
320 0 0 0 15037.98095703125 0.453125 403.02560599428426 2936
330 0 0 0 15037.98095703125 0.453125 403.02560599428426 2936
340 0 0 0 15037.98095703125 0.453125 403.02560599428426 2936
350 0 0 0 15037.98095703125 0.453125 403.02560599428426 2936
353 0.1 0.7939453125 0.0 15037.98095703125 0.453125 403.02560599428426 2936
