0 0.1 16.61974140994451 0 16.61974140994451 16.61974140994451 0 0
10 0.1 2.2660098522167487 0.0 16.61974140994451 2.2660098522167487 16.61974140994451 1
20 0.1 1.0880316518298714 0.0 16.61974140994451 1.0880316518298714 9.442875631080629 2
30 0.1 1.4792899408284024 0.0 16.61974140994451 1.0880316518298714 6.657927637997044 3
40 0.1 1.6831683168316833 0.0 16.61974140994451 1.0880316518298714 5.363268213704883 4
50 0.1 2.2682445759368837 0.0 16.61974140994451 1.0880316518298714 4.627248234330243 5
60 0.1 2.3785926660059467 0.0 16.61974140994451 1.0880316518298714 4.23408095793135 6
70 0.1 2.9585798816568047 0.0 16.61974140994451 1.0880316518298714 3.9690112019420063 7
80 0.1 2.2794846382556986 0.0 16.61974140994451 1.0880316518298714 3.8427072869063563 8
90 0.1 2.472799208704253 0.0 16.61974140994451 1.0880316518298714 3.6690158815007274 9
100 0.1 3.277060575968222 0.0 16.61974140994451 1.0880316518298714 3.54939421422108 10
110 0.1 3.6669970267591676 0.0 16.61974140994451 1.0880316518298714 3.5246366107435474 11
120 0.1 3.270564915758176 0.0 16.61974140994451 1.0880316518298714 3.5364999787448492 12
130 0.1 3.468780971258672 0.0 16.61974140994451 1.0880316518298714 3.516043435438182 13
140 0.1 3.2 0.0 16.61974140994451 1.0880316518298714 3.512667545139646 14
150 0.1 5.059523809523809 0.0 16.61974140994451 1.0880316518298714 3.4918230421303362 15
160 0.1 7.385229540918163 0.0 16.61974140994451 1.0880316518298714 3.5898043400924284 16
170 0.1 10.109018830525272 0.0 16.61974140994451 1.0880316518298714 3.813064646023354 17
180 0.1 10.358565737051793 0.0 16.61974140994451 1.0880316518298714 4.162839878495683 18
190 0.1 14.527363184079602 0.0 16.61974140994451 1.0880316518298714 4.488930713156531 19
200 0.1 17.722772277227723 0.0 17.722772277227723 1.0880316518298714 4.990852336702685 20
210 0.1 18.11023622047244 0.0 18.11023622047244 1.0880316518298714 5.597134238632448 21
220 0.1 13.126252505010019 0.0 18.11023622047244 1.0880316518298714 6.165911601443356 22
230 0.1 13.521695257315844 0.0 18.11023622047244 1.0880316518298714 6.468535118989734 23
240 0.1 12.636815920398009 0.0 18.11023622047244 1.0880316518298714 6.762416791419988 24
250 0.1 10.139165009940358 0.0 18.11023622047244 1.0880316518298714 6.99739275657911 25
260 0.1 10.557184750733137 0.0 18.11023622047244 1.0880316518298714 7.118230150939159 26
270 0.1 7.425742574257425 0.0 18.11023622047244 1.0880316518298714 7.245598839820417 27
280 0.1 6.521739130434782 0.0 18.11023622047244 1.0880316518298714 7.252032544621739 28
290 0.1 4.356435643564356 0.0 18.11023622047244 1.0880316518298714 7.22685001309805 29
300 0.1 2.178217821782178 0.0 18.11023622047244 1.0880316518298714 7.131169534113594 30
310 0.1 2.3692003948667324 0.0 18.11023622047244 1.0880316518298714 6.971396898231935 31
320 0.1 1.2845849802371543 0.0 18.11023622047244 1.0880316518298714 6.827578257501773 32
330 0.1 1.0869565217391304 0.0 18.11023622047244 1.0869565217391304 6.65960876425133 33
340 0.1 0.7920792079207921 0.0 18.11023622047244 0.7920792079207921 6.495707227706853 34
350 0.1 0.9881422924901186 0.0 18.11023622047244 0.7920792079207921 6.332746427141537 35
