0 2 154.11990966796876 254.8840171050888 1020.16796875 6.799072265625 0 0
10 2.4 43.85460408528647 61.96376196170128 1020.16796875 6.7080078125 154.11990966796876 20
20 5.4 538.0477430555555 1138.7282806847593 4307.656005859375 6.654052734375 93.97519753196023 44
30 7.3 66.44239953446062 90.60128139711135 4307.656005859375 6.097900390625 338.6682328204719 98
40 13 49.06143517127404 76.89651100622908 4307.656005859375 5.210205078125 222.45486539427998 171
50 14.6 54.39751946436215 93.79136286144141 4307.656005859375 5.210205078125 147.56733739098837 301
60 18 62.406412760416664 78.26459575244635 4307.656005859375 5.210205078125 117.13603220690017 447
70 18.6 95.09801983576953 162.57448957886487 4307.656005859375 5.210205078125 101.42417973422548 627
80 17 97.11750057444857 153.35630212243294 4307.656005859375 5.014892578125 99.97686639952337 813
90 26.1 199.68304560284957 287.02762407026495 4307.656005859375 5.012939453125 99.48236773191124 983
100 27.9 783.7681154093862 384.3437133933587 4307.656005859375 5.012939453125 120.50517876431873 1244
110 23.3 1950.881298408999 616.9373247419297 4307.656005859375 5.012939453125 242.00902598951492 1523
120 26.6 2431.011000095453 459.20678297526405 4307.656005859375 5.012939453125 468.75574550759006 1756
130 28.6 2878.0021656809977 342.1118413597546 4307.656005859375 5.012939453125 726.8961499192476 2022
140 46.2 2080.665737135586 1763.4461235010874 5787.52392578125 0.05615234375 993.454347712948 2308
150 77.1 1536.2947492982937 1634.5678732646386 5787.52392578125 0.05615234375 1174.7870776455322 2770
160 113.4 914.5951414293289 1273.2330689885798 5787.52392578125 0.05615234375 1253.4999877964158 3541
170 143.9 746.7453324859376 1125.097841591069 5787.52392578125 0.05615234375 1171.2929084851269 4675
180 167.5 651.5263730177246 1001.5980436126214 5787.52392578125 0.05615234375 1071.3707688281374 6114
190 219.5 508.23235080171554 858.4834526237101 5787.52392578125 0.05615234375 981.0845494184005 7789
200 212.1 869.4862301694732 1281.5781056665455 5787.52392578125 0.05615234375 877.127159998967 9984
210 222.8 1227.6577368690055 2215.1405412626304 12402.844970703125 0.05615234375 875.7883403237621 12105
220 218.7 1291.7288921619584 2904.5146782697498 20580.89404296875 0.05615234375 930.4848459752519 14333
230 227.3 488.61487691789506 757.8056273111874 20580.89404296875 0.05615234375 978.3081346562644 16520
240 165.3 666.1444968369535 786.2500856638728 20580.89404296875 0.055908203125 919.0800829966404 18793
250 159.3 677.3626239247394 667.1593277136279 20580.89404296875 0.055908203125 898.630971976296 20446
260 124.1 836.6260111867946 557.6804342026438 20580.89404296875 0.055908203125 882.6374841390016 22039
270 88.3 1027.9890899830996 410.29288627364826 20580.89404296875 0.055908203125 880.1847247775889 23280
280 81 469.4526623384455 274.3171217300911 20580.89404296875 0.055908203125 885.5860099854052 24163
290 29 16.62976579337283 16.539537846715405 20580.89404296875 0.055908203125 872.088712440295 24973
300 16.7 12.849555283963323 7.786731691253213 20580.89404296875 0.055908203125 862.2686952401364 25263
310 14.3 7.497422011582167 5.059389519682671 20580.89404296875 0.055908203125 856.6905199993704 25430
320 1.6 8.644577026367188 4.8010032936274385 20580.89404296875 0.055908203125 851.9419721945663 25573
330 1.3 11.773155799278847 2.803135123447885 20580.89404296875 0.055908203125 851.4146847537639 25589
340 0.4 10.33721923828125 5.340290704912396 20580.89404296875 0.055908203125 850.9883375982133 25602
350 0 0 0 20580.89404296875 0.055908203125 850.8570166393193 25606
353 2.6 16.9647216796875 7.958103844548535 20580.89404296875 0.055908203125 850.8570166393193 25606
