10 0.1 118 0 118 118 0 0
20 0.1 145.0 0.0 145 118 118.0 1
30 0.1 259.0 0.0 259 118 131.5 2
40 0.1 385.0 0.0 385 118 174.0 3
50 0.1 590.0 0.0 590 118 226.75 4
60 0.1 754.0 0.0 754 118 299.4 5
70 0.1 877.0 0.0 877 118 375.1666666666667 6
80 0.1 782.0 0.0 877 118 446.85714285714283 7
90 0.1 882.0 0.0 882 118 488.75 8
100 0.1 1380.0 0.0 1380 118 532.4444444444445 9
110 0.1 1475.0 0.0 1475 118 617.2 10
120 0.1 1148.0 0.0 1475 118 695.1818181818181 11
130 0.1 1485.0 0.0 1485 118 732.9166666666666 12
140 0.1 1577.0 0.0 1577 118 790.7692307692307 13
150 0.1 1961.0 0.0 1961 118 846.9285714285714 14
160 0.1 3245.0 0.0 3245 118 921.2 15
170 0.1 4117.0 0.0 4117 118 1066.4375 16
180 0.1 4476.0 0.0 4476 118 1245.8823529411766 17
190 0.1 5930.0 0.0 5930 118 1425.3333333333333 18
200 0.1 6625.0 0.0 6625 118 1662.421052631579 19
210 0.1 6773.0 0.0 6773 118 1910.55 20
220 0.1 6442.0 0.0 6773 118 2142.095238095238 21
230 0.1 6850.0 0.0 6850 118 2337.5454545454545 22
240 0.1 5613.0 0.0 6850 118 2533.7391304347825 23
250 0.1 4966.0 0.0 6850 118 2662.0416666666665 24
260 0.1 4779.0 0.0 6850 118 2754.2 25
270 0.1 3629.0 0.0 6850 118 2832.076923076923 26
280 0.1 3234.0 0.0 6850 118 2861.5925925925926 27
290 0.1 2406.0 0.0 6850 118 2874.8928571428573 28
300 0.1 993.0 0.0 6850 118 2858.7241379310344 29
310 0.1 789.0 0.0 6850 118 2796.5333333333333 30
320 0.1 181.0 0.0 6850 118 2731.7741935483873 31
330 0.1 82.0 0.0 6850 82 2652.0625 32
340 0.1 51.0 0.0 6850 51 2574.181818181818 33
350 0.1 10.0 0.0 6850 10 2499.970588235294 34
