0 34.815625 34.815625
10 46.9046875 81.7203125
20 83.01171875 164.73203125
30 133.3640625 298.09609375
40 236.528125 534.62421875
50 261.7515625 796.37578125
60 326.696875 1123.07265625
70 342.19453125 1465.2671875
80 290.86015625 1756.12734375
90 488.2890625 2244.41640625
100 507.16328125 2751.5796875
110 450.3984375 3201.978125
120 469.05703125 3671.03515625
130 522.3890625 4193.42421875
140 523.41640625 4716.840625
150 728.096875 5444.9375
160 830.08359375 6275.02109375
170 899.2359375 7174.25703125
180 1039.259375 8213.51640625
190 1258.00703125 9471.5234375
200 1186.84921875 10658.37265625
210 1192.046875 11850.41953125
220 1178.359375 13028.77890625
230 1238.12890625 14266.9078125
240 1127.928125 15394.8359375
250 1078.946875 16473.7828125
260 961.46484375 17435.24765625
270 840.5015625 18275.74921875
280 784.82421875 19060.5734375
290 338.3484375 19398.921875
300 235.17421875 19634.09609375
310 102.7296875 19736.82578125
320 18.27421875 19755.1
330 15.675 19770.775
340 5.11015625 19775.88515625
350 0 19775.88515625
353 54.859375 19830.74453125
