0 0.1 102.35498046875 0 102.35498046875 102.35498046875 0 0
10 0.1 62.85791015625 0.0 102.35498046875 62.85791015625 102.35498046875 1
20 0.1 867.654052734375 0.0 867.654052734375 62.85791015625 82.6064453125 2
30 0.2 117.381591796875 62.12451171875 867.654052734375 55.257080078125 344.2889811197917 3
40 0.3 80.61669921875 12.88737226812023 867.654052734375 55.257080078125 253.526025390625 5
50 0 0 0 867.654052734375 55.257080078125 188.68502807617188 8
60 0.1 62.156982421875 0.0 867.654052734375 55.257080078125 188.68502807617188 8
70 0.3 273.291748046875 187.57384584315759 867.654052734375 55.257080078125 174.62635633680554 9
80 0.1 77.568115234375 0.0 867.654052734375 55.257080078125 199.2927042643229 12
90 0.6 470.9812418619792 443.4737497890279 1180.526123046875 51.826171875 189.92927433894232 13
100 0.8 896.9085998535156 187.74580148715532 1204.9130859375 51.826171875 278.68252724095396 19
110 0.8 1808.7688903808594 374.7332716924466 2655.68212890625 51.826171875 461.8606228298611 27
120 0.5 2499.133642578125 232.69632905457743 2942.6240234375 51.826171875 769.7253696986608 35
130 0.7 3039.717599051339 202.14164670757404 3386.2919921875 51.826171875 985.9014038085937 40
140 0.4 2648.968994140625 1634.6720630136276 4419.698974609375 0.931884765625 1291.7889222490026 47
150 1.6 2081.036590576172 1469.6105363450708 4419.698974609375 0.761962890625 1398.2344180836396 51
160 1.9 1269.1624820106908 1337.342524039664 4419.698974609375 0.64599609375 1561.2916533057369 67
170 1.9 1009.1236508018092 1184.754227530552 4419.698974609375 0.64599609375 1496.7514875545057 86
180 4.3 599.6217523619187 959.3240611903582 4419.698974609375 0.64599609375 1408.5140694754464 105
190 5.3 500.5327194501767 850.8635738993934 4419.698974609375 0.631103515625 1173.4980584221917 148
200 4 442.41669921875 758.4190701144331 4419.698974609375 0.631103515625 996.0494864544465 201
210 4.3 627.7544569858284 914.4649032745305 4419.698974609375 0.631103515625 904.1602271622147 241
220 2.7 439.56954390914353 803.4065841495507 4419.698974609375 0.631103515625 862.3100577340999 284
230 3 410.98201497395837 727.5098304143144 4419.698974609375 0.614990234375 825.609112803959 311
240 1.8 798.9295925564236 811.8122664377757 4419.698974609375 0.614990234375 789.1316555168622 341
250 1 773.96513671875 641.5045043324071 4419.698974609375 0.614990234375 789.6229169840268 359
260 0.4 1067.8187866210938 652.1591313488568 4419.698974609375 0.614990234375 789.1985868955369 369
270 0.3 1494.011962890625 192.0072667385665 4419.698974609375 0.614990234375 792.1864710748995 373
280 0.1 544.028076171875 0.0 4419.698974609375 0.614990234375 797.7861425521526 376
290 0 0 0 4419.698974609375 0.614990234375 797.1130442328415 377
300 0.1 4.327880859375 0.0 4419.698974609375 0.614990234375 797.1130442328415 377
310 0 0 0 4419.698974609375 0.614990234375 795.0157289858217 378
320 0 0 0 4419.698974609375 0.614990234375 795.0157289858217 378
330 0 0 0 4419.698974609375 0.614990234375 795.0157289858217 378
340 0 0 0 4419.698974609375 0.614990234375 795.0157289858217 378
350 0 0 0 4419.698974609375 0.614990234375 795.0157289858217 378
353 0 0 0 4419.698974609375 0.614990234375 795.0157289858217 378
