30 0.2 88.074951171875 76.031005859375 164.10595703125 12.0439453125 0 0
40 0.1 12.593017578125 0.0 164.10595703125 12.0439453125 88.074951171875 2
50 0.1 59.18994140625 0.0 164.10595703125 12.0439453125 62.914306640625 3
60 0.1 67.127197265625 0.0 164.10595703125 12.0439453125 61.98321533203125 4
70 0.1 26.089111328125 0.0 164.10595703125 12.0439453125 63.01201171875 5
80 0.1 176.05810546875 0.0 176.05810546875 12.0439453125 56.858194986979164 6
90 0.1 18.263916015625 0.0 176.05810546875 12.0439453125 73.88675362723214 7
100 0.3 541.1553548177084 356.95573239905656 1030.626953125 12.0439453125 66.93389892578125 8
110 0.2 1242.129638671875 14.08154296875 1256.211181640625 12.0439453125 196.2670232599432 11
120 0.2 2296.5789794921875 283.9310302734375 2580.510009765625 12.0439453125 357.1689640925481 13
130 0.1 2944.617919921875 0.0 2944.617919921875 12.0439453125 615.7569661458333 15
140 0.5 2897.060595703125 177.3087674150034 3049.681884765625 12.0439453125 761.3107757568359 16
150 0.9 1069.409450954861 1522.503777575019 3694.375 0.801025390625 1269.8226376488096 21
160 0.6 1768.4269612630208 1253.6436398971439 3694.375 0.801025390625 1209.698681640625 30
170 1.7 1181.1849724264705 1117.9194591892563 3694.375 0.801025390625 1302.820061577691 36
180 0.8 767.6625061035156 953.2759826766843 3694.375 0.669189453125 1263.8050329820164 53
190 2.2 464.11081764914775 835.9291765726051 3694.375 0.669189453125 1198.7371606045083 61
200 2.1 686.7698800223214 879.9467781673327 3694.375 0.634033203125 1004.0169251223645 83
210 3.1 190.94952589465726 797.3203254303959 4348.360107421875 0.578125 939.9574256310096 104
220 2 662.7858154296875 897.0869440116562 4348.360107421875 0.578125 767.9630190248843 135
230 1.5 604.9917643229167 739.1322903742291 4348.360107421875 0.578125 754.3917669480846 155
240 1.4 490.19060407366084 651.3237603859881 4348.360107421875 0.578125 741.2094137752757 170
250 0.7 464.65757533482144 529.9709922970287 4348.360107421875 0.578125 722.1101565153702 184
260 0.3 887.7958984375 639.2908559581188 4348.360107421875 0.578125 712.674721602994 191
270 0 0 0 4348.360107421875 0.578125 715.3827810385792 194
280 0.1 357.76611328125 0.0 4348.360107421875 0.578125 715.3827810385792 194
290 0 0 0 4348.360107421875 0.578125 713.5488494090545 195
300 0 0 0 4348.360107421875 0.578125 713.5488494090545 195
310 0 0 0 4348.360107421875 0.578125 713.5488494090545 195
320 0 0 0 4348.360107421875 0.578125 713.5488494090545 195
330 0 0 0 4348.360107421875 0.578125 713.5488494090545 195
340 0 0 0 4348.360107421875 0.578125 713.5488494090545 195
350 0 0 0 4348.360107421875 0.578125 713.5488494090545 195
353 0 0 0 4348.360107421875 0.578125 713.5488494090545 195
