40 0.1 163.958984375 0 163.958984375 163.958984375 0 0
50 0.2 141.0494384765625 81.8326416015625 222.882080078125 59.216796875 163.958984375 1
60 0.2 240.0980224609375 87.0589599609375 327.156982421875 59.216796875 148.68595377604166 3
70 0 0 0 327.156982421875 59.216796875 185.25078125 5
80 0.1 92.52294921875 0.0 327.156982421875 59.216796875 185.25078125 5
90 0 0 0 327.156982421875 59.216796875 169.796142578125 6
100 0.1 660.3740234375 0.0 660.3740234375 59.216796875 169.796142578125 6
110 0.2 1782.18603515625 232.248046875 2014.43408203125 59.216796875 239.87869698660714 7
120 0.3 2587.2603352864585 320.18998641700654 3040.009033203125 59.216796875 582.6136610243055 9
130 0.2 3362.771484375 222.073486328125 3584.844970703125 59.216796875 1083.7753295898438 12
140 0.4 1554.3372802734375 1551.2560353576346 3584.844970703125 0.7490234375 1409.3462088448662 14
150 0.4 1876.2197875976563 1149.9246126066712 3584.844970703125 0.7490234375 1441.5664469401042 18
160 0.5 1152.573974609375 1399.2747192071351 3584.844970703125 0.66796875 1520.594327059659 22
170 1.2 666.4547526041666 1154.3907075610232 3584.844970703125 0.66796875 1452.442409939236 27
180 1 881.0907470703125 1082.8951033269122 3584.844970703125 0.65185546875 1210.600053836138 39
190 1.4 426.0300816127233 807.2405783411997 3584.844970703125 0.65185546875 1143.3532565369899 49
200 1.8 601.1237386067709 842.3186498374048 3584.844970703125 0.64794921875 983.9481065538196 63
210 2.3 1007.6166567595109 1361.4688849664008 5619.47607421875 0.638916015625 898.8760247878087 81
220 2.7 452.21154333043984 858.5631181866257 5619.47607421875 0.638916015625 922.9244337815505 104
230 2 403.64959716796875 698.1217220477886 5619.47607421875 0.638916015625 825.9072731542224 131
240 1.9 825.6782483552631 782.4855439476445 5619.47607421875 0.638916015625 769.9791041494206 151
250 1.2 644.4658813476564 672.8326949458869 5619.47607421875 0.638916015625 776.2043026194852 170
260 0.7 637.2001604352679 551.3345675460497 5619.47607421875 0.638916015625 767.5182528652988 182
270 0.3 1518.461669921875 213.69117704281038 5619.47607421875 0.638916015625 762.6916568493717 189
280 0 0 0 5619.47607421875 0.638916015625 774.5005633036295 192
290 0.2 59.945556640625 46.70361328125 5619.47607421875 0.638916015625 774.5005633036295 192
300 0.1 4.5810546875 0.0 5619.47607421875 0.638916015625 767.1340168431863 194
310 0 0 0 5619.47607421875 0.638916015625 763.2234888321315 195
320 0 0 0 5619.47607421875 0.638916015625 763.2234888321315 195
330 0 0 0 5619.47607421875 0.638916015625 763.2234888321315 195
340 0 0 0 5619.47607421875 0.638916015625 763.2234888321315 195
350 0 0 0 5619.47607421875 0.638916015625 763.2234888321315 195
353 0 0 0 5619.47607421875 0.638916015625 763.2234888321315 195
