10 0.1 6.8271484375 0 6.8271484375 6.8271484375 0 0
20 0.3 63.9169921875 66.17517309455634 157.4990234375 6.8271484375 6.8271484375 1
30 0.5 10.536572265625 4.000722555822396 157.4990234375 6.14501953125 49.64453125 4
40 0.7 10.781005859375 4.511446661638943 157.4990234375 6.14501953125 27.917887369791668 9
50 0.5 31.1998046875 12.641450133676862 157.4990234375 6.14501953125 20.420501708984375 16
60 0.3 13.183349609375 4.395951299606152 157.4990234375 6.14501953125 22.987002418154763 21
70 1 51.8955078125 91.21425606412205 322.633056640625 6.14501953125 21.761545817057293 24
80 0.6 18.131022135416668 10.75919388731789 322.633056640625 6.14501953125 30.624475815716913 34
90 0.3 267.2159830729167 342.47544884527406 751.429931640625 6.14501953125 28.750457763671875 40
100 0.7 778.2569056919643 262.6542910015711 1162.089111328125 6.14501953125 45.38758743640988 43
110 0.8 1559.4350891113281 529.8032252875691 2507.93896484375 6.14501953125 147.9892919921875 50
120 1.4 2400.14120047433 317.62659804370367 2803.651123046875 6.14501953125 342.67147090517244 58
130 1.5 2803.004736328125 179.36372187433506 3166.3779296875 6.14501953125 742.7350294325087 72
140 2 2146.3234008789063 1847.2077888971894 4500.168212890625 0.588134765625 1097.9539444145114 87
150 2.7 2061.71839735243 1777.4378903917943 4500.168212890625 0.588134765625 1293.9108521648657 107
160 4.2 1021.3433663504464 1247.2444087474687 4500.168212890625 0.579833984375 1448.6183426131063 134
170 6 814.284753417969 1153.2080864264367 4500.168212890625 0.579833984375 1346.6549960049715 176
180 5.4 886.587257667824 1035.2644704481984 4500.168212890625 0.579833984375 1211.3066292455642 236
190 7.3 620.7019076412672 893.1307162059968 4500.168212890625 0.578125 1150.8416428138469 290
200 9.2 573.3243726647422 895.6854293580869 4549.875 0.56201171875 1044.2295197626117 363
210 9.3 765.6390787760415 1074.6387406483648 5617.786865234375 0.5439453125 949.0135339757899 455
220 7.2 598.6952650282118 880.4484207852068 5617.786865234375 0.5439453125 917.8934165787523 548
230 6.9 634.1211751302081 827.3076128839701 5617.786865234375 0.5439453125 880.825244140625 620
240 3.4 835.4570958754593 847.170204216001 5617.786865234375 0.5439453125 856.1190311337763 689
250 1.5 841.92568359375 607.357969026418 5617.786865234375 0.5439453125 855.1473771935512 723
260 0.7 1056.7150181361608 439.04959245914773 5617.786865234375 0.5439453125 854.8786435837991 738
270 0.2 1309.0379638671875 121.5230712890625 5617.786865234375 0.5439453125 856.775092740667 745
280 0.2 228.68701171875 214.48486328125 5617.786865234375 0.5439453125 857.9859705750084 747
290 0 0 0 5617.786865234375 0.5439453125 856.3055995233227 749
300 0 0 0 5617.786865234375 0.5439453125 856.3055995233227 749
310 0 0 0 5617.786865234375 0.5439453125 856.3055995233227 749
320 0 0 0 5617.786865234375 0.5439453125 856.3055995233227 749
330 0 0 0 5617.786865234375 0.5439453125 856.3055995233227 749
340 0 0 0 5617.786865234375 0.5439453125 856.3055995233227 749
350 0 0 0 5617.786865234375 0.5439453125 856.3055995233227 749
353 0 0 0 5617.786865234375 0.5439453125 856.3055995233227 749
