10 0.1 31.865966796875 0 31.865966796875 31.865966796875 0 0
20 0.1 81.1220703125 0.0 81.1220703125 31.865966796875 31.865966796875 1
30 0.5 24.290966796875 26.316404001565132 81.1220703125 10.27197265625 56.4940185546875 2
40 0.8 15.058807373046875 6.563599670823831 81.1220703125 9.905029296875 33.49183872767857 7
50 0.5 18.761474609375 3.839923967239534 81.1220703125 9.905029296875 23.660888671875 15
60 0.4 40.095458984375 29.17748737083827 81.1220703125 9.905029296875 22.43603515625 20
70 0.7 53.708775111607146 65.45895343392762 196.14208984375 9.89013671875 25.3792724609375 24
80 0.6 39.055867513020836 29.249541921104548 196.14208984375 9.89013671875 31.776256930443548 31
90 0.5 199.830859375 257.5882243502829 704.6591796875 9.89013671875 32.95673432221284 37
100 0.5 609.821630859375 154.59496675174822 842.578125 9.89013671875 52.822701590401785 42
110 0.5 1748.778759765625 477.52910901625376 2680.5498046875 9.89013671875 112.07790683178192 47
120 0.7 2451.0954241071427 267.7551887774916 2745.032958984375 9.89013671875 269.45298884465143 52
130 1.6 2780.6226501464844 190.72644373639352 3165.591064453125 9.89013671875 528.2919218418962 59
140 1.4 3351.6156180245534 1109.893040692211 4478.907958984375 7.505126953125 1008.7891438802084 75
150 3.2 2280.431823730469 1395.1064060536899 4478.907958984375 0.677001953125 1377.3236454310043 89
160 3.6 809.8129475911459 1218.9923083000426 4478.907958984375 0.677001953125 1616.1621719234247 121
170 4.3 1049.4263603742731 1178.4354082262605 4478.907958984375 0.64501953125 1431.266808382265 157
180 5.9 657.2771409891419 992.199988584327 4478.907958984375 0.64501953125 1349.1711120605466 200
190 6.6 405.48259203361744 799.3002008508698 4478.907958984375 0.639892578125 1191.5581997315394 259
200 8.1 528.373459804205 810.8569228634659 4478.907958984375 0.6279296875 1031.924384014423 325
210 9.4 634.8401917802528 1056.7789511565722 6394.43212890625 0.613037109375 931.4622538148475 406
220 7.5 611.4361393229167 936.5474188865359 6394.43212890625 0.613037109375 875.6973061523437 500
230 8.1 620.2801980854553 812.7284223845537 6394.43212890625 0.613037109375 841.2284583050271 575
240 5 894.642099609375 806.0807699885005 6394.43212890625 0.613037109375 813.9467371498666 656
250 2.3 1011.7856126868205 693.7605296752557 6394.43212890625 0.613037109375 819.6617061625797 706
260 1.2 879.5579427083334 511.5091094158121 6394.43212890625 0.613037109375 825.7232285906422 729
270 0.5 1363.069091796875 173.75692639857112 6394.43212890625 0.613037109375 826.5950458233173 741
280 0.2 431.9404296875 318.08056640625 6394.43212890625 0.613037109375 830.1907163727379 746
290 0.1 8.9521484375 0.0 6394.43212890625 0.613037109375 829.1258760340073 748
300 0 0 0 6394.43212890625 0.613037109375 828.0308510305407 749
310 0 0 0 6394.43212890625 0.613037109375 828.0308510305407 749
320 0 0 0 6394.43212890625 0.613037109375 828.0308510305407 749
330 0 0 0 6394.43212890625 0.613037109375 828.0308510305407 749
340 0 0 0 6394.43212890625 0.613037109375 828.0308510305407 749
350 0 0 0 6394.43212890625 0.613037109375 828.0308510305407 749
353 0 0 0 6394.43212890625 0.613037109375 828.0308510305407 749
