30 0.1 49.26611328125 0 49.26611328125 49.26611328125 0 0
40 0 0 0 49.26611328125 49.26611328125 49.26611328125 1
50 0.1 17.85107421875 0.0 49.26611328125 17.85107421875 49.26611328125 1
60 0.3 86.11971028645833 86.20343834354857 207.583984375 16.366943359375 33.55859375 2
70 0.2 99.052978515625 83.06591796875 207.583984375 15.987060546875 65.095263671875 5
80 0.7 205.97028459821428 181.95270111345877 567.009033203125 15.09716796875 74.79746791294643 7
90 0.6 273.8310953776042 226.32932063947388 695.217041015625 15.09716796875 140.38387625558036 14
100 0.4 619.478515625 309.7480412054031 1134.446044921875 15.09716796875 180.4180419921875 20
110 0.2 1341.967529296875 155.991455078125 1497.958984375 15.09716796875 253.59478759765625 24
120 0.5 2449.91640625 237.0282135155552 2760.317138671875 15.09716796875 337.31576772836536 26
130 0.4 2769.7322998046875 167.2949391195863 3058.76416015625 15.09716796875 678.0578061995968 31
140 0.4 3604.2765502929688 670.357904435378 4348.951904296875 15.09716796875 917.1063197544643 35
150 0.6 2055.2015380859375 1541.9855497634637 4348.951904296875 2.93798828125 1192.7135228866186 39
160 0.6 1534.3898518880208 1103.5252380988393 4348.951904296875 1.072021484375 1307.7119249131945 45
170 1.4 1188.217041015625 1190.2129760201276 4348.951904296875 0.780029296875 1334.3799163219976 51
180 2 678.0688842773436 1024.4175410845185 4348.951904296875 0.660888671875 1302.898681640625 65
190 2.5 551.675537109375 880.5276921012668 4348.951904296875 0.65087890625 1155.8799057904412 85
200 4.1 627.7690370141005 827.0020292318029 4348.951904296875 0.65087890625 1018.5607310901988 110
210 4.9 580.1314124282524 870.727238298335 4348.951904296875 0.619140625 912.451728062914 151
220 5.1 477.09637810202213 924.3399336477725 4348.951904296875 0.619140625 831.0332507324218 200
230 6.4 354.65125274658203 625.6652520432833 4348.951904296875 0.619140625 759.1177905565239 251
240 7.8 620.596673427484 740.0721324126451 4348.951904296875 0.619140625 676.9404622395833 315
250 8 607.2936859130857 664.9409317749246 4348.951904296875 0.619140625 665.7577255287849 393
260 6.1 991.0383380827354 455.0782796625357 4348.951904296875 0.619140625 655.8695158686244 473
270 6.4 1016.1316909790041 403.02036991180466 4348.951904296875 0.619140625 694.1565910653674 534
280 7.8 435.14453124999983 282.20050647560527 4348.951904296875 0.619140625 728.6154646347198 598
290 3.8 15.019473427220385 15.849213764734335 4348.951904296875 0.619140625 694.7534338595598 676
300 2.3 13.26762058423913 6.806831291288936 4348.951904296875 0.619140625 658.5771166376705 714
310 0.6 9.956258138020834 4.98873282243744 4348.951904296875 0.619140625 638.438557059341 737
320 0.2 4.83056640625 0.1455078125 4348.951904296875 0.619140625 633.3633298809723 743
330 0.3 11.886962890625 0.44302871181653125 4348.951904296875 0.619140625 631.6759936031877 745
340 0.1 5.008056640625 0.0 4348.951904296875 0.619140625 629.1902087206507 748
350 0 0 0 4348.951904296875 0.619140625 628.3568547125333 749
353 0 0 0 4348.951904296875 0.619140625 628.3568547125333 749
