0 0.2 65.6934814453125 55.7064208984375 121.39990234375 9.987060546875 0 0
10 0.3 10.260009765625 0.4677574245231313 121.39990234375 9.781982421875 65.6934814453125 2
20 0.5 213.1716796875 167.43025519216363 494.68408203125 8.85107421875 32.4333984375 5
30 0.4 25.49017333984375 20.59871871191373 494.68408203125 8.594970703125 122.8025390625 10
40 0.6 21.588297526041668 15.060966377130798 494.68408203125 8.594970703125 94.99900599888393 14
50 0.5 30.98046875 30.252207651052096 494.68408203125 8.594970703125 72.97579345703124 20
60 0.5 89.63544921875 96.95620700734655 494.68408203125 8.594970703125 64.576728515625 25
70 0.9 73.26850043402777 76.7881537534287 494.68408203125 8.294921875 68.75318196614583 30
80 0.7 51.413504464285715 41.99473969767673 494.68408203125 8.294921875 69.79517853565706 39
90 1 162.917236328125 176.57998543655359 665.912109375 8.294921875 66.99796726392664 46
100 1.3 809.6048490084135 316.66793281605385 1272.10205078125 8.294921875 84.12640816824776 56
110 1.5 1850.79423828125 561.4383365832967 2762.733154296875 8.294921875 220.8107520946558 69
120 1.7 2289.5537252987133 386.07611818092124 3067.011962890625 8.294921875 511.8792317708333 84
130 1.2 2802.664754231771 175.26778508196637 3072.64990234375 8.294921875 811.091770285427 101
140 3.2 2429.013999938965 1499.598241216515 4330.951904296875 0.958984375 1022.5862464567201 113
150 3.8 1535.1698833264802 1589.869335288771 4330.951904296875 0.79296875 1332.9703023976292 145
160 7.6 839.1969219006993 1239.2051040280107 4330.951904296875 0.781005859375 1374.9571006232923 183
170 6.2 940.8528383316533 1181.7508608878861 4330.951904296875 0.77294921875 1217.7456196081685 259
180 5.7 567.7822308456689 947.9777575964271 4330.951904296875 0.74609375 1164.2647708880938 321
190 12.3 563.5305989583334 889.312321338648 4330.951904296875 0.72900390625 1074.3189910404267 378
200 9 789.70556640625 1244.5105533245728 5393.4208984375 0.715087890625 948.9158528645835 501
210 7.1 976.0709348866637 1687.0278653388125 7085.090087890625 0.714111328125 924.6706315765123 591
220 6.9 2172.0411323879075 3101.530826873395 16796.594970703125 0.714111328125 930.1833529285074 662
230 1.5 636.768310546875 915.3389132505537 16796.594970703125 0.714111328125 1047.403854683225 731
240 0.3 1267.0379231770833 907.1901591279258 16796.594970703125 0.714111328125 1039.1471078172126 746
250 0 0 0 16796.594970703125 0.714111328125 1040.0598881190547 749
260 0 0 0 16796.594970703125 0.714111328125 1040.0598881190547 749
270 0 0 0 16796.594970703125 0.714111328125 1040.0598881190547 749
280 0 0 0 16796.594970703125 0.714111328125 1040.0598881190547 749
290 0 0 0 16796.594970703125 0.714111328125 1040.0598881190547 749
300 0 0 0 16796.594970703125 0.714111328125 1040.0598881190547 749
310 0 0 0 16796.594970703125 0.714111328125 1040.0598881190547 749
320 0 0 0 16796.594970703125 0.714111328125 1040.0598881190547 749
330 0 0 0 16796.594970703125 0.714111328125 1040.0598881190547 749
340 0 0 0 16796.594970703125 0.714111328125 1040.0598881190547 749
350 0 0 0 16796.594970703125 0.714111328125 1040.0598881190547 749
353 0 0 0 16796.594970703125 0.714111328125 1040.0598881190547 749
