10 0.1 34.636962890625 0 34.636962890625 34.636962890625 0 0
20 0 0 0 34.636962890625 34.636962890625 34.636962890625 1
30 0.2 41.921875 7.555908203125 49.477783203125 34.365966796875 34.636962890625 1
40 0.1 27.77685546875 0.0 49.477783203125 27.77685546875 39.493570963541664 3
50 0.1 25.955810546875 0.0 49.477783203125 25.955810546875 36.56439208984375 4
60 0.2 87.9744873046875 2.9415283203125 90.916015625 25.955810546875 34.44267578125 5
70 0.2 135.103515625 95.283447265625 230.386962890625 25.955810546875 49.737479073660715 7
80 0.2 101.95654296875 15.615478515625 230.386962890625 25.955810546875 68.70770941840277 9
90 0.2 108.1884765625 10.29150390625 230.386962890625 25.955810546875 74.75295188210227 11
100 0.2 1002.4815673828125 518.8175048828125 1521.299072265625 25.955810546875 79.89687875600961 13
110 0.5 2029.154052734375 542.0370025716363 2639.4130859375 25.955810546875 202.90817057291667 15
120 0.3 2659.5986328125 288.35290527037995 2998.2529296875 25.955810546875 659.4696411132812 20
130 0.5 2810.244970703125 184.5355719781063 3038.326904296875 25.955810546875 920.3560313349185 23
140 0.3 3500.9762369791665 495.76820158341076 4201.784912109375 25.955810546875 1257.8361990792412 28
150 0.4 1515.48876953125 1610.2041111937228 4201.784912109375 0.6650390625 1474.9142672631049 31
160 1.8 869.7990451388889 1236.956428285352 4201.784912109375 0.60693359375 1479.5513532366072 35
170 1.4 1016.9202357700893 1171.5194033071034 4201.784912109375 0.60693359375 1272.4656636939858 53
180 1.2 1229.1799926757815 1238.6256001720303 4201.784912109375 0.60693359375 1219.0681115904852 67
190 2.7 448.67052770543984 825.5026305063604 4201.784912109375 0.60302734375 1220.604093527492 79
200 3.9 488.76824168669873 773.8550485157953 4201.784912109375 0.59912109375 1023.9795060067806 106
210 3.8 964.692472759046 1157.9754883681137 5088.737060546875 0.59912109375 880.0261314655172 145
220 3.2 654.7257080078125 1026.9115314260891 5088.737060546875 0.5869140625 897.6071203679986 183
230 1.8 614.946546766493 868.4862092310376 5088.737060546875 0.5869140625 861.4573287609012 215
240 1.8 687.734849717882 788.0917415182308 5088.737060546875 0.5869140625 842.4135773621915 233
250 1.4 814.6024344308036 619.6985935494905 5088.737060546875 0.5869140625 831.3210789653884 251
260 0.4 818.9159545898438 472.63247663183654 5088.737060546875 0.5869140625 830.4378298201651 265
270 0.1 1352.505126953125 0.0 5088.737060546875 0.5869140625 830.2665008204577 269
280 0.1 635.901123046875 0.0 5088.737060546875 0.5869140625 832.2007179542824 270
290 0 0 0 5088.737060546875 0.5869140625 831.4763652055466 271
300 0 0 0 5088.737060546875 0.5869140625 831.4763652055466 271
310 0 0 0 5088.737060546875 0.5869140625 831.4763652055466 271
320 0.1 4.075927734375 0.0 5088.737060546875 0.5869140625 831.4763652055466 271
330 0 0 0 5088.737060546875 0.5869140625 828.4344518324908 272
340 0 0 0 5088.737060546875 0.5869140625 828.4344518324908 272
350 0 0 0 5088.737060546875 0.5869140625 828.4344518324908 272
353 0 0 0 5088.737060546875 0.5869140625 828.4344518324908 272
