0 0.1 7.789822772171308 0 7.789822772171308 7.789822772171308 0 0
10 0.1 2.7450980392156863 0.0 7.789822772171308 2.7450980392156863 7.789822772171308 1
20 0.1 1.4807502467917077 0.0 7.789822772171308 1.4807502467917077 5.267460405693497 2
30 0.1 1.8700787401574805 0.0 7.789822772171308 1.4807502467917077 4.005223686059567 3
40 0.1 1.6798418972332017 0.0 7.789822772171308 1.4807502467917077 3.4714374495840454 4
50 0.1 2.65748031496063 0.0 7.789822772171308 1.4807502467917077 3.1131183391138766 5
60 0.1 2.561576354679803 0.0 7.789822772171308 1.4807502467917077 3.037178668421669 6
70 0.1 1.9782393669634024 0.0 7.789822772171308 1.4807502467917077 2.96923548074426 7
80 0.1 2.4582104228121926 0.0 7.789822772171308 1.4807502467917077 2.845360966521653 8
90 0.1 2.848722986247544 0.0 7.789822772171308 1.4807502467917077 2.802344239442824 9
100 0.1 3.152709359605911 0.0 7.789822772171308 1.4807502467917077 2.8069821141232962 10
110 0.1 3.5398230088495577 0.0 7.789822772171308 1.4807502467917077 2.838411863712625 11
120 0.1 4.705882352941177 0.0 7.789822772171308 1.4807502467917077 2.8968627924740367 12
130 0.1 6.078431372549019 0.0 7.789822772171308 1.4807502467917077 3.036018143279201 13
140 0.1 7.233626588465299 0.0 7.789822772171308 1.4807502467917077 3.253333373941331 14
150 0.1 8.754863813229571 0.0 8.754863813229571 1.4807502467917077 3.5186862549095954 15
160 0.1 11.833171677982541 0.0 11.833171677982541 1.4807502467917077 3.8459473523045937 16
170 0.1 14.021421616358326 0.0 14.021421616358326 1.4807502467917077 4.315784077344473 17
180 0.1 17.307692307692307 0.0 17.307692307692307 1.4807502467917077 4.854986162845242 18
190 0.1 21.572387344199427 0.0 21.572387344199427 1.4807502467917077 5.510391749416141 19
200 0.1 24.8565965583174 0.0 24.8565965583174 1.4807502467917077 6.313491529155305 20
210 0.1 27.342256214149142 0.0 27.342256214149142 1.4807502467917077 7.1964965305439765 21
220 0.1 24.714828897338403 0.0 27.342256214149142 1.4807502467917077 8.112212879798756 22
230 0.1 20.861244019138756 0.0 27.342256214149142 1.4807502467917077 8.834065750126568 23
240 0.1 15.369836695485112 0.0 27.342256214149142 1.4807502467917077 9.335198178002075 24
250 0.1 10.1364522417154 0.0 27.342256214149142 1.4807502467917077 9.576583718701396 25
260 0.1 6.862745098039216 0.0 27.342256214149142 1.4807502467917077 9.598117123432704 26
270 0.1 4.035433070866142 0.0 27.342256214149142 1.4807502467917077 9.49680704841813 27
280 0.1 1.8774703557312251 0.0 27.342256214149142 1.4807502467917077 9.301757977791272 28
290 0.1 2.559055118110236 0.0 27.342256214149142 1.4807502467917077 9.045748059789203 29
300 0.1 1.9646365422396856 0.0 27.342256214149142 1.4807502467917077 8.829524961733236 30
310 0.1 1.4792899408284024 0.0 27.342256214149142 1.4792899408284024 8.608076948201187 31
320 0.1 1.282051282051282 0.0 27.342256214149142 1.282051282051282 8.385302354220787 32
330 0.1 1.185770750988142 0.0 27.342256214149142 1.185770750988142 8.170052321730802 33
340 0.1 1.083743842364532 0.0 27.342256214149142 1.083743842364532 7.964632275532487 34
