0 1.7 37.91867244944853 86.27399242834682 366.63818359375 6.037109375 0 0
10 4.1 15.790199838033542 20.891968345322425 366.63818359375 5.865966796875 37.91867244944853 17
20 7.7 20.054297509131494 44.50527225480669 366.63818359375 4.415771484375 22.276131465517246 58
30 8.7 10.068999191810347 12.563829950527907 366.63818359375 4.35107421875 21.008863208912036 135
40 16.1 13.727058363256987 38.39963123504128 468.073974609375 4.345947265625 16.72161920221002 222
50 23.4 10.602857279981295 12.341834017758048 468.073974609375 4.31787109375 15.462809032310705 383
60 15.6 9.450680463741982 12.058522367614668 468.073974609375 4.31787109375 13.619650669190637 617
70 12 11.242038981119789 15.117318386207694 468.073974609375 4.31787109375 12.778306099915099 773
80 21.6 11.056908501519104 12.840406418272792 468.073974609375 4.31787109375 12.571864829752236 893
90 17.5 14.539570312499997 19.310943431873667 468.073974609375 4.31787109375 12.276796690078335 1109
100 24.3 11.525718155221192 14.823106482926699 468.073974609375 4.31787109375 12.585196521794684 1284
110 30.6 11.055485345179742 14.72727924192025 468.073974609375 4.31787109375 12.416595838705383 1527
120 57.4 12.714940725718643 22.573175634160673 468.073974609375 4.31787109375 12.189372810326308 1833
130 56.2 12.553807377391019 16.70532818240922 468.073974609375 4.31787109375 12.314705582837815 2407
140 77.4 13.15863210594315 25.30935708707785 468.073974609375 4.31787109375 12.359964999657924 2969
150 105.9 11.935234955957867 15.318255707390826 468.073974609375 4.31787109375 12.525118176324973 3743
160 138.6 12.443680139847121 15.877346517450063 468.073974609375 4.31787109375 12.395029394490578 4802
170 183.7 13.418653725928824 17.59700425698185 468.073974609375 4.31787109375 12.405926280893969 6188
180 237.9 13.401597576614401 14.388879983109446 468.073974609375 4.31787109375 12.637749373296339 8025
190 266 14.011231661918462 15.800653723005972 468.073974609375 4.31787109375 12.812412471690578 10404
200 304.9 37.656098743312384 158.2957065906716 1790.661865234375 0.528076171875 13.056507622180945 13064
210 343.2 263.98910963507547 965.1446643420404 5217.31005859375 0.528076171875 17.711392083692136 16113
220 311.1 14.016873405355998 27.87043094700234 5217.31005859375 0.528076171875 60.95647402978308 19545
230 253 10.73659388123763 11.089656026393422 5217.31005859375 0.528076171875 54.51098067073503 22656
240 177.4 9.310811108370904 9.492106602821353 5217.31005859375 0.528076171875 50.1137282853849 25186
250 102.4 8.917734861373908 8.013188590010161 5217.31005859375 0.528076171875 47.428847904375154 26960
260 72 8.50467936197917 5.761115501117337 5217.31005859375 0.528076171875 46.01963622069758 27984
270 30 8.567214355468746 5.984763628210191 5217.31005859375 0.528076171875 45.078625597151124 28704
280 24.7 7.107381349633097 2.247658745057117 5217.31005859375 0.528076171875 44.70097343288052 29004
290 18.4 7.577433710512907 5.974624031769739 5217.31005859375 0.528076171875 44.38352728592616 29251
300 14.3 8.13543317034528 6.819894131978659 5217.31005859375 0.528076171875 44.153450125475125 29435
310 3 7.40185546875 2.4524190263475516 5217.31005859375 0.528076171875 43.97931474023665 29578
320 6.7 7.586156133395522 2.966574194183356 5217.31005859375 0.528076171875 43.94225300765949 29608
330 1.1 6.842329545454546 2.037570360424575 5217.31005859375 0.528076171875 43.860168475542366 29675
340 2.6 7.551297701322115 2.8584030365283852 5217.31005859375 0.528076171875 43.84645169900693 29686
344 0 0 0 5217.31005859375 0.528076171875 43.814690996127965 29712
