10 0.1 130 0 130 130 0 0
20 0.1 181.0 0.0 181 130 130.0 1
30 0.1 383.0 0.0 383 130 155.5 2
40 0.1 427.0 0.0 427 130 231.33333333333334 3
50 0.1 736.0 0.0 736 130 280.25 4
60 0.1 733.0 0.0 736 130 371.4 5
70 0.1 600.0 0.0 736 130 431.6666666666667 6
80 0.1 714.0 0.0 736 130 455.7142857142857 7
90 0.1 856.0 0.0 856 130 488.0 8
100 0.1 905.0 0.0 905 130 528.8888888888889 9
110 0.1 1071.0 0.0 1071 130 566.5 10
120 0.1 1433.0 0.0 1433 130 612.3636363636364 11
130 0.1 2398.0 0.0 2398 130 680.75 12
140 0.1 2609.0 0.0 2609 130 812.8461538461538 13
150 0.1 3417.0 0.0 3417 130 941.1428571428571 14
160 0.1 5143.0 0.0 5143 130 1106.2 15
170 0.1 6295.0 0.0 6295 130 1358.5 16
180 0.1 7654.0 0.0 7654 130 1648.8823529411766 17
190 0.1 10236.0 0.0 10236 130 1982.5 18
200 0.1 12011.0 0.0 12011 130 2416.8947368421054 19
210 0.1 13698.0 0.0 13698 130 2896.6 20
220 0.1 13077.0 0.0 13698 130 3410.9523809523807 21
230 0.1 11192.0 0.0 13698 130 3850.318181818182 22
240 0.1 7814.0 0.0 13698 130 4169.521739130435 23
250 0.1 5092.0 0.0 13698 130 4321.375 24
260 0.1 3828.0 0.0 13698 130 4352.2 25
270 0.1 1802.0 0.0 13698 130 4332.038461538462 26
280 0.1 863.0 0.0 13698 130 4238.333333333334 27
290 0.1 889.0 0.0 13698 130 4117.785714285715 28
300 0.1 471.0 0.0 13698 130 4006.4482758620693 29
310 0.1 251.0 0.0 13698 130 3888.6000000000004 30
320 0.1 158.0 0.0 13698 130 3771.2580645161297 31
330 0.1 154.0 0.0 13698 130 3658.3437500000005 32
340 0.1 1.0 0.0 13698 1 3552.1515151515155 33
