0 35.9578125 35.9578125
10 80.046875 116.0046875
20 155.33359375 271.33828125
30 167.6078125 438.94609375
40 307.43828125 746.384375
50 526.3953125 1272.7796875
60 288.5671875 1561.346875
70 213.02578125 1774.37265625
80 488.2859375 2262.65859375
90 385.89375 2648.55234375
100 511.2875 3159.83984375
110 605.04140625 3764.88125
120 1315.06796875 5079.94921875
130 1149.3046875 6229.25390625
140 1601.33046875 7830.584375
150 2236.1546875 10066.7390625
160 2878.67421875 12945.41328125
170 3830.8328125 16776.24609375
180 4994.584375 21770.83046875
190 5509.87421875 27280.7046875
200 6188.0140625 33468.71875
210 6928.08203125 40396.80078125
220 6212.57109375 46609.371875
230 4936.1625 51545.534375
240 3491.29609375 55036.83046875
250 2195.2328125 57232.06328125
260 1637.4671875 58869.53046875
270 732.66484375 59602.1953125
280 459.0890625 60061.284375
290 362.8078125 60424.0921875
300 288.18125 60712.2734375
310 61.49453125 60773.76796875
320 141.1796875 60914.94765625
330 22.4375 60937.38515625
340 54.540625 60991.92578125
344 0 60991.92578125
