10 0.4 8.20855712890625 2.0416530973403595 11.39111328125 6.18505859375 0 0
20 0.7 6.947788783482143 0.4946692463139403 11.39111328125 6.18505859375 8.20855712890625 4
30 0.4 7.3797607421875 1.4321844413386726 11.39111328125 6.18505859375 7.40625 11
40 0.8 6.890899658203125 0.7865012063909845 11.39111328125 6.18505859375 7.399186197916666 15
50 0.8 6.736297607421875 0.3925299057360854 11.39111328125 6.18212890625 7.222390879755435 23
60 0.7 6.354771205357143 0.13345708962784272 11.39111328125 6.0439453125 7.096947454637097 31
70 0.3 6.946370442708333 0.49961959090072683 11.39111328125 6.0439453125 6.9602307771381575 38
80 0.8 7.10272216796875 0.4097966706958351 11.39111328125 6.0439453125 6.959216606326219 41
90 0.8 7.068267822265625 0.9546152326129571 11.39111328125 6.0439453125 6.982646085778061 49
100 1.7 7.470545151654412 1.9051000588905613 13.677001953125 6.0439453125 6.994663171600878 57
110 1.3 7.103515625 1.0239078339223018 13.677001953125 6.0439453125 7.103987410261825 74
120 2.3 7.2852305536684785 1.05606240218969 13.677001953125 6.0439453125 7.103916913613506 87
130 3.4 6.964563706341912 0.9328947295297468 13.677001953125 5.9951171875 7.141827947443182 110
140 4.2 7.495750790550595 1.5151034007354622 13.677001953125 5.9951171875 7.099973890516493 144
150 5.3 6.960066885318396 1.1440535474689946 13.677001953125 5.9951171875 7.189342867943548 186
160 7 7.602144949776786 1.5456306557002644 13.677001953125 5.9580078125 7.138499239997385 239
170 9.8 8.399314413265307 3.4203153307645926 27.697998046875 5.9580078125 7.243532248685275 309
180 8.5 9.069292853860297 3.9668860017627954 27.697998046875 5.9580078125 7.521828691262285 407
190 12.9 9.406355983527126 3.5036466353661897 27.85302734375 5.9580078125 7.7891751421176325 492
200 16 11.374253845214842 6.978385487105426 65.5419921875 5.9580078125 8.125111258932165 621
210 11.2 14.008034842354913 8.02774575251166 65.5419921875 5.9580078125 8.79074866457266 781
220 6.7 10.409201550839553 6.789801756603035 65.5419921875 5.9580078125 9.445100346444567 893
230 1.2 8.29571533203125 1.560837971556655 65.5419921875 5.9580078125 9.512386576334633 960
240 0.1 6.416015625 0.0 65.5419921875 5.9580078125 9.497365943688912 972
250 0 0 0 65.5419921875 5.9580078125 9.494199088274021 973
260 0 0 0 65.5419921875 5.9580078125 9.494199088274021 973
270 0 0 0 65.5419921875 5.9580078125 9.494199088274021 973
280 0 0 0 65.5419921875 5.9580078125 9.494199088274021 973
290 0 0 0 65.5419921875 5.9580078125 9.494199088274021 973
300 0 0 0 65.5419921875 5.9580078125 9.494199088274021 973
310 0 0 0 65.5419921875 5.9580078125 9.494199088274021 973
320 0 0 0 65.5419921875 5.9580078125 9.494199088274021 973
330 0 0 0 65.5419921875 5.9580078125 9.494199088274021 973
340 0 0 0 65.5419921875 5.9580078125 9.494199088274021 973
344 0 0 0 65.5419921875 5.9580078125 9.494199088274021 973
