20 0.4 4.83343505859375 0.45330400466348136 5.60595703125 4.5048828125 0 0
30 0.4 4.4888916015625 0.06085287722960912 5.60595703125 4.427978515625 4.83343505859375 4
40 1.6 4.820281982421875 0.680101848645354 7.305908203125 4.427001953125 4.661163330078125 8
50 3.2 4.702949523925783 0.4909355355998923 7.305908203125 4.409912109375 4.767242431640625 24
60 1.6 4.87939453125 0.901797566932876 7.320068359375 4.409912109375 4.730503627232144 56
70 0 0 0 7.320068359375 4.409912109375 4.763590494791668 72
80 1.6 5.0578155517578125 0.918294245126497 7.44482421875 4.409912109375 4.763590494791668 72
90 0 0 0 7.44482421875 4.409912109375 4.817085959694603 88
100 1.6 5.414306640625 2.0346593799414365 12.9248046875 4.409912109375 4.817085959694603 88
110 0.8 4.641326904296875 0.11449332702939041 12.9248046875 4.409912109375 4.908966064453126 104
120 5.6 5.099849155970981 1.009868441078825 12.9248046875 4.409912109375 4.889848981584822 112
130 2.4 5.062967936197916 0.8208606490622328 12.9248046875 4.409912109375 4.959849039713542 168
140 4.8 5.4183502197265625 1.2585503948066772 12.9248046875 4.409912109375 4.972738901774089 192
150 6.4 5.189990997314453 0.9947299495638676 12.9248046875 4.409912109375 5.061861165364584 240
160 9.6 6.012502034505208 5.986330253982027 62.789794921875 4.409912109375 5.088835866827714 304
170 12.8 5.667598724365234 1.645411050194022 62.789794921875 4.409912109375 5.310515747070313 400
180 25.9 7.21681007179054 3.9006241736945153 62.789794921875 4.409912109375 5.397081317323627 528
190 18.1 6.609500442420582 3.1757170735938276 62.789794921875 4.409912109375 5.9959501196196 787
200 20.1 10.925844410758707 35.49428419948233 509.109130859375 0.760009765625 6.110673888655733 968
210 35.1 9.335332365117514 5.858016945527201 509.109130859375 0.760009765625 6.938603122995081 1169
220 37 7.222263645481419 2.8826951875044915 509.109130859375 0.760009765625 7.492058362458879 1520
230 36.4 6.333917974115735 2.3567556422025313 509.109130859375 0.760009765625 7.439241407283397 1890
240 25.8 5.30326997032461 1.4151145654802273 509.109130859375 0.760009765625 7.260741970871229 2254
250 14 4.982008579799107 0.8894541967698569 509.109130859375 0.760009765625 7.059695881643113 2512
260 12.4 4.861326156123989 0.7540973562633387 509.109130859375 0.760009765625 6.950014048212434 2652
270 4.8 4.713541666666667 0.6683191888458759 509.109130859375 0.760009765625 6.856715309516841 2776
280 5.6 4.638087681361607 0.5005237817777016 509.109130859375 0.760009765625 6.820287428901824 2824
290 4.8 4.465347290039063 0.1283892117660607 509.109130859375 0.760009765625 6.777855767144097 2880
300 4 4.548236083984375 0.3284069298197122 509.109130859375 0.760009765625 6.739945792109588 2928
310 0.8 4.487548828125 0.08214270876047695 509.109130859375 0.760009765625 6.710407925423265 2968
320 2 4.68302001953125 0.7395604964992943 509.109130859375 0.760009765625 6.7044324977423555 2976
330 0.4 4.77996826171875 0.6188345883810525 509.109130859375 0.760009765625 6.690938422453897 2996
340 0.8 4.426116943359375 0.03929506451283033 509.109130859375 0.760009765625 6.688390462239584 3000
344 0 0 0 509.109130859375 0.760009765625 6.682373777348944 3008
