10 0.2 9.1744384765625 1.3375244140625 10.511962890625 7.8369140625 0 0
20 0.3 8.689290364583334 0.33565410715905725 10.511962890625 7.8369140625 9.1744384765625 2
30 0.1 7.700927734375 0.0 10.511962890625 7.700927734375 8.883349609375 5
40 0.2 20.56201171875 12.8369140625 33.39892578125 7.700927734375 8.686279296875 6
50 0.2 8.195068359375 0.093994140625 33.39892578125 7.700927734375 11.65521240234375 8
60 0.1 7.4560546875 0.0 33.39892578125 7.4560546875 10.96318359375 10
70 0 0 0 33.39892578125 7.4560546875 10.644353693181818 11
80 0 0 0 33.39892578125 7.4560546875 10.644353693181818 11
90 0.6 7.5037841796875 0.38282435262587083 33.39892578125 7.100830078125 10.644353693181818 11
100 0.5 7.742626953125 0.6066210879331977 33.39892578125 7.083984375 9.535917394301471 17
110 0.2 7.5640869140625 0.2669677734375 33.39892578125 7.083984375 9.128351384943182 22
120 1 10.2252197265625 3.2580760588483533 33.39892578125 7.083984375 8.997996012369791 24
130 1.1 8.781649502840908 1.21142110826511 33.39892578125 7.083984375 9.358944163602942 34
140 0.7 8.334158761160714 1.2235632558741678 33.39892578125 7.083984375 9.217827690972221 45
150 1.2 8.344380696614582 1.8267225865351422 33.39892578125 7.073974609375 9.09887225811298 52
160 2.6 8.454918494591347 1.3068668905005725 33.39892578125 7.073974609375 8.95740509033203 64
170 3.1 9.236304498487904 2.418534018804547 33.39892578125 7.073974609375 8.812242296006943 90
180 3.1 9.678718813004032 1.9591754786465203 33.39892578125 7.073974609375 8.920886331353305 121
190 4.1 10.623279106326219 4.310240731863623 33.39892578125 7.073974609375 9.075444271689967 152
200 5.7 11.960873252467104 4.355660717572178 33.39892578125 7.073974609375 9.404258925680052 193
210 5.2 14.920480581430288 10.155453363509569 57.72314453125 7.073974609375 9.9871669921875 250
220 3.3 10.440843986742424 2.380486124634175 57.72314453125 7.073974609375 10.836611716163079 302
230 2 11.5924560546875 10.72665053165484 57.72314453125 7.073974609375 10.797625641324625 335
240 1.1 8.085116299715908 1.2644190636463115 57.72314453125 7.073974609375 10.842404819542253 355
250 0.5 7.926416015625 0.5655744793496162 57.72314453125 7.073974609375 10.759535492443648 366
260 0.1 8.7490234375 0.0 57.72314453125 7.073974609375 10.721353289252022 371
270 0.2 8.010986328125 0.302978515625 57.72314453125 7.073974609375 10.716051327284946 372
280 0 0 0 57.72314453125 7.073974609375 10.701585739054144 374
290 0.1 6.834228515625 0.0 57.72314453125 6.834228515625 10.701585739054144 374
300 0 0 0 57.72314453125 6.834228515625 10.691272786458333 375
310 0.1 10.772216796875 0.0 57.72314453125 6.834228515625 10.691272786458333 375
320 0 0 0 57.72314453125 6.834228515625 10.691488063081781 376
330 0 0 0 57.72314453125 6.834228515625 10.691488063081781 376
340 0 0 0 57.72314453125 6.834228515625 10.691488063081781 376
344 0 0 0 57.72314453125 6.834228515625 10.691488063081781 376
