0 0.6 19.740519205729168 41.04536609236326 111.51904296875 1.10498046875 0 0
10 1 1.5027587890625 0.2313055345506433 111.51904296875 1.10498046875 19.740519205729168 6
20 1 1.421337890625 0.2714512822681439 111.51904296875 1.044921875 8.3419189453125 16
30 1.2 1.4652303059895833 0.23933995625187013 111.51904296875 1.044921875 5.680157001201923 26
40 1.3 1.5930363581730769 0.27353756025888226 111.51904296875 1.044921875 4.349127518503289 38
50 1.6 1.4952239990234375 0.2864462007767354 111.51904296875 1.028076171875 3.646594477634804 51
60 1.3 1.9307767427884615 0.935395596222333 111.51904296875 1.028076171875 3.132834363339552 67
70 1.9 1.4781943873355263 0.2478118941015727 111.51904296875 1.028076171875 2.9375 80
80 1.9 1.4864566200657894 0.26154534849855854 111.51904296875 0.927978515625 2.657431246054293 99
90 3.1 1.4329322076612903 0.2526767862220685 111.51904296875 0.927978515625 2.4688844842425848 118
100 3.6 1.4785224066840277 0.28588197979831204 111.51904296875 0.884033203125 2.2533507891149327 149
110 4.3 1.455407430959302 0.267918077647878 111.51904296875 0.884033203125 2.1025733741554054 185
120 5.4 2.4954743561921298 2.984366881908171 111.51904296875 0.8310546875 1.9805201480263157 228
130 7.7 2.118173574472402 2.207247748442526 111.51904296875 0.8310546875 2.079128400653812 282
140 8.3 1.4404708678463853 0.26887554961894766 111.51904296875 0.8310546875 2.0875029922527855 359
150 14.7 1.432047526041667 0.26731087724166613 111.51904296875 0.8310546875 1.9660014847285068 442
160 19 1.4170551500822368 0.2629381063472029 111.51904296875 0.8310546875 1.832739630862691 589
170 16.3 1.33971044622316 0.26095099191976956 111.51904296875 0.8310546875 1.731353172135751 779
180 19.8 1.6089643998579544 1.2138564570550916 111.51904296875 0.8310546875 1.6635848448281583 942
190 33.1 1.3041630770864803 0.48343369980598944 111.51904296875 0.7900390625 1.6540981359649123 1140
200 30.3 1.3347127681518152 0.5915129559084957 111.51904296875 0.7900390625 1.5753568004864889 1471
210 7 1.3949741908482143 0.2529360915414732 111.51904296875 0.7900390625 1.5342546912433062 1774
220 0 0 0 111.51904296875 0.7900390625 1.528967470512473 1844
230 0.1 1.31494140625 0.0 111.51904296875 0.7900390625 1.528967470512473 1844
240 0.1 3.615966796875 0.0 111.51904296875 0.7900390625 1.5288514672256097 1845
250 0 0 0 111.51904296875 0.7900390625 1.5299820822470882 1846
260 0.2 1.215576171875 0.28564453125 111.51904296875 0.7900390625 1.5299820822470882 1846
270 0.4 1.30352783203125 0.204505001493701 111.51904296875 0.7900390625 1.529641816110322 1848
280 0.5 1.39091796875 0.24790536763918866 111.51904296875 0.7900390625 1.5291534489740821 1852
290 0.2 1.174560546875 0.092529296875 111.51904296875 0.7900390625 1.5287812478964729 1857
300 0 0 0 111.51904296875 0.7900390625 1.528400160536579 1859
310 0.1 4.384033203125 0.0 111.51904296875 0.7900390625 1.528400160536579 1859
320 0 0 0 111.51904296875 0.7900390625 1.5299354471186155 1860
330 0 0 0 111.51904296875 0.7900390625 1.5299354471186155 1860
340 0 0 0 111.51904296875 0.7900390625 1.5299354471186155 1860
343 0 0 0 111.51904296875 0.7900390625 1.5299354471186155 1860
