0 0.1 7.5299801623417695 0 7.5299801623417695 7.5299801623417695 0 0
10 0.1 1.87192118226601 0.0 7.5299801623417695 1.87192118226601 7.5299801623417695 1
20 0.1 1.3806706114398422 0.0 7.5299801623417695 1.3806706114398422 4.70095067230389 2
30 0.1 1.5794669299111548 0.0 7.5299801623417695 1.3806706114398422 3.594190652015874 3
40 0.1 1.7786561264822136 0.0 7.5299801623417695 1.3806706114398422 3.090509721489694 4
50 0.1 1.9801980198019802 0.0 7.5299801623417695 1.3806706114398422 2.828139002488198 5
60 0.1 1.9801980198019802 0.0 7.5299801623417695 1.3806706114398422 2.686815505373828 6
70 0.1 2.1696252465483234 0.0 7.5299801623417695 1.3806706114398422 2.5858701502921355 7
80 0.1 2.0771513353115725 0.0 7.5299801623417695 1.3806706114398422 2.5338395373241593 8
90 0.1 2.4630541871921183 0.0 7.5299801623417695 1.3806706114398422 2.483096403767205 9
100 0.1 2.868447082096934 0.0 7.5299801623417695 1.3806706114398422 2.4810921821096965 10
110 0.1 3.652517275419546 0.0 7.5299801623417695 1.3806706114398422 2.5163062639267184 11
120 0.1 4.715127701375246 0.0 7.5299801623417695 1.3806706114398422 2.610990514884454 12
130 0.1 56.59163987138264 0.0 56.59163987138264 1.3806706114398422 2.7728472215375914 13
140 0.1 33.24372759856631 0.0 56.59163987138264 1.3806706114398422 6.617046696526523 14
150 0.1 7.8817733990147785 0.0 56.59163987138264 1.3806706114398422 8.392158756662509 15
160 0.1 10.515873015873016 0.0 56.59163987138264 1.3806706114398422 8.360259671809526 16
170 0.1 12.363996043521267 0.0 56.59163987138264 1.3806706114398422 8.487060456754437 17
180 0.1 10.636182902584492 0.0 56.59163987138264 1.3806706114398422 8.702445767130373 18
190 0.1 15.594541910331383 0.0 56.59163987138264 1.3806706114398422 8.804221405838485 19
200 0.1 16.12265084075173 0.0 56.59163987138264 1.3806706114398422 9.143737431063128 20
210 0.1 17.002012072434606 0.0 56.59163987138264 1.3806706114398422 9.4760666410483 21
220 0.1 13.618290258449303 0.0 56.59163987138264 1.3806706114398422 9.818155069747677 22
230 0.1 12.784935579781962 0.0 56.59163987138264 1.3806706114398422 9.98337833882166 23
240 0.1 13.425468904244816 0.0 56.59163987138264 1.3806706114398422 10.10010989052834 24
250 0.1 14.66798810703667 0.0 56.59163987138264 1.3806706114398422 10.233124251077 25
260 0.1 14.529058116232466 0.0 56.59163987138264 1.3806706114398422 10.403695937844677 26
270 0.1 12.512512512512513 0.0 56.59163987138264 1.3806706114398422 10.55648712963682 27
280 0.1 7.623762376237623 0.0 56.59163987138264 1.3806706114398422 10.626345179025236 28
290 0.1 4.940711462450593 0.0 56.59163987138264 1.3806706114398422 10.522807840998077 29
300 0.1 3.152709359605911 0.0 56.59163987138264 1.3806706114398422 10.33673796171316 30
310 0.1 1.6815034619188922 0.0 56.59163987138264 1.3806706114398422 10.104995103580668 31
320 0.1 1.4851485148514851 0.0 56.59163987138264 1.3806706114398422 9.841760989778738 32
330 0.1 0.7920792079207921 0.0 56.59163987138264 0.7920792079207921 9.588530308720335 33
340 0.1 0.9871668311944718 0.0 56.59163987138264 0.7920792079207921 9.329811158696819 34
