0 0.1 3170.4140625 0 3170.4140625 3170.4140625 0 0
10 0.1 3171.6953125 0.0 3171.6953125 3170.4140625 3170.4140625 1
20 0.1 3169.62109375 0.0 3171.6953125 3169.62109375 3171.0546875 2
30 0.1 3167.9375 0.0 3171.6953125 3167.9375 3170.5768229166665 3
40 0.1 3166.27734375 0.0 3171.6953125 3166.27734375 3169.9169921875 4
50 0.1 3162.7734375 0.0 3171.6953125 3162.7734375 3169.1890625 5
60 0.1 3162.04296875 0.0 3171.6953125 3162.04296875 3168.1197916666665 6
70 0.1 3160.69921875 0.0 3171.6953125 3160.69921875 3167.2516741071427 7
80 0.1 3161.57421875 0.0 3171.6953125 3160.69921875 3166.4326171875 8
90 0.1 3158.1953125 0.0 3171.6953125 3158.1953125 3165.8927951388887 9
100 0.1 3152.859375 0.0 3171.6953125 3152.859375 3165.123046875 10
110 0.1 3152.15625 0.0 3171.6953125 3152.15625 3164.0081676136365 11
120 0.1 3143.37890625 0.0 3171.6953125 3143.37890625 3163.0205078125 12
130 0.1 3131.515625 0.0 3171.6953125 3131.515625 3161.5096153846152 13
140 0.1 3126.234375 0.0 3171.6953125 3126.234375 3159.3671875 14
150 0.1 3114.25 0.0 3171.6953125 3114.25 3157.1583333333333 15
160 0.1 3100.9375 0.0 3171.6953125 3100.9375 3154.4765625 16
170 0.1 3073.59375 0.0 3171.6953125 3073.59375 3151.327205882353 17
180 0.1 3058.44921875 0.0 3171.6953125 3058.44921875 3147.0086805555557 18
190 0.1 3029.8671875 0.0 3171.6953125 3029.8671875 3142.34765625 19
200 0.1 2999.10546875 0.0 3171.6953125 2999.10546875 3136.7236328125 20
210 0.1 2990.27734375 0.0 3171.6953125 2990.27734375 3130.170386904762 21
220 0.1 2977.8359375 0.0 3171.6953125 2977.8359375 3123.811612215909 22
230 0.1 2955.94140625 0.0 3171.6953125 2955.94140625 3117.46484375 23
240 0.1 2923.625 0.0 3171.6953125 2923.625 3110.7347005208335 24
250 0.1 2898.94140625 0.0 3171.6953125 2898.94140625 3103.2503125 25
260 0.1 2912.6171875 0.0 3171.6953125 2898.94140625 3095.392277644231 26
270 0.1 2930.12890625 0.0 3171.6953125 2898.94140625 3088.6228298611113 27
280 0.1 2990.421875 0.0 3171.6953125 2898.94140625 3082.962332589286 28
290 0.1 3047.87890625 0.0 3171.6953125 2898.94140625 3079.771282327586 29
300 0.1 3072.4375 0.0 3171.6953125 2898.94140625 3078.708203125 30
310 0.1 3077.85546875 0.0 3171.6953125 2898.94140625 3078.505922379032 31
320 0.1 3090.59375 0.0 3171.6953125 2898.94140625 3078.485595703125 32
330 0.1 3105.390625 0.0 3171.6953125 2898.94140625 3078.852509469697 33
340 0.1 3113.6328125 0.0 3171.6953125 2898.94140625 3079.6330422794117 34
