0 0.1 0.0 0 0.0 0.0 0 0
10 0.1 0.0 0.0 0.0 0.0 0.0 1
20 0.1 0.0 0.0 0.0 0.0 0.0 2
30 0.1 0.0 0.0 0.0 0.0 0.0 3
40 0.1 0.0 0.0 0.0 0.0 0.0 4
50 0.1 0.0 0.0 0.0 0.0 0.0 5
60 0.1 0.0 0.0 0.0 0.0 0.0 6
70 0.1 0.0 0.0 0.0 0.0 0.0 7
80 0.1 0.0 0.0 0.0 0.0 0.0 8
90 0.1 0.0 0.0 0.0 0.0 0.0 9
100 0.1 0.0 0.0 0.0 0.0 0.0 10
110 0.1 0.0 0.0 0.0 0.0 0.0 11
120 0.1 0.0 0.0 0.0 0.0 0.0 12
130 0.1 0.23828125 0.0 0.23828125 0.0 0.0 13
140 0.1 0.26953125 0.0 0.26953125 0.0 0.017020089285714284 14
150 0.1 0.23046875 0.0 0.26953125 0.0 0.033854166666666664 15
160 0.1 0.26953125 0.0 0.26953125 0.0 0.046142578125 16
170 0.1 0.23046875 0.0 0.26953125 0.0 0.059283088235294115 17
180 0.1 0.19140625 0.0 0.26953125 0.0 0.06879340277777778 18
190 0.1 0.16015625 0.0 0.26953125 0.0 0.07524671052631579 19
200 0.1 0.140625 0.0 0.26953125 0.0 0.0794921875 20
210 0.1 0.12109375 0.0 0.26953125 0.0 0.08240327380952381 21
220 0.1 0.171875 0.0 0.26953125 0.0 0.08416193181818182 22
230 0.1 0.1484375 0.0 0.26953125 0.0 0.08797554347826086 23
240 0.1 0.28125 0.0 0.28125 0.0 0.09049479166666667 24
250 0.1 0.44140625 0.0 0.44140625 0.0 0.098125 25
260 0.1 0.37109375 0.0 0.44140625 0.0 0.111328125 26
270 0.1 0.30859375 0.0 0.44140625 0.0 0.12094907407407407 27
280 0.1 0.26953125 0.0 0.44140625 0.0 0.12765066964285715 28
290 0.1 0.21875 0.0 0.44140625 0.0 0.13254310344827586 29
300 0.1 0.19140625 0.0 0.44140625 0.0 0.13541666666666666 30
310 0.1 0.16015625 0.0 0.44140625 0.0 0.13722278225806453 31
320 0.1 0.140625 0.0 0.44140625 0.0 0.137939453125 32
330 0.1 0.12109375 0.0 0.44140625 0.0 0.13802083333333334 33
340 0.1 0.1015625 0.0 0.44140625 0.0 0.13752297794117646 34
