10 0.1 63 0 63 63 0 0
20 0.1 138.0 0.0 138 63 63.0 1
30 0.1 217.0 0.0 217 63 100.5 2
40 0.1 412.0 0.0 412 63 139.33333333333334 3
50 0.1 547.0 0.0 547 63 207.5 4
60 0.1 611.0 0.0 611 63 275.4 5
70 0.1 494.0 0.0 611 63 331.3333333333333 6
80 0.1 488.0 0.0 611 63 354.57142857142856 7
90 0.1 687.0 0.0 687 63 371.25 8
100 0.1 1001.0 0.0 1001 63 406.3333333333333 9
110 0.1 1182.0 0.0 1182 63 465.8 10
120 0.1 1549.0 0.0 1549 63 530.9090909090909 11
130 0.1 1959.0 0.0 1959 63 615.75 12
140 0.1 2912.0 0.0 2912 63 719.0769230769231 13
150 0.1 3524.0 0.0 3524 63 875.7142857142857 14
160 0.1 5454.0 0.0 5454 63 1052.2666666666667 15
170 0.1 6226.0 0.0 6226 63 1327.375 16
180 0.1 5971.0 0.0 6226 63 1615.5294117647059 17
190 0.1 7002.0 0.0 7002 63 1857.5 18
200 0.1 7727.0 0.0 7727 63 2128.2631578947367 19
210 0.1 8102.0 0.0 8102 63 2408.2 20
220 0.1 7029.0 0.0 8102 63 2679.3333333333335 21
230 0.1 7544.0 0.0 8102 63 2877.0454545454545 22
240 0.1 8660.0 0.0 8660 63 3079.9565217391305 23
250 0.1 10893.0 0.0 10893 63 3312.4583333333335 24
260 0.1 12639.0 0.0 12639 63 3615.68 25
270 0.1 10487.0 0.0 12639 63 3962.730769230769 26
280 0.1 4092.0 0.0 12639 63 4204.37037037037 27
290 0.1 2156.0 0.0 12639 63 4200.357142857143 28
300 0.1 1.0e3 0.0 12639 63 4129.862068965517 29
310 0.1 483.0 0.0 12639 63 4025.5333333333333 30
320 0.1 252.0 0.0 12639 63 3911.2580645161293 31
330 0.1 48.0 0.0 12639 48 3796.90625 32
340 0.1 7.0 0.0 12639 7 3683.3030303030305 33
