0 2.46328125 2.46328125
10 15.33203125 17.7953125
20 38.2859375 56.08125
30 84.04453125 140.12578125
40 147.88125 288.00703125
50 149.73203125 437.7390625
60 116.35 554.0890625
70 128.975 683.0640625
80 144.103125 827.1671875
90 236.40703125 1063.57421875
100 273.428125 1337.00234375
110 370.55 1707.55234375
120 446.4796875 2154.03203125
130 637.9765625 2792.00859375
140 817.63984375 3609.6484375
150 1026.27890625 4635.92734375
160 1223.56328125 5859.490625
170 1293.7625 7153.253125
180 1330.18515625 8483.43828125
190 1416.37734375 9899.815625
200 1842.68984375 11742.50546875
210 1975.2578125 13717.76328125
220 1941.265625 15659.02890625
230 2064.1359375 17723.16484375
240 2379.89765625 20103.0625
250 3050.915625 23153.978125
260 3110.58046875 26264.55859375
270 1953.7296875 28218.28828125
280 1182.21015625 29400.4984375
290 623.47890625 30023.97734375
300 240.87734375 30264.8546875
310 162.8171875 30427.671875
320 65.5828125 30493.2546875
330 0 30493.2546875
340 8.3 30501.5546875
343 2.784375 30504.3390625
