20 0.1 68.636962890625 0 68.636962890625 68.636962890625 0 0
30 0.2 114.0240478515625 44.5059814453125 158.530029296875 68.636962890625 68.636962890625 1
40 0.3 69.79313151041667 0.531907678046783 158.530029296875 68.636962890625 98.89501953125 3
50 0.2 69.0855712890625 0.4185791015625 158.530029296875 68.636962890625 84.34407552083333 6
60 0.2 114.1824951171875 36.8175048828125 158.530029296875 68.636962890625 80.52944946289063 8
70 0.3 897.7610677083334 1177.209632545886 2562.5830078125 62.234130859375 87.26005859375 10
80 0 0 0 2562.5830078125 62.234130859375 274.2987530048077 13
90 0.6 72.22005208333333 13.092903606540725 2562.5830078125 58.39794921875 274.2987530048077 13
100 0.5 304.427197265625 239.88417195100743 2562.5830078125 58.39794921875 210.48442639802633 19
110 0.2 79.7354736328125 12.4185791015625 2562.5830078125 58.39794921875 230.05583699544272 24
120 0.2 195.506591796875 43.011474609375 2562.5830078125 58.39794921875 218.49273212139423 26
130 0.8 143.50775146484375 85.06293331159114 2562.5830078125 58.39794921875 216.85086495535714 28
140 1.3 256.6332444411058 222.86572490210378 2562.5830078125 58.39794921875 200.55239529079861 36
150 1.4 304.1131068638393 120.94455493499508 2562.5830078125 58.39794921875 215.43098792251274 49
160 1.4 601.7881208147321 258.5388568853933 2562.5830078125 58.39794921875 235.13812546502976 63
170 1.2 735.5597941080729 344.0123846878994 2562.5830078125 57.06005859375 301.80176098315746 77
180 1.8 1935.7642550998264 422.9372281470896 2766.991943359375 57.06005859375 360.28599016853934 89
190 2.8 2646.574977329799 1208.1384486358952 4589.384033203125 1.519775390625 625.31971697941 107
200 3.7 2270.825492240288 1994.8340352839953 4599.722900390625 1.519775390625 1044.5430302372686 135
210 5.3 2663.216225678066 2168.856036563225 5742.089111328125 1.330810546875 1308.3363505518716 172
220 5 2576.465678710937 2076.242197274869 5742.089111328125 1.330810546875 1627.4858322482642 225
230 3.9 3337.019255809295 824.4753032979171 5742.089111328125 1.330810546875 1800.0276225142045 275
240 2.8 2661.917898995536 337.1949975148429 5742.089111328125 1.330810546875 1990.9278572228304 314
250 1.3 1608.8596942608174 420.1444826644275 5742.089111328125 1.330810546875 2045.8627144439877 342
260 0.5 1191.626025390625 314.88189275701757 5742.089111328125 1.330810546875 2029.8597869443222 355
270 0.1 295.989013671875 0.0 5742.089111328125 1.330810546875 2018.2176513671875 360
280 0.1 65.650146484375 0.0 5742.089111328125 1.330810546875 2013.446934919278 361
290 0.1 107.251953125 0.0 5742.089111328125 1.330810546875 2008.0662808075795 362
300 0 0 0 5742.089111328125 1.330810546875 2002.829877701016 363
310 0 0 0 5742.089111328125 1.330810546875 2002.829877701016 363
320 0 0 0 5742.089111328125 1.330810546875 2002.829877701016 363
330 0 0 0 5742.089111328125 1.330810546875 2002.829877701016 363
340 0 0 0 5742.089111328125 1.330810546875 2002.829877701016 363
343 0 0 0 5742.089111328125 1.330810546875 2002.829877701016 363
