10 0.1 17.0048828125 0 17.0048828125 17.0048828125 0 0
20 0.2 35.446044921875 19.6708984375 55.116943359375 15.775146484375 17.0048828125 1
30 0.4 14.90576171875 1.4305491638915264 55.116943359375 13.196044921875 29.298990885416668 3
40 0.2 14.6375732421875 0.7174072265625 55.116943359375 13.196044921875 21.074288504464285 7
50 0.5 19.61337890625 8.329404483724952 55.116943359375 13.19091796875 19.643907335069443 9
60 0.3 60.586344401041664 53.39019183541755 135.553955078125 13.19091796875 19.633004324776785 14
70 0.3 16.499348958333332 1.6925632473315984 135.553955078125 13.19091796875 26.860064338235293 17
80 0.5 18.5904296875 6.554060063846168 135.553955078125 13.19091796875 25.30595703125 20
90 0.9 44.05088975694444 57.33358404217831 195.22705078125 13.19091796875 23.9628515625 25
100 0.7 57.36976841517857 73.91868363359806 233.8779296875 12.760009765625 29.2802734375 34
110 1.5 58.20496419270833 123.05452048768433 516.41015625 12.760009765625 34.07604087271341 41
120 1.4 48.25282505580357 83.08499418197356 516.41015625 12.760009765625 40.53914533342634 56
130 2.1 27.418596540178573 16.674808417026604 516.41015625 12.760009765625 42.081881277901786 70
140 2.3 74.70510996942934 60.136253013346526 516.41015625 12.760009765625 38.6980463384272 91
150 3 93.84457194010416 74.32101310292246 516.41015625 12.760009765625 45.96262935169956 114
160 3.7 197.60219594594594 190.1886938652628 750.0 12.760009765625 55.93803405761719 144
170 3.7 684.3395204286318 549.6819893097547 1923.400146484375 12.760009765625 84.8970063773308 181
180 3.8 1566.7874627364308 423.13172038390906 2274.47900390625 12.760009765625 186.6372495878727 218
190 4.1 2424.294380001906 866.7152752233227 4090.2451171875 2.278076171875 391.5032968521118 256
200 5.3 1743.3704580630897 1732.6891468555882 4301.509033203125 1.387939453125 672.1242881286828 297
210 6.8 1760.3543593462775 1875.4976104941532 5057.004150390625 1.387939453125 834.3415652901786 350
220 8.5 2513.8477912454046 1843.4417644495486 5104.830078125 1.387939453125 984.9847949452377 418
230 11.4 2535.3762828090735 934.0661697813184 5104.830078125 1.387939453125 1243.3413648965582 503
240 7.6 2076.199931897615 397.89384821094643 5104.830078125 1.387939453125 1482.0641860343649 617
250 3.8 1282.1758840460527 406.6343111329571 5104.830078125 1.387939453125 1547.22193016944 693
260 1.2 729.2107543945313 320.3153458131757 5104.830078125 1.387939453125 1533.4438867321094 731
270 0.3 92.5849609375 110.74243344718627 5104.830078125 1.387939453125 1520.454926317505 743
280 0.1 13.656005859375 0.0 5104.830078125 1.387939453125 1514.7128218990867 746
290 0.2 21.197998046875 5.10400390625 5104.830078125 1.387939453125 1512.7033750235316 747
300 0 0 0 5104.830078125 1.387939453125 1508.720717141084 749
310 0 0 0 5104.830078125 1.387939453125 1508.720717141084 749
320 0 0 0 5104.830078125 1.387939453125 1508.720717141084 749
330 0 0 0 5104.830078125 1.387939453125 1508.720717141084 749
340 0 0 0 5104.830078125 1.387939453125 1508.720717141084 749
343 0 0 0 5104.830078125 1.387939453125 1508.720717141084 749
