40 0.1 19.197021484375 0 19.197021484375 19.197021484375 0 0
50 0.2 20.16845703125 0.54443359375 20.712890625 19.197021484375 19.197021484375 1
60 0.3 24.790364583333332 6.84850970347272 34.35693359375 18.697998046875 19.844645182291668 3
70 0.2 20.3995361328125 0.1483154296875 34.35693359375 18.697998046875 22.3175048828125 6
80 0.2 18.358642578125 0.62353515625 34.35693359375 17.735107421875 21.8380126953125 8
90 0.4 31.51580810546875 11.905667277435079 48.1201171875 17.735107421875 21.142138671875 10
100 0.6 19.550821940104168 1.2070846662392203 48.1201171875 17.735107421875 24.106044224330358 14
110 0.7 37.476632254464285 24.640548266968324 87.006103515625 17.735107421875 22.7394775390625 20
120 0.4 44.3927001953125 33.410190411660274 101.620849609375 17.735107421875 26.560221354166668 27
130 0.6 157.8206787109375 116.22756848892767 292.041015625 17.735107421875 28.86118636592742 31
140 1.2 338.01755777994794 934.0931788267447 3430.98681640625 17.376953125 49.773536475929056 37
150 1.8 173.29294162326389 149.4409497536821 3430.98681640625 17.376953125 120.36390904017857 49
160 1.7 229.79579790900735 150.23366722357397 3430.98681640625 17.376953125 134.58364913712686 67
170 1.4 875.8050013950893 609.0690615794921 3430.98681640625 17.376953125 153.85277448381697 84
180 1.3 1479.4737642728364 357.3486768016596 3430.98681640625 17.376953125 256.988806899713 98
190 1.8 2371.963989257813 912.358041293747 3795.91796875 4.9638671875 400.1627208262951 111
200 2.9 2208.559073612608 1756.0543859630345 4287.137939453125 1.700927734375 675.2977815376696 129
210 2.3 2577.0673615828805 1755.2387190216361 4547.30810546875 1.700927734375 956.7191579311709 158
220 3.1 1809.3316138482862 2023.7470966181806 4560.932861328125 1.700927734375 1162.6197583952003 181
230 3.9 2675.235833583734 1170.677528220493 4560.932861328125 1.700927734375 1257.1861146171138 212
240 4.6 2085.221148947011 472.1796455206264 4560.932861328125 1.700927734375 1477.5205331019672 251
250 7.5 1026.8190625000002 296.6005045896267 4560.932861328125 1.700927734375 1571.6425140072602 297
260 10.6 515.3043926886793 297.6577551197072 4560.932861328125 1.700927734375 1461.7990762033771 372
270 10.8 94.95844862196181 200.37739155499335 4560.932861328125 1.700927734375 1251.9069497335904 478
280 7.8 20.58678886217949 12.146623839405773 4560.932861328125 1.700927734375 1038.6809461157477 586
290 4.7 19.075345952460115 10.040648699261999 4560.932861328125 1.700927734375 919.0855481251176 664
300 1.8 24.90302191840278 23.17098619929852 4560.932861328125 1.700927734375 859.5912028338169 711
310 1.4 16.621861049107142 5.899651970147644 4560.932861328125 1.700927734375 838.981618119856 729
320 0.5 17.095068359375 6.805639724764562 4560.932861328125 1.700927734375 823.4862794940276 743
330 0 0 0 4560.932861328125 1.700927734375 818.0959639115767 748
340 0.1 18.458984375 0.0 4560.932861328125 1.700927734375 818.0959639115767 748
343 0 0 0 4560.932861328125 1.700927734375 817.0283577973756 749
