10 0.1 15.10400390625 0 15.10400390625 15.10400390625 0 0
20 0 0 0 15.10400390625 15.10400390625 15.10400390625 1
30 0 0 0 15.10400390625 15.10400390625 15.10400390625 1
40 0.2 15.5380859375 1.4990234375 17.037109375 14.0390625 15.10400390625 1
50 0 0 0 17.037109375 14.0390625 15.393391927083334 3
60 0 0 0 17.037109375 14.0390625 15.393391927083334 3
70 0.1 13.00390625 0.0 17.037109375 13.00390625 15.393391927083334 3
80 0 0 0 17.037109375 13.00390625 14.7960205078125 4
90 0.1 21.791015625 0.0 21.791015625 13.00390625 14.7960205078125 4
100 0.3 16.090983072916668 4.5934080067241165 21.885009765625 10.650146484375 16.19501953125 5
110 0.5 67.584423828125 92.51059481521415 250.987060546875 10.650146484375 16.156005859375 8
120 0.1 19.072998046875 0.0 250.987060546875 10.650146484375 35.93616661658654 13
130 0.7 75.92986188616071 114.50810565198128 354.322021484375 10.650146484375 34.731654575892854 14
140 1 56.490625 43.05772496882578 354.322021484375 10.650146484375 48.464390345982146 21
150 0.7 140.94001116071428 60.25558874089043 354.322021484375 10.650146484375 51.05349829889113 31
160 1.4 203.97525460379464 123.94772607098156 495.800048828125 10.650146484375 67.61154014185855 38
170 1.3 785.7132474459135 603.5582839868437 1831.004150390625 10.650146484375 104.32484788161058 52
180 1.4 1251.7682582310267 530.0848334540598 2176.016845703125 10.650146484375 240.60252779447114 65
190 1 2429.82890625 1021.4793763805721 3604.325927734375 1.463134765625 419.7964547072785 79
200 3.1 1806.732925907258 1771.2514002758157 4214.224853515625 1.3349609375 645.6427975772472 89
210 3.7 2360.7891284839525 1891.4513915763648 4740.695068359375 1.3349609375 945.5910807291667 120
220 4.1 2657.4630216272867 1713.6859559222607 4904.1240234375 1.3349609375 1279.1090919834794 157
230 1.5 2622.177913411458 828.6870293982497 4904.1240234375 1.3349609375 1564.5258147885102 198
240 1.7 2206.1281594669113 298.0630265692972 4904.1240234375 1.3349609375 1639.0083569450558 213
250 0.7 1083.7800990513392 321.08798984654646 4904.1240234375 1.3349609375 1680.9259075662364 230
260 0.3 494.1806640625 202.49750371275422 4904.1240234375 1.3349609375 1663.2886895932227 237
270 0 0 0 4904.1240234375 1.3349609375 1648.6748392740885 240
280 0 0 0 4904.1240234375 1.3349609375 1648.6748392740885 240
290 0 0 0 4904.1240234375 1.3349609375 1648.6748392740885 240
300 0 0 0 4904.1240234375 1.3349609375 1648.6748392740885 240
310 0 0 0 4904.1240234375 1.3349609375 1648.6748392740885 240
320 0 0 0 4904.1240234375 1.3349609375 1648.6748392740885 240
330 0 0 0 4904.1240234375 1.3349609375 1648.6748392740885 240
340 0 0 0 4904.1240234375 1.3349609375 1648.6748392740885 240
343 0 0 0 4904.1240234375 1.3349609375 1648.6748392740885 240
