30 0.8 54.576995849609375 15.208763150801746 91.114990234375 42.48486328125 0 0
40 0.8 15.45166015625 4.5534471929990366 91.114990234375 11.7490234375 54.576995849609375 8
50 0.8 31.924102783203125 24.998353185188268 91.114990234375 11.7490234375 35.01432800292969 16
60 0 0 0 91.114990234375 11.7490234375 33.9842529296875 24
70 0 0 0 91.114990234375 11.7490234375 33.9842529296875 24
80 0 0 0 91.114990234375 11.7490234375 33.9842529296875 24
90 0 0 0 91.114990234375 11.7490234375 33.9842529296875 24
100 0.8 23.738525390625 23.106473912151685 91.114990234375 10.304931640625 33.9842529296875 24
110 0.8 15.087005615234375 5.579395750416643 91.114990234375 10.304931640625 31.422821044921875 32
120 1.6 18.8719482421875 7.164842633313945 91.114990234375 10.304931640625 28.155657958984374 40
130 4.6 40.49746836786685 49.73425947190213 303.5859375 10.304931640625 25.503169468470983 56
140 3.4 19.871962603400736 10.891628234173465 303.5859375 10.304931640625 32.26530426623774 102
150 4 55.14610595703126 66.26011186922669 387.02001953125 10.304931640625 29.16696885052849 136
160 6.1 120.52603499615775 132.85917670107227 806.01806640625 10.304931640625 35.071318192915484 176
170 2.5 575.0571289062501 437.75312856561624 1639.705078125 10.304931640625 57.06599213805378 237
180 2.4 1225.6344197591147 603.2833197916002 2316.45703125 10.304931640625 106.49262732585878 262
190 1.7 2665.6508932674633 880.4131243153197 3874.440185546875 10.304931640625 200.40662389368444 286
200 5 1443.899970703125 1727.4568615815592 4756.947998046875 1.28515625 338.72065880904495 303
210 9.4 1179.8578270445482 1791.0311460301373 5073.368896484375 1.27099609375 495.26163783086935 353
220 5.3 2840.9445340138564 1731.4409803939482 5167.4521484375 1.27099609375 639.2259371286004 447
230 7.4 2297.6846593908363 1163.405346225613 5167.4521484375 1.27099609375 872.6081083984375 500
240 13.2 1918.0490815133767 447.73661824406656 5167.4521484375 1.27099609375 1056.3287787354366 574
250 37.8 997.3319014291923 300.1039396497539 5167.4521484375 1.27099609375 1217.4436228808872 706
260 54.9 512.0202289852291 296.503010433877 5167.4521484375 1.27099609375 1140.6887975038203 1084
270 18.3 172.59126190018787 223.91338170074954 5167.4521484375 1.27099609375 929.3360454421506 1633
280 7.2 19.519158257378468 14.198667088231966 5167.4521484375 1.27099609375 853.0781735323603 1816
290 2.4 17.80606079101563 6.8350681401761655 5167.4521484375 1.27099609375 821.2899060006873 1888
300 0 0 0 5167.4521484375 1.27099609375 811.2043347219047 1912
310 0.8 15.323486328125 8.038208766940059 5167.4521484375 1.27099609375 811.2043347219047 1912
320 0 0 0 5167.4521484375 1.27099609375 807.888164520264 1920
330 0 0 0 5167.4521484375 1.27099609375 807.888164520264 1920
340 0 0 0 5167.4521484375 1.27099609375 807.888164520264 1920
343 0 0 0 5167.4521484375 1.27099609375 807.888164520264 1920
