0 0.9 12.170654296875 32.38357732176671 103.764892578125 0.572998046875 0 0
10 1.2 0.6918131510416666 0.09480472935809821 103.764892578125 0.56787109375 12.170654296875 9
20 0.9 0.9828559027777778 0.9462322862581759 103.764892578125 0.56787109375 5.6113164992559526 21
30 1.2 1.4732869466145833 2.1872255277062824 103.764892578125 0.56787109375 4.2227783203125 30
40 1.4 0.9938790457589286 1.1798668040835096 103.764892578125 0.56005859375 3.4372093563988093 42
50 1.9 1.3507401315789473 2.3382119401630215 103.764892578125 0.56005859375 2.8263767787388394 56
60 1.8 2.5796712239583335 2.5138205644257576 103.764892578125 0.56005859375 2.452548828125 75
70 1.4 1.1923479352678572 1.0881256524999954 103.764892578125 0.56005859375 2.4771531628024195 93
80 1.4 3.0284598214285716 3.2457915016209933 103.764892578125 0.56005859375 2.3090478059287385 107
90 3.4 1.5308048023897054 2.2561973786543126 103.764892578125 0.507080078125 2.392285559788223 121
100 4.4 2.230313387784091 2.3126568325687034 103.764892578125 0.507080078125 2.2033155871975807 155
110 4.3 2.9191837754360463 3.4831672170012826 103.764892578125 0.507080078125 2.2092849501413316 199
120 5.1 2.267156862745098 2.529863773536747 103.764892578125 0.507080078125 2.335423997611054 242
130 7.9 2.3406627027294302 3.225914970524817 103.764892578125 0.507080078125 2.323541322258959 293
140 9.1 3.254236242273352 3.3973607298895616 103.764892578125 0.503173828125 2.3271773143481185 372
150 15.7 2.7327919735270703 3.2064180681467342 103.764892578125 0.488037109375 2.509385440571005 463
160 19.2 2.521897633870444 2.978216629596244 103.764892578125 0.483154296875 2.5659577400453633 620
170 19 2.682830489309209 2.92587839709927 103.764892578125 0.483154296875 2.555539586861146 812
180 35.2 2.7409071488813908 3.2130541258635 103.764892578125 0.48095703125 2.579676584331337 1002
190 42.3 2.462697852024235 3.118488172704951 103.764892578125 0.47705078125 2.621591768025295 1354
200 39.9 2.7640396156406646 3.322446811144915 103.764892578125 0.47705078125 2.5837683991629157 1777
210 24 2.60965576171875 2.999316383189338 103.764892578125 0.47705078125 2.6168236451990468 2176
220 17.8 1.9714849236306176 3.146432781179956 103.764892578125 0.47705078125 2.6161116037937195 2416
230 8.2 2.2011599657012204 3.331277668847776 103.764892578125 0.47705078125 2.571877390582836 2594
240 2.1 0.9016345796130951 1.0079673372281595 103.764892578125 0.47705078125 2.5605175890730107 2676
250 1.2 1.7728271484375 2.236492950495503 103.764892578125 0.47705078125 2.5476008136934563 2697
260 0.3 3.32958984375 3.833499395187421 103.764892578125 0.47705078125 2.544168815176265 2709
270 0.3 1.8483072916666667 1.7192786627091106 103.764892578125 0.47705078125 2.5450376437476963 2712
280 0.2 0.72705078125 9.765625e-4 103.764892578125 0.47705078125 2.5442677759553414 2715
290 0.2 4.760498046875 4.0234375 103.764892578125 0.47705078125 2.5429301116235745 2717
300 0.2 1.150146484375 0.365966796875 103.764892578125 0.47705078125 2.544561275974624 2719
310 0.1 0.698974609375 0.0 103.764892578125 0.47705078125 2.5435363477926325 2721
320 0.1 0.791015625 0.0 103.764892578125 0.47705078125 2.5428586983663215 2722
323 0 0 0 103.764892578125 0.47705078125 2.5422153479904983 2723
