10 0.1 107 0 107 107 0 0
20 0.1 249.0 0.0 249 107 107.0 1
30 0.1 599.0 0.0 599 107 178.0 2
40 0.1 532.0 0.0 599 107 318.3333333333333 3
50 0.1 421.0 0.0 599 107 371.75 4
60 0.1 539.0 0.0 599 107 381.6 5
70 0.1 963.0 0.0 963 107 407.8333333333333 6
80 0.1 716.0 0.0 963 107 487.14285714285717 7
90 0.1 733.0 0.0 963 107 515.75 8
100 0.1 1246.0 0.0 1246 107 539.8888888888889 9
110 0.1 1376.0 0.0 1376 107 610.5 10
120 0.1 1638.0 0.0 1638 107 680.0909090909091 11
130 0.1 1961.0 0.0 1961 107 759.9166666666666 12
140 0.1 2196.0 0.0 2196 107 852.3076923076923 13
150 0.1 2143.0 0.0 2196 107 948.2857142857143 14
160 0.1 3114.0 0.0 3114 107 1027.9333333333334 15
170 0.1 3533.0 0.0 3533 107 1158.3125 16
180 0.1 4157.0 0.0 4157 107 1298.0 17
190 0.1 6290.0 0.0 6290 107 1456.8333333333333 18
200 0.1 7607.0 0.0 7607 107 1711.2105263157894 19
210 0.1 7012.0 0.0 7607 107 2006.0 20
220 0.1 6734.0 0.0 7607 107 2244.3809523809523 21
230 0.1 5569.0 0.0 7607 107 2448.4545454545455 22
240 0.1 4415.0 0.0 7607 107 2584.1304347826085 23
250 0.1 3577.0 0.0 7607 107 2660.4166666666665 24
260 0.1 3116.0 0.0 7607 107 2697.08 25
270 0.1 2948.0 0.0 7607 107 2713.1923076923076 26
280 0.1 1122.0 0.0 7607 107 2721.8888888888887 27
290 0.1 595.0 0.0 7607 107 2664.75 28
300 0.1 106.0 0.0 7607 106 2593.3793103448274 29
310 0.1 260.0 0.0 7607 106 2510.4666666666667 30
320 0.1 82.0 0.0 7607 82 2437.8709677419356 31
