10 0.3 6338.855712890625 5631.788966459882 14303.3720703125 2335.864990234375 0 0
20 0.4 8031.411437988281 7707.644800292138 20434.08984375 126.291015625 6338.855712890625 3
30 0.8 27588.954162597656 4835.877916484244 32463.7451171875 126.291015625 7306.030412946428 7
40 1 18738.793359375 12890.593667043879 37334.72900390625 126.291015625 18123.58974609375 15
50 0.9 19342.071533203125 17914.797324636533 48654.573974609375 123.806884765625 18369.67119140625 25
60 0.7 13560.162876674107 11788.503455031494 48654.573974609375 123.806884765625 18627.071281881894 34
70 1.3 28652.484806941105 21419.82384780215 70840.16088867188 123.806884765625 17761.98935904154 41
80 1.4 37508.13242885045 22140.587277495935 80404.86108398438 123.806884765625 20383.775300202546 54
90 2.2 27479.87265846946 20542.283995673057 80404.86108398438 123.806884765625 23909.378238453584 68
100 1.7 23596.789306640625 20111.864222903252 80404.86108398438 61.672119140625 24782.165763346355 90
110 1.8 25341.352484809027 18516.74211492987 80404.86108398438 61.672119140625 24593.83492443049 107
120 3.3 23916.729632753315 19026.082389210576 80404.86108398438 61.672119140625 24701.477453125 125
130 3.4 21510.49337230009 18587.895435275736 80404.86108398438 61.672119140625 24537.574427351166 158
140 2.6 27678.604285606973 22929.993717316745 96311.23706054688 61.672119140625 24001.52882385254 192
150 4.9 22939.286496532197 19686.362693697254 96311.23706054688 61.672119140625 24440.079108281967 218
160 7.4 26897.87797257707 23321.32637041653 96311.23706054688 6.73095703125 24164.652748822275 267
170 7.1 27888.044870295995 22307.30512826895 96311.23706054688 6.73095703125 24757.786668346773 341
180 11 26427.74953613281 26055.322262968275 144494.2109375 6.73095703125 25297.224368197247 412
190 17.2 27010.307371627452 22786.99914214556 144494.2109375 6.73095703125 25535.45764113386 522
200 18.5 27867.9348223712 22342.427552547244 144494.2109375 6.73095703125 25900.982358201436 694
210 18.3 34812.1491926016 20978.79056774836 144494.2109375 6.73095703125 26314.95983928381 879
220 17.2 43223.797370378365 16429.2979904476 144494.2109375 6.73095703125 27779.164784347045 1062
230 17.3 47203.974593851606 16258.668751885347 144494.2109375 6.73095703125 29931.901255009434 1234
240 13.7 51237.85325901002 13284.245185303456 144494.2109375 6.73095703125 32055.617450901187 1407
250 12.9 57701.7039993641 10518.154745426033 144494.2109375 6.73095703125 33757.6681670352 1544
260 11.1 69883.33011991477 17201.7058433319 153683.7041015625 6.73095703125 35603.92078052619 1673
270 8.6 72990.10174702488 10003.90580352435 153683.7041015625 6.73095703125 37736.77640646348 1784
280 3.1 85990.74225837956 11176.528065397684 153683.7041015625 6.73095703125 39358.052331216575 1870
290 1.2 93191.20273844402 11226.6849501139 153683.7041015625 6.73095703125 40118.501246388616 1901
300 0.7 105354.01297433036 8946.020134653409 153683.7041015625 6.73095703125 40451.41939479671 1913
310 0.2 118712.65600585938 7363.741943359375 153683.7041015625 6.73095703125 40688.04343388875 1920
320 0.2 116963.419921875 2174.669921875 153683.7041015625 6.73095703125 40769.234497959485 1922
323 0 0 0 153683.7041015625 6.73095703125 40848.43843291158 1924
