0 4.015625 4.015625
10 18.2578125 22.2734375
20 30.87890625 53.15234375
30 86.4875 139.63984375
40 38.98203125 178.621875
50 46.1796875 224.8015625
60 111.19921875 336.00078125
70 95.215625 431.21640625
80 119.9140625 551.13046875
90 130.50703125 681.6375
100 166.16328125 847.80078125
110 212.11953125 1059.9203125
120 225.646875 1285.5671875
130 243.56171875 1529.12890625
140 242.14765625 1771.2765625
150 312.609375 2083.8859375
160 416.54765625 2500.43359375
170 492.36953125 2992.803125
180 702.17578125 3694.97890625
190 950.96015625 4645.9390625
200 903.55234375 5549.49140625
210 959.98671875 6509.478125
220 1133.03515625 7642.51328125
230 871.028125 8513.54140625
240 547.9359375 9061.47734375
250 534.76796875 9596.2453125
260 553.53671875 10149.78203125
270 387.3984375 10537.18046875
280 160.925 10698.10546875
290 45.86953125 10743.975
300 51.3140625 10795.2890625
310 19.034375 10814.3234375
320 18.80390625 10833.12734375
323 0 10833.12734375
