0 19.45234375 19.45234375
10 82.81015625 102.2625
20 117.5234375 219.7859375
30 267.82890625 487.61484375
40 149.54296875 637.1578125
50 189.36796875 826.52578125
60 327.38203125 1153.9078125
70 329.26171875 1483.16953125
80 345.7796875 1828.94921875
90 459.7484375 2288.69765625
100 521.24453125 2809.9421875
110 636.6671875 3446.609375
120 714.490625 4161.1
130 774.56328125 4935.66328125
140 739.0953125 5674.75859375
150 790.6546875 6465.41328125
160 944.0421875 7409.45546875
170 1026.2640625 8435.71953125
180 1197.43046875 9633.15
190 1487.046875 11120.196875
200 1374.578125 12494.775
210 1402.99609375 13897.77109375
220 1294.825 15192.59609375
230 1131.66171875 16324.2578125
240 961.16015625 17285.41796875
250 976.1359375 18261.55390625
260 875.928125 19137.48203125
270 637.60703125 19775.0890625
280 277.56328125 20052.65234375
290 83.0515625 20135.70390625
300 45.99765625 20181.7015625
310 17.22265625 20198.92421875
320 57.01171875 20255.9359375
323 0 20255.9359375
