30 0.2 20.6390380859375 0.5269775390625 21.166015625 20.112060546875 0 0
40 0.2 57.6739501953125 38.1400146484375 95.81396484375 19.533935546875 20.6390380859375 2
50 0 0 0 95.81396484375 19.533935546875 39.156494140625 4
60 0.2 18.7730712890625 5.2379150390625 95.81396484375 13.53515625 39.156494140625 4
70 0.1 42.424072265625 0.0 95.81396484375 13.53515625 32.362019856770836 6
80 0.1 21.4130859375 0.0 95.81396484375 13.53515625 33.79945591517857 7
90 0.3 20.440022786458332 10.709929987326047 95.81396484375 12.703125 32.25115966796875 8
100 0.1 43.174072265625 0.0 95.81396484375 12.703125 29.02994051846591 11
110 0.2 258.4990234375 25.067138671875 283.566162109375 12.703125 30.2086181640625 12
120 0.5 35.27275390625 10.158781152205488 283.566162109375 12.703125 62.821533203125 14
130 0.1 642.422119140625 0.0 642.422119140625 12.703125 55.57185444078947 19
140 0.2 934.9949951171875 37.6529541015625 972.64794921875 12.703125 84.91436767578125 20
150 0.6 1991.1074625651042 968.1556291876022 2785.31005859375 4.718994140625 162.1944247159091 22
160 0.7 704.3296247209821 1107.815456481726 2785.31005859375 0.76416015625 554.1043613978794 28
170 0.5 347.5841796875 686.3054743904113 2785.31005859375 0.7080078125 584.1494140625 35
180 1 1127.1697021484374 1136.575277930032 2785.31005859375 0.7080078125 554.578759765625 40
190 2.3 536.5343495244566 811.3243078548064 2785.31005859375 0.69189453125 669.0969482421875 50
200 1.4 509.09737723214283 799.0454513388895 2785.31005859375 0.67578125 627.330650016053 73
210 2.3 368.6363684612772 900.037940413959 3863.135009765625 0.663818359375 608.3046061197916 87
220 2.7 416.40083369502315 648.3506686469893 3863.135009765625 0.663818359375 558.1921564275568 110
230 1.7 580.2876551011029 694.0840115275581 3863.135009765625 0.663818359375 530.2478811445027 137
240 1.9 1057.1881039268092 260.3149084480543 3863.135009765625 0.663818359375 535.771752295556 154
250 1.2 933.1782023111979 306.32905011137433 3863.135009765625 0.663818359375 593.0371319544797 173
260 1 757.33125 202.50641999207386 3863.135009765625 0.663818359375 615.1003365181587 185
270 0.5 131.149169921875 75.33815505314371 3863.135009765625 0.663818359375 622.3942295172274 195
280 0.3 4.401936848958333 0.5789239992528752 3863.135009765625 0.663818359375 610.1131030273435 200
290 0 0 0 3863.135009765625 0.663818359375 601.1617064828354 203
300 0 0 0 3863.135009765625 0.663818359375 601.1617064828354 203
310 0 0 0 3863.135009765625 0.663818359375 601.1617064828354 203
320 0 0 0 3863.135009765625 0.663818359375 601.1617064828354 203
323 0 0 0 3863.135009765625 0.663818359375 601.1617064828354 203
