10 0.1 10.34521484375 0 10.34521484375 10.34521484375 0 0
20 0.1 8.780029296875 0.0 10.34521484375 8.780029296875 10.34521484375 1
30 0.2 14.8060302734375 6.6629638671875 21.468994140625 8.14306640625 9.5626220703125 2
40 0.1 7.592041015625 0.0 21.468994140625 7.592041015625 12.184326171875 4
50 0.3 19.462158203125 13.777283486231857 38.74609375 7.408203125 11.265869140625 5
60 0.4 27.0679931640625 12.924938556596114 43.971923828125 7.408203125 14.3394775390625 8
70 0.1 253.72314453125 0.0 253.72314453125 7.408203125 18.582316080729168 12
80 0.3 26.165690104166668 23.98178997239936 253.72314453125 7.408203125 36.67007211538461 13
90 0.3 53.909342447916664 47.44988545751889 253.72314453125 7.408203125 34.70050048828125 16
100 0.5 127.5568359375 175.55664034268398 473.656005859375 7.408203125 37.73347553453947 19
110 0.3 234.04801432291666 48.257544256450885 473.656005859375 7.408203125 56.446675618489586 24
120 0.8 140.529296875 97.07922069415349 473.656005859375 7.408203125 76.18015769675925 27
130 0.6 297.6378987630208 254.25248770321252 719.1611328125 7.408203125 90.88853236607143 35
140 0.7 1188.575927734375 318.0932338723743 1576.135009765625 7.408203125 121.1445372046494 41
150 0.6 2306.3470458984375 355.33806187590204 2740.7119140625 7.408203125 276.8116149902344 48
160 1 1322.84111328125 1081.747507623818 2740.7119140625 0.735107421875 502.3155517578125 54
170 2.9 858.8238230738147 899.9825112676666 2740.7119140625 0.676025390625 630.5226707458496 64
180 2.3 844.5134489639946 1050.6513654082412 2740.7119140625 0.676025390625 701.7133526545699 93
190 2.6 600.6232346754807 820.85635327487 2740.7119140625 0.676025390625 730.0271648538524 116
200 3.9 376.7601975661058 678.6484561684955 2740.7119140625 0.676025390625 706.3334874972492 142
210 4.6 730.9711701766304 761.5313790292956 2740.7119140625 0.6669921875 635.320458175069 181
220 3.3 492.24778053977275 649.6205737721564 2740.7119140625 0.6669921875 654.7034218405837 227
230 2 478.4796875 584.977317138303 2740.7119140625 0.6669921875 634.084051983173 260
240 0.7 1115.2628696986608 64.27966180416323 2740.7119140625 0.6669921875 622.9694545200892 280
250 0.3 1127.024658203125 102.29742896048161 2740.7119140625 0.6669921875 634.9766109878593 287
260 0.3 820.4873860677084 185.21413814782997 2740.7119140625 0.6669921875 640.0667632004311 290
270 0.1 437.450927734375 0.0 2740.7119140625 0.6669921875 641.9140733321778 293
280 0 0 0 2740.7119140625 0.6669921875 641.2186204559948 294
290 0 0 0 2740.7119140625 0.6669921875 641.2186204559948 294
300 0 0 0 2740.7119140625 0.6669921875 641.2186204559948 294
310 0 0 0 2740.7119140625 0.6669921875 641.2186204559948 294
320 0 0 0 2740.7119140625 0.6669921875 641.2186204559948 294
323 0 0 0 2740.7119140625 0.6669921875 641.2186204559948 294
