0 0.9 9
10 3.8 47
20 5.7 104
30 8.2 186
40 8.9 275
50 20 475
60 15.2 627
70 20.9 836
80 21.6 1052
90 20.3 1255
100 26.5 1520
110 31.3 1833
120 44 2273
130 70 2973
140 80.8 3781
150 83.6 4617
160 119.8 5815
170 132.6 7141
180 154 8681
190 148 10161
200 150.1 11662
210 157.5 13237
220 140.9 14646
230 148.8 16134
240 132.3 17457
250 102.6 18483
260 126 19743
270 127.7 21020
280 129.2 22312
290 105.4 23366
300 56 23926
310 21.4 24140
320 8.3 24223
330 7.3 24296
340 1.4 24310
350 1.9 24329
360 0.1 24330
370 0.2 24332
373 0 24332
