0 0.1 0.0 0 0.0 0.0 0 0
10 0.1 0.0 0.0 0.0 0.0 0.0 1
20 0.1 0.0 0.0 0.0 0.0 0.0 2
30 0.1 0.0 0.0 0.0 0.0 0.0 3
40 0.1 0.0 0.0 0.0 0.0 0.0 4
50 0.1 0.0 0.0 0.0 0.0 0.0 5
60 0.1 0.0 0.0 0.0 0.0 0.0 6
70 0.1 0.0 0.0 0.0 0.0 0.0 7
80 0.1 0.0 0.0 0.0 0.0 0.0 8
90 0.1 0.0 0.0 0.0 0.0 0.0 9
100 0.1 0.0 0.0 0.0 0.0 0.0 10
110 0.1 0.0 0.0 0.0 0.0 0.0 11
120 0.1 0.0 0.0 0.0 0.0 0.0 12
130 0.1 0.078125 0.0 0.078125 0.0 0.0 13
140 0.1 0.0703125 0.0 0.078125 0.0 0.005580357142857143 14
150 0.1 0.05859375 0.0 0.078125 0.0 0.009895833333333333 15
160 0.1 0.05078125 0.0 0.078125 0.0 0.012939453125 16
170 0.1 0.0390625 0.0 0.078125 0.0 0.015165441176470588 17
180 0.1 0.0390625 0.0 0.078125 0.0 0.016493055555555556 18
190 0.1 0.03125 0.0 0.078125 0.0 0.01768092105263158 19
200 0.1 0.03125 0.0 0.078125 0.0 0.018359375 20
210 0.1 0.01953125 0.0 0.078125 0.0 0.018973214285714284 21
220 0.1 0.01953125 0.0 0.078125 0.0 0.018998579545454544 22
230 0.1 0.08984375 0.0 0.08984375 0.0 0.019021739130434784 23
240 0.1 0.078125 0.0 0.08984375 0.0 0.02197265625 24
250 0.1 0.140625 0.0 0.140625 0.0 0.02421875 25
260 0.1 0.19921875 0.0 0.19921875 0.0 0.02869591346153846 26
270 0.1 0.171875 0.0 0.19921875 0.0 0.03501157407407408 27
280 0.1 0.140625 0.0 0.19921875 0.0 0.03989955357142857 28
290 0.1 0.12109375 0.0 0.19921875 0.0 0.04337284482758621 29
300 0.1 0.171875 0.0 0.19921875 0.0 0.04596354166666667 30
310 0.1 0.1484375 0.0 0.19921875 0.0 0.050025201612903226 31
320 0.1 0.12109375 0.0 0.19921875 0.0 0.0531005859375 32
330 0.1 0.109375 0.0 0.19921875 0.0 0.05516098484848485 33
340 0.1 0.08984375 0.0 0.19921875 0.0 0.05675551470588235 34
350 0.1 0.078125 0.0 0.19921875 0.0 0.05770089285714286 35
360 0.1 0.05859375 0.0 0.19921875 0.0 0.058268229166666664 36
370 0.1 0.05078125 0.0 0.19921875 0.0 0.05827702702702703 37
