10 0.1 71 0 71 71 0 0
20 0.1 215.0 0.0 215 71 71.0 1
30 0.1 387.0 0.0 387 71 143.0 2
40 0.1 411.0 0.0 411 71 224.33333333333334 3
50 0.1 500.0 0.0 500 71 271.0 4
60 0.1 830.0 0.0 830 71 316.8 5
70 0.1 743.0 0.0 830 71 402.3333333333333 6
80 0.1 878.0 0.0 878 71 451.0 7
90 0.1 903.0 0.0 903 71 504.375 8
100 0.1 1097.0 0.0 1097 71 548.6666666666666 9
110 0.1 1233.0 0.0 1233 71 603.5 10
120 0.1 1394.0 0.0 1394 71 660.7272727272727 11
130 0.1 2299.0 0.0 2299 71 721.8333333333334 12
140 0.1 3778.0 0.0 3778 71 843.1538461538462 13
150 0.1 3348.0 0.0 3778 71 1052.7857142857142 14
160 0.1 4671.0 0.0 4671 71 1205.8 15
170 0.1 5859.0 0.0 5859 71 1422.375 16
180 0.1 6774.0 0.0 6774 71 1683.3529411764705 17
190 0.1 8146.0 0.0 8146 71 1966.1666666666667 18
200 0.1 8239.0 0.0 8239 71 2291.4210526315787 19
210 0.1 10338.0 0.0 10338 71 2588.7999999999997 20
220 0.1 1.39e4 0.0 13900 71 2957.8095238095234 21
230 0.1 16754.0 0.0 16754 71 3455.181818181818 22
240 0.1 18901.0 0.0 18901 71 4033.391304347826 23
250 0.1 15019.0 0.0 18901 71 4652.875 24
260 0.1 13293.0 0.0 18901 71 5067.52 25
270 0.1 12529.0 0.0 18901 71 5383.884615384615 26
280 0.1 10989.0 0.0 18901 71 5648.518518518518 27
290 0.1 10246.0 0.0 18901 71 5839.25 28
300 0.1 7461.0 0.0 18901 71 5991.206896551724 29
310 0.1 2018.0 0.0 18901 71 6040.2 30
320 0.1 908.0 0.0 18901 71 5910.451612903225 31
330 0.1 816.0 0.0 18901 71 5754.125 32
340 0.1 357.0 0.0 18901 71 5604.484848484848 33
350 0.1 198.0 0.0 18901 71 5450.14705882353 34
360 0.1 98.0 0.0 18901 71 5300.085714285714 35
370 0.1 6.0 0.0 18901 6 5155.583333333333 36
