0 22.6640625 22.6640625
10 123.4265625 146.090625
20 137.7375 283.828125
30 253.49921875 537.32734375
40 251.35859375 788.6859375
50 650.209375 1438.8953125
60 420.7265625 1859.621875
70 652.3046875 2511.9265625
80 634.30390625 3146.23046875
90 628.30546875 3774.5359375
100 761.5453125 4536.08125
110 853.10546875 5389.18671875
120 1274.51953125 6663.70625
130 2000.23359375 8663.93984375
140 2287.13515625 10951.075
150 2245.23515625 13196.31015625
160 3109.2375 16305.54765625
170 3342.01015625 19647.5578125
180 3693.59140625 23341.14921875
190 3688.7390625 27029.88828125
200 3880.5234375 30910.41171875
210 4573.503125 35483.91484375
220 4980.096875 40464.01171875
230 5670.703125 46134.71484375
240 5425.24609375 51559.9609375
250 4418.921875 55978.8828125
260 4534.9703125 60513.853125
270 4261.21640625 64775.06953125
280 4321.434375 69096.50390625
290 4152.0671875 73248.57109375
300 2098.67578125 75347.246875
310 824.52734375 76171.77421875
320 376.85234375 76548.6265625
330 392.39609375 76941.02265625
340 87.75546875 77028.778125
350 142.14453125 77170.92265625
360 31.31953125 77202.2421875
370 54.090625 77256.3328125
373 0 77256.3328125
