0 0.1 26.44091796875 0 26.44091796875 26.44091796875 0 0
10 0.8 31.65179443359375 4.178968784447749 38.291015625 23.262939453125 26.44091796875 1
20 0.1 39.02392578125 0.0 39.02392578125 23.262939453125 31.07280815972222 9
30 0.4 329.7735595703125 499.0798606542162 1193.97509765625 23.262939453125 31.867919921875 10
40 0.6 34.671712239583336 13.410870000286227 1193.97509765625 23.262939453125 116.98381696428571 14
50 0.8 48.158538818359375 32.34217334786847 1193.97509765625 23.262939453125 92.290185546875 20
60 1 31.1867431640625 4.242749595215106 1193.97509765625 23.262939453125 79.68114362444196 28
70 1.1 212.17296253551137 557.242924579268 1974.27294921875 23.262939453125 66.91945929276316 38
80 0.8 64.01666259765625 69.70650988344008 1974.27294921875 23.262939453125 99.52738859215562 49
90 1.3 40.51094876802885 18.37405779199153 1974.27294921875 23.262939453125 94.54342704906799 57
100 2 40.6739501953125 14.44969078266464 1974.27294921875 23.262939453125 84.50882393973214 70
110 1.4 44.79954310825893 16.900642464930137 1974.27294921875 22.880126953125 74.76774088541667 90
120 3.2 99.5210189819336 183.8468469334098 1974.27294921875 22.23095703125 70.73356041541466 104
130 4.7 217.87530127992025 327.9085336447901 1974.27294921875 22.23095703125 77.507080078125 136
140 5.1 69.17010857077204 62.232165782181895 1974.27294921875 22.23095703125 113.55793470372268 183
150 5.6 142.19248308454243 171.9878214177813 1974.27294921875 22.23095703125 103.88366490551549 234
160 8.3 372.35097715079064 871.8193151009599 5136.092041015625 22.23095703125 111.28122979525862 290
170 7 230.803369140625 191.1291991993437 5136.092041015625 22.23095703125 169.37449797356737 373
180 9.5 433.74065069901314 228.07008740734597 5136.092041015625 22.23095703125 179.08109161170287 443
190 14.1 1373.7897845329123 558.9460254096912 5136.092041015625 1.81005859375 224.0488576215439 538
200 16.1 2081.261539814637 1116.8613176215836 5136.092041015625 1.284912109375 462.8021281583671 679
210 21.5 1314.2785178960755 1133.413761812501 5136.092041015625 1.284912109375 773.0068487258188 840
220 28.6 1044.9760853160506 1136.6906300609448 5136.092041015625 1.284912109375 883.3133974192835 1055
230 30.1 776.5779384473633 978.3641691593435 5136.092041015625 1.27685546875 917.7917931974158 1341
240 19.4 951.025154035116 929.9023505843312 5136.092041015625 1.239013671875 891.9054531975584 1642
250 0.3 1042.2889811197917 735.3877919422669 5136.092041015625 1.239013671875 898.1523061183025 1836
260 0 0 0 5136.092041015625 1.239013671875 898.3874393564778 1839
270 0 0 0 5136.092041015625 1.239013671875 898.3874393564778 1839
280 0 0 0 5136.092041015625 1.239013671875 898.3874393564778 1839
290 0 0 0 5136.092041015625 1.239013671875 898.3874393564778 1839
300 0 0 0 5136.092041015625 1.239013671875 898.3874393564778 1839
310 0 0 0 5136.092041015625 1.239013671875 898.3874393564778 1839
320 0 0 0 5136.092041015625 1.239013671875 898.3874393564778 1839
330 0 0 0 5136.092041015625 1.239013671875 898.3874393564778 1839
340 0 0 0 5136.092041015625 1.239013671875 898.3874393564778 1839
350 0 0 0 5136.092041015625 1.239013671875 898.3874393564778 1839
360 0 0 0 5136.092041015625 1.239013671875 898.3874393564778 1839
370 0 0 0 5136.092041015625 1.239013671875 898.3874393564778 1839
373 0 0 0 5136.092041015625 1.239013671875 898.3874393564778 1839
