10 0.1 10.81494140625 0 10.81494140625 10.81494140625 0 0
20 0.6 10.138875325520834 1.477049297685815 12.35693359375 8.68798828125 10.81494140625 1
30 0.4 11.14825439453125 2.6663656172686774 14.613037109375 7.882080078125 10.235456194196429 7
40 0.3 10.043375651041666 1.3843384756336743 14.613037109375 7.882080078125 10.5673828125 11
50 0.6 10.732177734375 1.6868263713267218 14.613037109375 7.882080078125 10.455095563616071 14
60 0.4 10.5111083984375 1.6311240112862393 14.613037109375 7.882080078125 10.53822021484375 20
70 0.9 83.31678602430556 143.20887864093436 452.171875 7.882080078125 10.533701578776041 24
80 1.5 10.745947265625 2.9892114522737634 452.171875 7.742919921875 30.38363370028409 33
90 0.9 11.15625 2.185951272010517 452.171875 7.4208984375 24.246856689453125 48
100 1 31.90048828125 33.12484182773469 452.171875 7.4208984375 22.17991879111842 57
110 1.5 18.454622395833333 19.693789807850454 452.171875 7.4208984375 23.63075005830224 67
120 1.7 18.05137005974265 11.969153545825348 452.171875 7.4208984375 22.6838974371189 82
130 3.1 147.9354208669355 299.3269650073879 1201.98876953125 7.4208984375 21.888412937973484 99
140 4.1 20.57979230182926 11.01300304573004 1201.98876953125 7.363037109375 51.9457763671875 130
150 4 75.85234374999999 152.89712157452067 1201.98876953125 7.363037109375 44.42527726379751 171
160 6.2 134.13240297379033 236.1283133506214 1201.98876953125 7.363037109375 50.383014986300346 211
170 6 163.6664265950521 186.80957856655704 1201.98876953125 7.363037109375 69.40302251459478 273
180 7.8 281.5025415665064 192.4064585181649 1201.98876953125 7.363037109375 86.38741964620871 333
190 6.1 1288.9927077996927 571.9153843219023 2445.263916015625 1.394775390625 123.41656687195864 411
200 9.7 1750.8705400289948 1112.6189764574726 3173.428955078125 1.394775390625 274.052466441009 472
210 16.2 1109.2639295789922 1069.52700146483 3329.39501953125 1.31005859375 525.8123137837764 569
220 18 935.7305121527779 1042.2031483565509 3329.39501953125 1.27001953125 655.1134926604179 731
230 26.6 685.9640424914828 882.1956635270564 3329.39501953125 1.27001953125 710.5592264788864 911
240 29.3 769.8031051687822 805.140300125024 3329.39501953125 1.240966796875 705.0007566907392 1177
250 21.7 754.5634079331077 761.3357569131099 3329.39501953125 1.240966796875 717.9171431560906 1470
260 11.6 938.6086573107489 594.879558858895 3329.39501953125 1.240966796875 722.6309780444205 1687
270 2.4 1071.9410095214848 253.53674841871617 3329.39501953125 1.240966796875 736.5263805928921 1803
280 0.9 1065.7203776041667 158.32200212865175 3329.39501953125 1.240966796875 740.932484092775 1827
290 0.2 422.626953125 99.01708984375 3329.39501953125 1.240966796875 742.5245816099878 1836
300 0.1 6.947998046875 0.0 3329.39501953125 1.240966796875 742.1764884342696 1838
310 0 0 0 3329.39501953125 1.240966796875 741.7766904514597 1839
320 0 0 0 3329.39501953125 1.240966796875 741.7766904514597 1839
330 0 0 0 3329.39501953125 1.240966796875 741.7766904514597 1839
340 0 0 0 3329.39501953125 1.240966796875 741.7766904514597 1839
350 0 0 0 3329.39501953125 1.240966796875 741.7766904514597 1839
360 0 0 0 3329.39501953125 1.240966796875 741.7766904514597 1839
370 0 0 0 3329.39501953125 1.240966796875 741.7766904514597 1839
373 0 0 0 3329.39501953125 1.240966796875 741.7766904514597 1839
