10 0.4 12.23358154296875 2.771282849367707 16.958984375 10.111083984375 0 0
20 0.5 12.201806640625 1.941077894846022 16.958984375 10.111083984375 12.23358154296875 4
30 0.4 14.2769775390625 6.412684401757105 25.27294921875 9.302978515625 12.215928819444445 9
40 0.5 10.236962890625 1.2349076543869935 25.27294921875 8.7099609375 12.85009765625 13
50 0.6 20.983235677083332 12.862233985250427 47.77880859375 8.7099609375 12.124226888020834 18
60 1.1 10.968483664772727 1.3348886750438589 47.77880859375 8.7099609375 14.338979085286459 24
70 1 24.1649169921875 34.14894535928071 126.226806640625 8.7099609375 13.279680524553571 35
80 1.1 14.457719282670455 7.36387319202708 126.226806640625 8.7099609375 15.698621961805555 45
90 1 12.025537109375 1.948386837592018 126.226806640625 8.7099609375 15.454873221261161 56
100 1.4 13.046857561383929 5.4924772283162495 126.226806640625 8.10595703125 14.935276840672348 66
110 1.6 16.96337890625 11.178632951712528 126.226806640625 8.06787109375 14.604803466796875 80
120 3 26.506258138020833 30.26347684131129 158.625 8.06787109375 14.997899373372396 96
130 3.6 141.28614637586804 254.4639044665237 995.320068359375 8.06787109375 17.737984793526785 126
140 5.2 26.90325458233173 33.11453549131044 995.320068359375 8.06787109375 45.19313181182485 162
150 4.3 75.33531863190406 129.04868372694378 995.320068359375 8.014892578125 40.74886257849007 214
160 7.5 85.13617187500003 159.57184308105346 995.320068359375 7.9541015625 46.535701529061285 257
170 8.2 136.7168504668446 187.38774627405593 995.320068359375 7.9541015625 55.25568729998118 332
180 5.7 384.4731316817434 256.4161306339078 995.320068359375 7.9541015625 71.39050705766911 414
190 12.9 1299.278257857921 564.3356153969258 2523.445068359375 2.39501953125 109.2794871077163 471
200 13.4 1893.1159558652053 1049.9649407173179 3128.73193359375 1.429931640625 365.1292228190103 600
210 18.6 1157.820811281922 1073.9652836031837 3140.619140625 1.264892578125 644.0804792606862 734
220 24.6 799.4188579776422 995.669106320323 3140.619140625 1.205078125 747.9453724736751 920
230 31.3 783.4050316368808 913.7730252859221 3140.619140625 1.205078125 758.8051301357472 1166
240 25.5 759.5465935202205 822.3075110305466 3140.619140625 1.205078125 764.0111944831812 1479
250 8.9 891.5088933023175 774.318025814678 3140.619140625 1.205078125 763.3546355180399 1734
260 1.3 1039.9078838641826 575.9342247741805 3140.619140625 1.205078125 769.6112065234161 1823
270 0.3 804.9361165364584 599.8803266569219 3140.619140625 1.205078125 771.5250718858507 1836
280 0 0 0 3140.619140625 1.205078125 771.5795760369936 1839
290 0 0 0 3140.619140625 1.205078125 771.5795760369936 1839
300 0 0 0 3140.619140625 1.205078125 771.5795760369936 1839
310 0 0 0 3140.619140625 1.205078125 771.5795760369936 1839
320 0 0 0 3140.619140625 1.205078125 771.5795760369936 1839
330 0 0 0 3140.619140625 1.205078125 771.5795760369936 1839
340 0 0 0 3140.619140625 1.205078125 771.5795760369936 1839
350 0 0 0 3140.619140625 1.205078125 771.5795760369936 1839
360 0 0 0 3140.619140625 1.205078125 771.5795760369936 1839
370 0 0 0 3140.619140625 1.205078125 771.5795760369936 1839
373 0 0 0 3140.619140625 1.205078125 771.5795760369936 1839
