30 0.8 47.7239990234375 18.705918642414158 71.532958984375 11.673828125 0 0
40 0 0 0 71.532958984375 11.673828125 47.7239990234375 8
50 3.5 19.556591796875004 11.448851449846662 71.532958984375 9.680908203125 47.7239990234375 8
60 1.3 52.43503981370192 92.349902000619 362.677978515625 9.489013671875 24.797039652979652 43
70 2.4 12.987060546875 3.6333030998360316 362.677978515625 9.316162109375 31.213003976004465 56
80 1.6 18.09637451171875 5.44247032771446 362.677978515625 9.316162109375 25.745220947265626 80
90 1.6 15.992630004882813 5.067260393878454 362.677978515625 9.316162109375 24.470413208007813 96
100 1.6 13.5556640625 5.883571470043935 362.677978515625 9.316162109375 23.259301321847097 112
110 2.4 14.628641764322916 5.735207543113928 362.677978515625 9.215087890625 22.04634666442871 128
120 2.4 21.637919108072918 15.847788325846372 362.677978515625 9.215087890625 20.87513010125411 152
130 8.8 39.966192072088084 44.28476279136665 362.677978515625 9.215087890625 20.97914678400213 176
140 8 27.30810546875 22.20212190611785 362.677978515625 9.215087890625 27.30816188003078 264
150 4.8 70.79369099934897 116.83095664587516 516.053955078125 9.215087890625 27.30814876112827 344
160 8.9 104.12440747893258 141.43869095131956 782.89013671875 9.215087890625 32.63290903519611 392
170 10.5 169.10861467633936 171.2428366715978 782.89013671875 9.18896484375 45.86106571189579 481
180 9.9 302.0425593828913 220.50456986475453 791.740234375 9.18896484375 67.9446709017705 586
190 3.6 1341.1973198784722 552.4370884134312 2497.827880859375 1.48193359375 101.77779639028284 685
200 7.5 1610.7062467447918 1201.3423277543177 3192.005126953125 1.239013671875 163.66282114142683 721
210 18.2 949.9974459134612 1093.2824217269424 3311.803955078125 1.239013671875 300.00485244827655 796
220 37.5 617.6195820312498 957.0454522268602 3311.803955078125 1.212890625 420.96461933034567 978
230 52.9 586.2440298617679 855.844731740993 3311.803955078125 1.212890625 475.46987506784683 1353
240 57.7 571.0323319195463 780.6313885491877 3311.803955078125 1.212890625 506.60671241427843 1882
250 61.8 551.7073046242919 745.5195969890103 3311.803955078125 1.212890625 521.7240700615089 2459
260 51.5 849.4418987977849 605.3447111557053 3311.803955078125 1.212890625 527.7460521738909 3077
270 60.5 918.8826623837809 483.1198716632941 3311.803955078125 1.212890625 573.8689255066596 3592
280 65.8 921.8641587463195 212.9375235170595 3311.803955078125 1.212890625 623.6028570793683 4197
290 86.9 410.03134636390575 217.22197563811332 3311.803955078125 1.212890625 664.0263249468974 4855
300 31.8 44.517204236684364 60.92023060445257 3311.803955078125 1.212890625 625.4655918251957 5724
310 7.8 12.48354241786859 11.3835635809712 3311.803955078125 1.212890625 594.8893608994846 6042
320 6.1 10.74954773949795 9.485139382608994 3311.803955078125 1.212890625 587.4665416443268 6120
330 7.5 11.04814778645833 7.582487406127838 3311.803955078125 1.212890625 581.7749485965684 6181
340 1.6 7.0058135986328125 2.6708998283909136 3311.803955078125 1.212890625 574.9327954538641 6256
350 3.2 8.339073181152344 1.5522420835840685 3311.803955078125 1.212890625 573.4840021328048 6272
360 0.8 5.273345947265625 0.8532293956019326 3311.803955078125 1.212890625 570.6152461482786 6304
370 1.6 5.9268798828125 0.4545625377284191 3311.803955078125 1.212890625 569.8987164902292 6312
373 0 0 0 3311.803955078125 1.212890625 568.4727447162534 6328
