30 0.8 30.090301513671875 20.27586212926879 76.291015625 14.56494140625 0 0
40 0 0 0 76.291015625 14.56494140625 30.090301513671875 8
50 3.6 14.17205810546875 9.365982733346028 76.291015625 6.342041015625 30.090301513671875 8
60 1.2 22.89013671875 23.35596637756081 90.55517578125 6.30712890625 17.0662841796875 44
70 2.4 11.958079020182291 5.457835147783723 90.55517578125 6.30712890625 18.314252580915177 56
80 1.6 12.481414794921875 7.351931355895981 90.55517578125 6.30712890625 16.40740051269531 80
90 1.6 12.888763427734375 7.959744240405449 90.55517578125 6.30712890625 15.753069559733072 96
100 1.6 11.28411865234375 7.563190169850399 90.55517578125 6.30712890625 15.343882969447545 112
110 2.4 11.060780843098959 3.9110309084193404 90.55517578125 6.16796875 14.83641242980957 128
120 2.4 16.466807047526043 20.884676616096854 111.210205078125 6.16796875 14.240260074013158 152
130 8.8 43.46605613014918 116.50407589911441 1050.003173828125 6.16796875 14.543880115855824 176
140 8 17.840786743164063 13.752224128681808 1050.003173828125 6.16796875 24.18460545395361 264
150 4.8 62.17462666829427 118.20788202774237 1050.003173828125 6.16796875 22.709298777025808 344
160 9.2 84.97414497707204 139.71775582371637 1050.003173828125 6.16796875 27.541787906568885 392
170 10.5 154.10985398065478 177.61993562000367 1050.003173828125 6.16796875 38.45868222575544 484
180 10 272.6127661132814 214.79217500207957 1050.003173828125 6.16796875 59.075614372214574 589
190 4.7 1393.5050126745343 584.5331366576322 2571.041015625 1.83203125 90.06794408789916 689
200 7.1 1451.5600620323503 1222.443471437435 3108.720947265625 1.365966796875 173.3037351525348 736
210 18.9 989.4627278645834 1081.4126204077895 3326.655029296875 1.365966796875 285.76494854592625 807
220 39.4 678.6792413546957 961.5914019783613 3326.655029296875 1.31005859375 419.29796088651483 996
230 52.7 568.3081351177065 840.2302776262454 3326.655029296875 1.31005859375 492.82042455879053 1390
240 57.2 530.0116803362652 767.9008316732718 3326.655029296875 1.31005859375 513.5726538047732 1917
250 61.2 609.6086270201442 761.2488342175511 3326.655029296875 1.31005859375 517.3505257115684 2489
260 54.9 850.535567153347 595.8357304152605 3326.655029296875 1.31005859375 535.5581871113906 3101
270 60.6 891.7407045269956 493.36003103043424 3326.655029296875 1.31005859375 582.9342368766053 3650
280 65.3 923.8623129127584 207.47807270297042 3326.655029296875 1.31005859375 626.9043307196825 4256
290 82.7 407.55530301777844 214.9362611343539 3326.655029296875 1.31005859375 666.4059730851498 4909
300 30.6 36.65525508706086 46.51151631668839 3326.655029296875 1.31005859375 629.0856271741113 5736
310 7.8 11.263797075320513 10.43438514618458 3326.655029296875 1.31005859375 599.0817056483521 6042
320 6.1 8.666619973104508 2.814363845444455 3326.655029296875 1.31005859375 591.589908774382 6120
330 7.5 9.794020182291666 4.345230281906269 3326.655029296875 1.31005859375 585.8370660924733 6181
340 1.6 8.828338623046875 7.79662087933935 3326.655029296875 1.31005859375 578.9311791929746 6256
350 3.2 9.173500061035156 2.5131112058136433 3326.655029296875 1.31005859375 577.4768352119289 6272
360 0.8 8.566192626953125 3.7983726727339135 3326.655029296875 1.31005859375 574.5920467086249 6304
370 1.6 6.5387420654296875 0.5824450533579908 3326.655029296875 1.31005859375 573.8746501888762 6312
373 0 0 0 3326.655029296875 1.31005859375 572.4401725450748 6328
