20 0.1 65.64599609375 0 65.64599609375 65.64599609375 0 0
30 0.2 64.6080322265625 1.5760498046875 66.18408203125 63.031982421875 65.64599609375 1
40 0.1 63.14306640625 0.0 66.18408203125 63.031982421875 64.95402018229167 3
50 0.5 84.666796875 16.498178725729034 104.907958984375 63.031982421875 64.50128173828125 4
60 0 0 0 104.907958984375 63.031982421875 75.704345703125 9
70 0.6 475.1053059895833 704.4479452184758 2000.636962890625 62.501953125 75.704345703125 9
80 0.6 233.00040690104166 332.5718062930972 2000.636962890625 62.134033203125 235.46472981770833 15
90 0.5 70.685205078125 3.9857751625586095 2000.636962890625 62.134033203125 234.76063755580358 21
100 0.5 88.64951171875 18.69760143240275 2000.636962890625 62.134033203125 203.2076697716346 26
110 0.4 69.39898681640625 7.078772928622045 2000.636962890625 62.134033203125 184.73054750504033 31
120 1 100.976708984375 36.263642047116406 2000.636962890625 62.134033203125 171.54979771205356 35
130 0.9 661.0604654947916 1238.5793026168813 4056.004150390625 60.10498046875 155.86688910590277 45
140 1 157.316650390625 87.0246445090357 4056.004150390625 60.10498046875 240.06581850405092 54
150 1.5 170.26388346354167 186.3187117403451 4056.004150390625 60.10498046875 227.13626098632813 64
160 1.5 257.78138020833336 256.14477064502836 4056.004150390625 60.10498046875 216.33770829212816 79
170 1.8 319.60103352864576 239.24074279357657 4056.004150390625 60.10498046875 222.95106019365028 94
180 2.2 454.89609596946025 228.96167232566083 4056.004150390625 60.10498046875 238.48409162248885 112
190 2.6 1794.6876690204326 529.2820899098548 4056.004150390625 60.10498046875 274.0144206943797 134
200 3 1675.3408203125 1299.4018062286061 4056.004150390625 1.571044921875 521.1238235473633 160
210 4.5 1347.6149956597221 1163.9671177540292 4056.004150390625 1.277099609375 703.3686125102796 190
220 5.1 651.2680616191789 1009.4224411360691 4056.004150390625 1.277099609375 826.7349411984708 235
230 9.6 553.2896321614584 828.006795615614 4056.004150390625 1.277099609375 795.4453927420236 286
240 11.7 619.5873960837339 802.430235426723 4056.004150390625 1.277099609375 734.5894947950752 382
250 12.8 846.6238784790039 769.9218923782106 4056.004150390625 1.277099609375 707.6250748567447 499
260 13.5 899.600685402199 647.5352069248502 4056.004150390625 1.277099609375 736.0012261544308 627
270 12.5 1025.7430156250007 411.71880132524245 4056.004150390625 1.277099609375 764.985382320374 762
280 5.9 1009.503173828125 226.9015441130051 4056.004150390625 1.277099609375 801.7325121547352 887
290 5.4 525.8193359374999 264.11669418470046 4056.004150390625 1.277099609375 814.6907246692489 946
300 3.1 48.202250819052416 57.05996398693011 4056.004150390625 1.277099609375 799.0916696777344 1000
310 1.3 57.83554311899039 35.43607168453333 4056.004150390625 1.277099609375 776.5140052891611 1031
320 0.2 7.9129638671875 2.2608642578125 4056.004150390625 1.277099609375 767.564943978613 1044
330 0 0 0 4056.004150390625 1.277099609375 766.1124545328933 1046
340 0.1 9.27294921875 0.0 4056.004150390625 1.277099609375 766.1124545328933 1046
350 0.1 11.83984375 0.0 4056.004150390625 1.277099609375 765.3895896758597 1047
360 0 0 0 4056.004150390625 1.277099609375 764.6705536587549 1048
370 0 0 0 4056.004150390625 1.277099609375 764.6705536587549 1048
373 0 0 0 4056.004150390625 1.277099609375 764.6705536587549 1048
