0 2.8 28
10 5.8 86
20 6.5 151
30 5.2 203
40 8.7 290
50 10 390
60 14 530
70 13.5 665
80 15.1 816
90 17.8 994
100 23.8 1232
110 27.4 1506
120 35.4 1860
130 47.5 2335
140 64.4 2979
150 70.8 3687
160 103.7 4724
170 116.5 5889
180 139.5 7284
190 150.6 8790
200 163.9 10429
210 174 12169
220 155.4 13723
230 162 15343
240 161.3 16956
250 156.2 18518
260 141.2 19930
270 116.2 21092
280 104.8 22140
290 108.4 23224
300 116.1 24385
310 126.9 25654
320 110.2 26756
330 69.9 27455
340 30.9 27764
350 12.4 27888
360 6.1 27949
370 3.4 27983
380 0.2 27985
390 0.1 27986
400 0.2 27988
410 0 27988
413 0 27988
