10 0.5 5
20 0.5 10
30 0.1 11
40 0.4 15
50 0.3 18
60 0.5 23
70 0.3 26
80 0.6 32
90 0.4 36
100 1.3 49
110 1.3 62
120 1.6 78
130 2.4 102
140 2.3 125
150 3.3 158
160 4.7 205
170 5.7 262
180 4.3 305
190 9 395
200 8.2 477
210 8.6 563
220 11.2 675
230 18.7 862
240 27 1132
250 36.3 1495
260 48.9 1984
270 63.4 2618
280 89.7 3515
290 98.8 4503
300 112.7 5630
310 116 6790
320 155.3 8343
330 77.3 9116
340 26.9 9385
350 7.3 9458
360 15.5 9613
370 11.9 9732
380 3.4 9766
390 1.7 9783
400 1.7 9800
410 0 9800
413 3.4 9834
