10 0.1 169 0 169 169 0 0
20 0.1 262.0 0.0 262 169 169.0 1
30 0.1 256.0 0.0 262 169 215.5 2
40 0.1 233.0 0.0 262 169 229.0 3
50 0.1 375.0 0.0 375 169 230.0 4
60 0.1 425.0 0.0 425 169 259.0 5
70 0.1 552.0 0.0 552 169 286.6666666666667 6
80 0.1 580.0 0.0 580 169 324.57142857142856 7
90 0.1 763.0 0.0 763 169 356.5 8
100 0.1 678.0 0.0 763 169 401.6666666666667 9
110 0.1 1123.0 0.0 1123 169 429.3 10
120 0.1 1069.0 0.0 1123 169 492.3636363636364 11
130 0.1 1782.0 0.0 1782 169 540.4166666666666 12
140 0.1 2.3e3 0.0 2300 169 635.9230769230769 13
150 0.1 2665.0 0.0 2665 169 754.7857142857143 14
160 0.1 3665.0 0.0 3665 169 882.1333333333333 15
170 0.1 4595.0 0.0 4595 169 1056.0625 16
180 0.1 5347.0 0.0 5347 169 1264.235294117647 17
190 0.1 6653.0 0.0 6653 169 1491.0555555555557 18
200 0.1 8279.0 0.0 8279 169 1762.7368421052631 19
210 0.1 8372.0 0.0 8372 169 2088.55 20
220 0.1 12205.0 0.0 12205 169 2387.7619047619046 21
230 0.1 14094.0 0.0 14094 169 2834.0 22
240 0.1 16521.0 0.0 16521 169 3323.5652173913045 23
250 0.1 22696.0 0.0 22696 169 3873.4583333333335 24
260 0.1 25214.0 0.0 25214 169 4626.36 25
270 0.1 25651.0 0.0 25651 169 5418.192307692308 26
280 0.1 20705.0 0.0 25651 169 6167.555555555556 27
290 0.1 16901.0 0.0 25651 169 6686.75 28
300 0.1 14839.0 0.0 25651 169 7038.9655172413795 29
310 0.1 12252.0 0.0 25651 169 7298.966666666666 30
320 0.1 10878.0 0.0 25651 169 7458.741935483871 31
330 0.1 8797.0 0.0 25651 169 7565.59375 32
340 0.1 2725.0 0.0 25651 169 7602.909090909091 33
350 0.1 1191.0 0.0 25651 169 7459.441176470588 34
360 0.1 650.0 0.0 25651 169 7280.342857142857 35
370 0.1 704.0 0.0 25651 169 7096.166666666666 36
380 0.1 165.0 0.0 25651 165 6923.405405405405 37
390 0.1 107.0 0.0 25651 107 6745.552631578947 38
400 0.1 59.0 0.0 25651 59 6575.333333333333 39
410 0.1 119.0 0.0 25651 59 6412.425 40
