10 0.1 15.635009765625 0 15.635009765625 15.635009765625 0 0
20 0.2 16.224609375 1.435546875 17.66015625 14.7890625 15.635009765625 1
30 0.1 14.344970703125 0.0 17.66015625 14.344970703125 16.028076171875 3
40 0 0 0 17.66015625 14.344970703125 15.6072998046875 4
50 0.1 12.276123046875 0.0 17.66015625 12.276123046875 15.6072998046875 4
60 0.1 12.630126953125 0.0 17.66015625 12.276123046875 14.941064453125 5
70 0 0 0 17.66015625 12.276123046875 14.555908203125 6
80 0 0 0 17.66015625 12.276123046875 14.555908203125 6
90 0.1 25.431884765625 0.0 25.431884765625 12.276123046875 14.555908203125 6
100 0.2 18.948974609375 2.358154296875 25.431884765625 12.276123046875 16.109619140625 7
110 0.6 16.504923502604168 0.8343996586848731 25.431884765625 12.276123046875 16.740587022569443 9
120 0.4 184.171875 279.0871898891695 667.336181640625 12.276123046875 16.646321614583332 15
130 0.8 123.08868408203125 206.2207109261795 667.336181640625 12.276123046875 51.9148591694079 19
140 0.6 19.340657552083332 5.386323407942993 667.336181640625 12.276123046875 73.00339988425925 27
150 1.2 45.022847493489586 28.74205459194492 667.336181640625 12.276123046875 63.24653764204545 33
160 0.9 44.30308702256944 40.77962244327309 667.336181640625 11.3720703125 58.38688693576389 45
170 1.3 49.98792442908654 28.76701308860699 667.336181640625 11.3720703125 56.03958695023148 54
180 1.2 171.9287312825521 163.59481748159962 667.336181640625 11.3720703125 54.86538377448694 67
190 2 601.9614990234375 241.1578956004732 968.506103515625 11.3720703125 72.6471580795095 79
200 1.3 1182.510498046875 457.0171497143478 1993.5400390625 11.3720703125 179.57934816919192 99
210 1.8 1438.8378363715278 923.8186263147975 2575.5830078125 1.787109375 295.9909994942801 112
220 2.7 914.1075122974537 1024.661888227761 2575.5830078125 1.68798828125 454.23133075420674 130
230 5.3 831.4990510760613 990.8835264458285 2605.322998046875 1.43896484375 533.3183173890327 157
240 4.9 397.7562579719388 720.9185943813079 2605.322998046875 1.43896484375 608.5734549386161 210
250 6.9 422.42709748641306 722.0322241573523 2605.322998046875 1.43896484375 568.6891203773528 259
260 9.1 437.427015367445 712.9433182725901 2605.322998046875 1.43896484375 537.9205850740758 328
270 9.9 359.82553069760087 619.6808221241535 2605.322998046875 1.43896484375 516.0950126556907 419
280 8.9 576.7255228449791 687.6121589680521 2605.322998046875 1.43896484375 486.2288375324264 518
290 4.3 703.1170909792879 635.6220491223395 2605.322998046875 1.43896484375 499.49770901976933 607
300 2 804.549658203125 527.9972589308444 2605.322998046875 1.43896484375 512.9679142878606 650
310 1.3 846.0232872596154 375.53704362290495 2605.322998046875 1.43896484375 521.6718469420475 670
320 0.4 735.4797973632813 129.29136919467726 2605.322998046875 1.43896484375 527.8454468309617 683
330 0.5 56.022216796875 63.2257267459191 2605.322998046875 1.43896484375 529.0543804585152 687
340 0 0 0 2605.322998046875 1.43896484375 525.6365180043126 692
350 0.3 15.3876953125 4.7656940267598 2605.322998046875 1.43896484375 525.6365180043126 692
360 0 0 0 2605.322998046875 1.43896484375 523.4340051006069 695
370 0 0 0 2605.322998046875 1.43896484375 523.4340051006069 695
380 0 0 0 2605.322998046875 1.43896484375 523.4340051006069 695
390 0 0 0 2605.322998046875 1.43896484375 523.4340051006069 695
400 0 0 0 2605.322998046875 1.43896484375 523.4340051006069 695
410 0 0 0 2605.322998046875 1.43896484375 523.4340051006069 695
413 0 0 0 2605.322998046875 1.43896484375 523.4340051006069 695
