0 0.3 13.292399088541666 5.638490261771687 21.26611328125 9.244140625 0 0
10 0.5 9.188232421875 0.43904831615629475 21.26611328125 8.639892578125 13.292399088541666 3
20 0.4 9.19403076171875 0.12632577385539875 21.26611328125 8.639892578125 10.727294921875 8
30 0.3 24.224039713541668 12.85350326266729 40.43701171875 8.639892578125 10.216206868489584 12
40 0.4 13.2030029296875 6.8910029917473 40.43701171875 8.639892578125 13.0177734375 15
50 0.3 16.657958984375 5.460666462398574 40.43701171875 8.639892578125 13.05676912006579 19
60 0.8 83.080322265625 193.02944045178202 593.736083984375 7.862060546875 13.547840465198863 22
70 0.6 9.160685221354166 0.7463703596989899 593.736083984375 7.862060546875 32.08983561197917 30
80 0.5 44.379736328125 53.108298583562785 593.736083984375 7.575927734375 28.268310546875 36
90 1.4 11.212541852678571 4.8378806461115245 593.736083984375 7.2939453125 30.233118568978657 41
100 2 13.2009765625 10.739522920204884 593.736083984375 7.14013671875 25.391517223011363 55
110 1.1 9.038263494318182 0.8701845539227756 593.736083984375 7.14013671875 22.140706380208332 75
120 2.4 10.785888671875 4.5213479517877255 593.736083984375 7.14013671875 20.464812522710755 86
130 3.5 20.159786551339288 20.90702709578996 593.736083984375 7.14013671875 18.353047318892045 110
140 3.4 24.945965935202207 44.518075422655194 593.736083984375 6.987060546875 18.789156788793104 145
150 4.1 53.139964033917686 126.77209543279608 801.446044921875 6.844970703125 19.958606570792597 179
160 5.2 44.02428260216346 56.061753143427715 801.446044921875 6.844970703125 26.142405007102273 220
170 6.1 45.94089395491803 52.37374098963695 801.446044921875 6.844970703125 29.560999253216913 272
180 8.5 62.792267922794096 89.31380210193755 801.446044921875 6.844970703125 32.56152050487988 333
190 11.1 562.3829202737895 369.75088822545905 1271.908935546875 6.844970703125 38.708921295604064 418
200 10.4 1138.1384371243987 336.01455242653105 2031.733154296875 6.844970703125 148.59136720596058 529
210 14.8 1349.2006143105993 993.6696167311109 3136.1259765625 1.467041015625 311.1709805890847 633
220 23.1 1132.4208519345234 1071.7575032495492 3136.1259765625 1.467041015625 507.87826073093385 781
230 22.1 1075.507441317874 1010.8458327653572 3136.1259765625 1.467041015625 650.4368956795793 1012
240 33.8 690.0808004345413 887.8612309118093 3136.1259765625 1.4560546875 726.6255336244805 1233
250 45.4 560.0118720100834 787.4706728452041 3136.1259765625 1.4560546875 718.7629493990194 1571
260 46.3 544.8900850431961 789.5096232689853 3136.1259765625 1.4560546875 683.1713498263888 2025
270 29.4 577.8576103781356 758.8345386529433 3136.1259765625 1.4560546875 657.4381401822496 2488
280 5 645.4926220703126 711.3121012664733 3136.1259765625 1.4560546875 649.028120138249 2782
290 0.5 570.918603515625 685.3360626062928 3136.1259765625 1.4560546875 648.965699621513 2832
300 0 0 0 3136.1259765625 1.4560546875 648.8281474605932 2837
310 0 0 0 3136.1259765625 1.4560546875 648.8281474605932 2837
320 0 0 0 3136.1259765625 1.4560546875 648.8281474605932 2837
330 0.1 20.2587890625 0.0 3136.1259765625 1.4560546875 648.8281474605932 2837
340 0 0 0 3136.1259765625 1.4560546875 648.606664247627 2838
350 0 0 0 3136.1259765625 1.4560546875 648.606664247627 2838
360 0 0 0 3136.1259765625 1.4560546875 648.606664247627 2838
370 0 0 0 3136.1259765625 1.4560546875 648.606664247627 2838
380 0 0 0 3136.1259765625 1.4560546875 648.606664247627 2838
390 0 0 0 3136.1259765625 1.4560546875 648.606664247627 2838
400 0 0 0 3136.1259765625 1.4560546875 648.606664247627 2838
410 0 0 0 3136.1259765625 1.4560546875 648.606664247627 2838
413 0 0 0 3136.1259765625 1.4560546875 648.606664247627 2838
