30 0.1 11.141845703125 0 11.141845703125 11.141845703125 0 0
40 0.2 53.0474853515625 40.9935302734375 94.041015625 11.141845703125 11.141845703125 1
50 0.5 11.82412109375 0.6411413688927745 94.041015625 11.007080078125 39.078938802083336 3
60 0.4 11.61553955078125 0.9354540812717136 94.041015625 10.052978515625 22.044677734375 8
70 0.2 11.83056640625 0.763427734375 94.041015625 10.052978515625 18.56829833984375 12
80 0.5 16.118017578125 5.966300664718982 94.041015625 10.052978515625 17.605765206473215 14
90 0.5 11.943798828125 1.3175504372224003 94.041015625 9.756103515625 17.21425267269737 19
100 0.4 15.0130615234375 6.178061719935981 94.041015625 9.756103515625 16.116241455078125 24
110 0.6 23.376220703125 11.62128328740469 94.041015625 9.35009765625 15.958644321986608 28
120 0.8 16.042022705078125 7.988102296198142 94.041015625 9.35009765625 17.267628389246322 34
130 0.9 146.12117513020834 242.85457946881556 787.234130859375 9.35009765625 17.0341796875 42
140 1.3 30.73595252403846 34.212888491461165 787.234130859375 9.35009765625 39.81423770680147 51
150 1.6 48.56761169433594 76.28657938966025 787.234130859375 9.35009765625 37.970211029052734 64
160 2.9 44.7796420393319 49.80146299020971 787.234130859375 8.843017578125 40.089691162109375 80
170 3.5 51.28534458705357 72.561662796725 787.234130859375 8.843017578125 41.33747625788418 109
180 2.2 117.07525079900569 152.69464445286144 787.234130859375 8.843017578125 43.75536092122396 144
190 3.3 521.370146780303 284.15455844230803 947.080078125 8.843017578125 53.472454760448045 166
200 3.9 1175.2363656850962 385.77575845323696 1969.446044921875 8.843017578125 131.0635293165044 199
210 4.8 1615.4583435058594 908.1266895663977 3108.43896484375 2.120849609375 302.16748149455094 238
220 5.4 899.1891908998842 1050.6890255782214 3108.43896484375 1.52587890625 522.5799338600852 286
230 9.6 895.6589584350587 1001.1793796174222 3108.43896484375 1.52587890625 582.3943452722885 340
240 9.1 736.1818659855769 904.4349701408931 3108.43896484375 1.52587890625 651.3700399136325 436
250 13.5 405.624609375 711.4767956710704 3108.43896484375 1.52587890625 666.014966237251 527
260 19 403.48635125411187 715.0105321121638 3108.43896484375 1.52587890625 612.9142137049188 662
270 24.6 437.3573821773373 706.6157624740533 3108.43896484375 1.52587890625 566.2108171489876 852
280 28.9 669.6402262651384 687.847746194629 3108.43896484375 1.52587890625 537.34201477829 1098
290 31.3 764.2513720235123 652.6828284428526 3108.43896484375 1.4169921875 564.9081165228461 1387
300 36.3 833.5951220299584 532.253331781802 3108.43896484375 1.4169921875 601.6107276826747 1700
310 31.7 1034.8510572752375 216.24579757017884 3108.43896484375 1.4169921875 642.4300854859049 2063
320 22.1 680.0684212386877 221.34170536020403 3108.43896484375 1.4169921875 694.6979208040639 2380
330 14.5 113.09937533674571 119.48112389971973 3108.43896484375 1.4169921875 693.454891429228 2601
340 5.8 15.330229660560345 7.996529815504517 3108.43896484375 1.4169921875 662.8097531067917 2746
350 2.1 11.829996744791666 1.340785827147379 3108.43896484375 1.4169921875 649.4168100397869 2804
360 0.5 11.770703125 0.6996663694952043 3108.43896484375 1.4169921875 644.6772266489214 2825
370 0.6 19.6947021484375 8.448562566902568 3108.43896484375 1.4169921875 643.5590172434021 2830
380 0.1 11.76416015625 0.0 3108.43896484375 1.4169921875 642.2391350534973 2836
390 0.1 16.636962890625 0.0 3108.43896484375 1.4169921875 642.0169020697479 2837
400 0 0 0 3108.43896484375 1.4169921875 641.7965426831449 2838
410 0 0 0 3108.43896484375 1.4169921875 641.7965426831449 2838
413 0 0 0 3108.43896484375 1.4169921875 641.7965426831449 2838
