10 0.2 11.1734619140625 0.3485107421875 11.52197265625 10.824951171875 0 0
20 0.5 10.451611328125 0.5817649979897789 11.52197265625 9.859130859375 11.1734619140625 2
30 0.3 29.4375 13.780569177939213 42.76708984375 9.859130859375 10.657854352678571 7
40 0.2 41.2698974609375 30.5408935546875 71.810791015625 9.859130859375 16.291748046875 10
50 0.7 11.125837053571429 2.0564572954772107 71.810791015625 9.783935546875 20.45477294921875 12
60 0.3 13.532063802083334 3.3248774862863315 71.810791015625 9.783935546875 17.017796566611842 19
70 0.5 10.00380859375 0.4035277077711343 71.810791015625 9.568115234375 16.542469371448863 22
80 0.8 109.93243408203125 258.85629898899464 794.76611328125 9.31103515625 15.331606264467593 27
90 0.4 28.3790283203125 32.742957268142405 794.76611328125 8.649169921875 36.95465262276786 35
100 1 13.10927734375 7.438633822080499 794.76611328125 8.387939453125 36.07510141225961 39
110 1.8 56.801974826388886 153.49951656412657 794.76611328125 8.20703125 31.388198541135203 49
120 1.3 16.91248497596154 12.506753832118239 794.76611328125 8.20703125 38.21578022971082 67
130 2.2 26.4552001953125 30.30613843531086 794.76611328125 8.20703125 34.75399475097656 80
140 3.7 26.48971310177365 30.33309765233873 794.76611328125 8.20703125 32.964058670343135 102
150 2.8 88.96213204520089 203.7121452446149 816.64404296875 7.72314453125 31.24067172043615 139
160 3.4 28.40725528492647 26.33609342955864 816.64404296875 7.35498046875 40.91852135572605 167
170 5 36.82941406249999 34.017779906902845 816.64404296875 7.35498046875 38.802187791511194 201
180 5.2 62.37496243990385 75.04908297741639 816.64404296875 7.35498046875 38.40920497696713 251
190 8.5 553.8279383042278 345.4700060443444 1251.8271484375 7.35498046875 42.52214025113449 303
200 7.2 1175.972951253255 382.4425572604807 2319.75390625 7.35498046875 154.53500838132246 388
210 9.8 1471.7377879862884 950.1507609828556 3156.737060546875 1.593017578125 314.41225161345096 460
220 13.2 946.6325147224195 1025.8594399581812 3156.737060546875 1.593017578125 517.6701415140568 558
230 16.8 876.30522664388 994.4701945973711 3156.737060546875 1.433837890625 599.7325085626131 690
240 25.4 650.0463203970842 858.9480790562653 3156.737060546875 1.433837890625 653.8866072078962 858
250 30.5 504.85039382684425 765.8786839042974 3156.737060546875 1.433837890625 653.0094193931963 1112
260 36.6 449.1334768826844 733.640141413111 3156.737060546875 1.433837890625 621.1191563037556 1417
270 44.6 434.2988248405971 680.0801228292703 3156.737060546875 1.433837890625 585.8153096026272 1783
280 35.8 630.8179242864 669.8147421795151 3156.737060546875 1.433837890625 555.4984176314 2229
290 16.7 654.1970741134915 638.2147772802906 3156.737060546875 1.433837890625 565.921449476197 2587
300 6 845.2880452473959 514.1710477627518 3156.737060546875 1.433837890625 571.2744012969771 2754
310 1.6 965.3012237548828 297.7822510039163 3156.737060546875 1.433837890625 577.1169096967728 2814
320 0.5 742.22646484375 141.15853226751238 3156.737060546875 1.433837890625 579.3115913310236 2830
330 0.2 127.2960205078125 117.2860107421875 3156.737060546875 1.433837890625 579.59891915027 2835
340 0 0 0 3156.737060546875 1.433837890625 579.2800591582768 2837
350 0.1 12.278076171875 0.0 3156.737060546875 1.433837890625 579.2800591582768 2837
360 0 0 0 3156.737060546875 1.433837890625 579.0802698760406 2838
370 0 0 0 3156.737060546875 1.433837890625 579.0802698760406 2838
380 0 0 0 3156.737060546875 1.433837890625 579.0802698760406 2838
390 0 0 0 3156.737060546875 1.433837890625 579.0802698760406 2838
400 0 0 0 3156.737060546875 1.433837890625 579.0802698760406 2838
410 0 0 0 3156.737060546875 1.433837890625 579.0802698760406 2838
413 0 0 0 3156.737060546875 1.433837890625 579.0802698760406 2838
