0 0.2 14.5064697265625 3.1785888671875 17.68505859375 11.327880859375 0 0
10 0.3 12.53857421875 0.30976689752523406 17.68505859375 11.327880859375 14.5064697265625 2
20 0.6 12.021565755208334 0.6272100580366977 17.68505859375 11.0732421875 13.325732421875 5
30 0.2 63.4525146484375 11.6405029296875 75.093017578125 11.0732421875 12.614368785511363 11
40 0.3 24.373697916666668 18.432920725991938 75.093017578125 11.009033203125 20.435621995192307 13
50 0.5 12.1572265625 1.6046289405426686 75.093017578125 9.713134765625 21.17401123046875 16
60 0.6 26.912190755208332 20.643229076356143 75.093017578125 9.713134765625 19.027157738095237 21
70 0.7 12.190813337053571 1.226766865062535 75.093017578125 9.713134765625 20.779387297453702 27
80 0.4 13.379150390625 1.8078057815703872 75.093017578125 9.713134765625 19.011151482077207 34
90 0.9 12.724229600694445 3.478441081101545 75.093017578125 9.35009765625 18.418309261924342 38
100 1.9 23.030967310855264 24.726757732341326 118.116943359375 9.35009765625 17.32795358211436 47
110 1.2 42.829243977864586 53.719365723289386 206.23486328125 9.35009765625 18.96973026160038 66
120 1.9 35.247751336348685 59.9605784879272 254.001953125 9.10498046875 22.64042467948718 78
130 3.1 42.77088583669355 93.44724654969518 523.677001953125 9.10498046875 25.1099010349549 97
140 3.5 28.30384347098214 18.499241785428204 523.677001953125 8.81591796875 29.387170791625977 128
150 3.3 25.82430752840909 23.026015206114977 523.677001953125 8.7880859375 29.154554495782207 163
160 5.1 56.933081533394606 62.45990107405164 523.677001953125 8.43115234375 28.593849649234695 196
170 5.9 45.770511950476696 39.64174966093454 523.677001953125 8.43115234375 34.44526999778593 247
180 7.4 66.92200366870777 70.33427334603455 523.677001953125 8.43115234375 36.62889508016748 306
190 8.4 547.6686197916665 336.83834081257726 1215.90087890625 8.43115234375 42.52807938425165 380
200 9.6 1057.0350570678713 407.84753605788484 2182.87109375 8.43115234375 133.97593583731813 464
210 12.4 1477.8566106980848 903.9213407004613 3161.553955078125 1.570068359375 292.2146423339844 560
220 19.2 1013.3717358907065 1055.605140327163 3161.553955078125 1.51611328125 507.1555839672423 684
230 21.5 911.3757801144623 1024.4289059180103 3161.553955078125 1.51611328125 618.1070693203303 876
240 29.5 639.5310050317801 872.0175265524573 3161.553955078125 1.51611328125 675.9006282760942 1091
250 39 448.6746857471952 740.9367340105798 3161.553955078125 1.5 668.1596189997069 1386
260 45.7 491.7549869862897 768.1532626282727 3161.553955078125 1.5 619.9619140625 1776
270 40.2 547.6023107120648 742.8421384455291 3161.553955078125 1.5 593.7234162237951 2233
280 15.2 697.253576981394 690.102296176717 3161.553955078125 1.5 586.6871033525557 2635
290 4.2 907.9982503255212 594.7003950286336 3161.553955078125 1.5 592.7172806010607 2787
300 0.7 844.4528459821429 547.6229894724493 3161.553955078125 1.5 597.3980161006815 2829
310 0.1 1108.761962890625 0.0 3161.553955078125 1.5 598.0078129304312 2836
320 0 0 0 3161.553955078125 1.5 598.1878461168817 2837
330 0 0 0 3161.553955078125 1.5 598.1878461168817 2837
340 0 0 0 3161.553955078125 1.5 598.1878461168817 2837
350 0.1 13.910888671875 0.0 3161.553955078125 1.5 598.1878461168817 2837
360 0 0 0 3161.553955078125 1.5 597.9819698105233 2838
370 0 0 0 3161.553955078125 1.5 597.9819698105233 2838
380 0 0 0 3161.553955078125 1.5 597.9819698105233 2838
390 0 0 0 3161.553955078125 1.5 597.9819698105233 2838
400 0 0 0 3161.553955078125 1.5 597.9819698105233 2838
410 0 0 0 3161.553955078125 1.5 597.9819698105233 2838
413 0 0 0 3161.553955078125 1.5 597.9819698105233 2838
