0 0.1 3.146761160774207 0 3.146761160774207 3.146761160774207 0 0
10 0.1 1.9723865877712032 0.0 3.146761160774207 1.9723865877712032 3.146761160774207 1
20 0.1 1.1869436201780417 0.0 3.146761160774207 1.1869436201780417 2.559573874272705 2
30 0.1 1.383399209486166 0.0 3.146761160774207 1.1869436201780417 2.1020304562411507 3
40 0.1 1.483679525222552 0.0 3.146761160774207 1.1869436201780417 1.9223726445524045 4
50 0.1 1.7804154302670623 0.0 3.146761160774207 1.1869436201780417 1.834634020686434 5
60 0.1 2.3738872403560833 0.0 3.146761160774207 1.1869436201780417 1.8255975889498721 6
70 0.1 2.5742574257425743 0.0 3.146761160774207 1.1869436201780417 1.9039246820079023 7
80 0.1 2.9615004935834155 0.0 3.146761160774207 1.1869436201780417 1.9877162749747364 8
90 0.1 2.7640671273445214 0.0 3.146761160774207 1.1869436201780417 2.095914521486812 9
100 0.1 2.584493041749503 0.0 3.146761160774207 1.1869436201780417 2.162729782072583 10
110 0.1 3.093812375249501 0.0 3.146761160774207 1.1869436201780417 2.2010718965886666 11
120 0.1 3.290129611166501 0.0 3.290129611166501 1.1869436201780417 2.2754669364770694 12
130 0.1 4.270109235352533 0.0 4.270109235352533 1.1869436201780417 2.3535179114531792 13
140 0.1 4.572564612326044 0.0 4.572564612326044 1.1869436201780417 2.490417291731705 14
150 0.1 4.695304695304695 0.0 4.695304695304695 1.1869436201780417 2.629227113104661 15
160 0.1 7.18562874251497 0.0 7.18562874251497 1.1869436201780417 2.758356961992163 16
170 0.1 9.79020979020979 0.0 9.79020979020979 1.1869436201780417 3.018784713787622 17
180 0.1 9.58627648839556 0.0 9.79020979020979 1.1869436201780417 3.3949749958110758 18
190 0.1 14.6 0.0 14.6 1.1869436201780417 3.7208329691049955 19
200 0.1 16.145307769929364 0.0 16.145307769929364 1.1869436201780417 4.264791320649746 20
210 0.1 17.16867469879518 0.0 17.16867469879518 1.1869436201780417 4.83053019918687 21
220 0.1 13.737373737373737 0.0 17.16867469879518 1.1869436201780417 5.391354949169067 22
230 0.1 15.2 0.0 17.16867469879518 1.1869436201780417 5.754225331264921 23
240 0.1 16.516516516516518 0.0 17.16867469879518 1.1869436201780417 6.147799275795549 24
250 0.1 11.634904714142428 0.0 17.16867469879518 1.1869436201780417 6.562547965424387 25
260 0.1 9.490509490509492 0.0 17.16867469879518 1.1869436201780417 6.75763860960585 26
270 0.1 8.341708542713567 0.0 17.16867469879518 1.1869436201780417 6.858856049639319 27
280 0.1 6.149193548387097 0.0 17.16867469879518 1.1869436201780417 6.911815067249114 28
290 0.1 5.905905905905906 0.0 17.16867469879518 1.1869436201780417 6.885517773495251 29
300 0.1 4.435483870967742 0.0 17.16867469879518 1.1869436201780417 6.852864044575607 30
310 0.1 2.973240832507433 0.0 17.16867469879518 1.1869436201780417 6.774884038975353 31
320 0.1 1.5841584158415842 0.0 17.16867469879518 1.1869436201780417 6.65608268877323 32
330 0.1 1.6798418972332017 0.0 17.16867469879518 1.1869436201780417 6.502388013835907 33
340 0.1 1.282051282051282 0.0 17.16867469879518 1.1869436201780417 6.360548422171122 34
350 0.1 0.7920792079207921 0.0 17.16867469879518 0.7920792079207921 6.215448503881983 35
360 0.1 0.9871668311944718 0.0 17.16867469879518 0.7920792079207921 6.06479935677195 36
369 0.1 0.9861932938856016 0.0 17.16867469879518 0.7920792079207921 5.927566045269856 37
