0 0.8 21.209075927734375 36.060882817196685 116.568115234375 6.234130859375 0 0
10 2.1 22.18730236235119 42.267281464395055 154.593017578125 6.0390625 21.209075927734375 8
20 4.8 71.00643920898433 91.04338175497386 395.923095703125 1.9931640625 21.917446794181036 29
30 5.7 51.18362801535088 119.98115032164107 855.059814453125 1.9931640625 52.51837713068179 77
40 10.4 92.24109121469351 221.59220776630013 1314.71484375 1.948974609375 51.95061071595148 134
50 15.4 78.97981242390422 189.56191504766102 1371.866943359375 1.89404296875 69.55653496750263 238
60 19 123.30992752878298 289.491985391136 2878.333984375 1.89404296875 73.25853682537468 392
70 16.8 46.507417224702394 89.79762568007416 2878.333984375 1.87890625 89.59833791411621 582
80 17.9 47.974104726780716 73.7950394876467 2878.333984375 1.862060546875 79.94597167968752 750
90 22.3 57.65479610426008 88.47472886644354 2878.333984375 1.862060546875 73.7856227189014 929
100 30.4 130.40595205206628 194.84580581763615 2878.333984375 1.85693359375 70.66307555304634 1152
110 28.5 676.8825469435303 395.58399040668917 2878.333984375 1.85693359375 83.13686295394061 1456
120 31.1 1642.17048787304 496.7201803024673 3224.927001953125 1.85693359375 180.33245165987572 1741
130 33.6 2152.227607363747 607.8277629245276 3906.72412109375 0.591064453125 401.8878265440347 2052
140 46.3 2276.647065988628 1551.73565775188 5285.743896484375 0.56787109375 648.1667906794715 2388
150 71.3 1512.4406347930194 1466.8492860579483 5285.743896484375 0.068115234375 912.6306165188752 2851
160 130.6 819.5088995426751 1283.1383086221745 5285.743896484375 0.055908203125 1032.6262795462221 3564
170 133.7 812.2785494796537 1126.2411887670712 5285.743896484375 0.055908203125 975.4740622393161 4870
180 182.6 587.39612364586 919.8345452769687 5285.743896484375 0.055908203125 940.3214280263842 6207
190 222.1 501.8771503281883 819.3009010885128 5285.743896484375 0.055908203125 860.0971524383303 8033
200 202.2 966.5741816821604 1589.399210642729 8558.402099609375 0.055908203125 782.5072729096951 10254
210 231.4 1184.7401359380053 2309.668444977814 14097.453125 0.055908203125 812.8252339342898 12276
220 244.2 1687.9631215688332 4218.807455540714 23980.89404296875 0.05078125 871.811600160239 14590
230 304.3 1563.384112229913 5155.676861238356 34633.697021484375 0.05078125 988.8290975345806 17032
240 226.5 957.8245006165511 3840.9127726235465 34633.697021484375 0.05078125 1075.9210482054596 20075
250 154.7 669.2051060583502 729.0553181570297 34633.697021484375 0.05078125 1063.947517306226 22340
260 143.7 762.8079690422207 641.7242178997919 34633.697021484375 0.05078125 1038.3827117550702 23887
270 112.9 908.3775852091868 465.3936816242995 34633.697021484375 0.05078125 1022.7453359345694 25324
280 92.2 1000.2624180725511 230.46522064545482 34633.697021484375 0.05078125 1017.8641810345974 26453
290 92.9 679.2785187260326 197.7343883757845 34633.697021484375 0.05078125 1017.271347228168 27375
300 64.4 175.70544926424225 171.1225023914504 34633.697021484375 0.05078125 1006.1776736244906 28304
310 15.1 19.23405325175911 30.379389727853667 34633.697021484375 0.05078125 987.7023346550282 28948
320 8.2 10.606504858993903 9.25204031980115 34633.697021484375 0.05078125 982.6767767151713 29099
330 3.1 12.619502898185484 8.881593397644485 34633.697021484375 0.05078125 979.9452129479184 29181
340 3.3 7.028157552083333 3.9302539030776633 34633.697021484375 0.05078125 978.9186794338988 29212
350 0.3 16.586344401041668 4.474625472220169 34633.697021484375 0.05078125 977.8220000965043 29245
360 0.1 20.1669921875 0.0 34633.697021484375 0.05078125 977.7234050825859 29248
369 0.2 8.8275146484375 1.0623779296875 34633.697021484375 0.05078125 977.6906669919539 29249
