10 0.1 68 0 68 68 0 0
20 0.1 115.0 0.0 115 68 68.0 1
30 0.1 248.0 0.0 248 68 91.5 2
40 0.1 261.0 0.0 261 68 143.66666666666666 3
50 0.1 466.0 0.0 466 68 173.0 4
60 0.1 744.0 0.0 744 68 231.6 5
70 0.1 827.0 0.0 827 68 317.0 6
80 0.1 902.0 0.0 902 68 389.85714285714283 7
90 0.1 896.0 0.0 902 68 453.875 8
100 0.1 1.1e3 0.0 1100 68 503.0 9
110 0.1 1412.0 0.0 1412 68 562.7 10
120 0.1 1387.0 0.0 1412 68 639.9090909090909 11
130 0.1 1667.0 0.0 1667 68 702.1666666666666 12
140 0.1 1669.0 0.0 1669 68 776.3846153846154 13
150 0.1 2073.0 0.0 2073 68 840.1428571428571 14
160 0.1 2999.0 0.0 2999 68 922.3333333333334 15
170 0.1 4231.0 0.0 4231 68 1052.125 16
180 0.1 4277.0 0.0 4277 68 1239.1176470588234 17
190 0.1 6165.0 0.0 6165 68 1407.888888888889 18
200 0.1 6638.0 0.0 6638 68 1658.2631578947369 19
210 0.1 6775.0 0.0 6775 68 1907.25 20
220 0.1 7305.0 0.0 7305 68 2139.0476190476193 21
230 0.1 7697.0 0.0 7697 68 2373.8636363636365 22
240 0.1 8752.0 0.0 8752 68 2605.304347826087 23
250 0.1 5728.0 0.0 8752 68 2861.4166666666665 24
260 0.1 4902.0 0.0 8752 68 2976.08 25
270 0.1 4716.0 0.0 8752 68 3050.153846153846 26
280 0.1 3776.0 0.0 8752 68 3111.8518518518517 27
290 0.1 3331.0 0.0 8752 68 3135.5714285714284 28
300 0.1 3233.0 0.0 8752 68 3142.310344827586 29
310 0.1 1367.0 0.0 8752 68 3145.3333333333335 30
320 0.1 572.0 0.0 8752 68 3087.967741935484 31
330 0.1 321.0 0.0 8752 68 3009.34375 32
340 0.1 195.0 0.0 8752 68 2927.878787878788 33
350 0.1 36.0 0.0 8752 36 2847.5 34
360 0.1 9.0 0.0 8752 9 2767.1714285714284 35
369 0.1 13.0 0.0 8752 9 2690.555555555555 36
