0 10.53046875 10.53046875
10 29.775 40.30546875
20 68.87734375 109.1828125
30 84.27578125 193.45859375
40 168.9078125 362.36640625
50 248.51484375 610.88125
60 309.059375 919.940625
70 260.04921875 1179.98984375
80 281.80546875 1461.7953125
90 375.17265625 1836.96796875
100 501.28828125 2338.25625
110 429.61640625 2767.87265625
120 469.92421875 3237.796875
130 494.953125 3732.75
140 545.51484375 4278.26484375
150 669.6015625 4947.86640625
160 849.0265625 5796.89296875
170 924.334375 6721.22734375
180 1128.54921875 7849.7765625
190 1289.5390625 9139.315625
200 1159.5515625 10298.8671875
210 1323.04375 11621.9109375
220 1313.70625 12935.6171875
230 1512.125 14447.7421875
240 1325.4671875 15773.209375
250 1038.4421875 16811.6515625
260 1057.76875 17869.4203125
270 985.98515625 18855.40546875
280 897.70625 19753.11171875
290 827.753125 20580.86484375
300 657.721875 21238.58671875
310 195.43046875 21434.0171875
320 89.8859375 21523.903125
330 40.00859375 21563.91171875
340 23.47734375 21587.3890625
350 3.640625 21591.0296875
360 0.996875 21592.0265625
369 2.64375 21594.6703125
