20 0.1 58.16796875 0 58.16796875 58.16796875 0 0
30 0.1 57.945068359375 0.0 58.16796875 57.945068359375 58.16796875 1
40 0.1 67.649169921875 0.0 67.649169921875 57.945068359375 58.0565185546875 2
50 0 0 0 67.649169921875 57.945068359375 61.254069010416664 3
60 0 0 0 67.649169921875 57.945068359375 61.254069010416664 3
70 0.2 101.89892578125 22.993896484375 124.892822265625 57.945068359375 61.254069010416664 3
80 0 0 0 124.892822265625 57.945068359375 77.51201171875 5
90 0.2 123.9219970703125 66.9300537109375 190.85205078125 56.991943359375 77.51201171875 5
100 0.1 73.090087890625 0.0 190.85205078125 56.991943359375 90.77200753348214 7
110 0.1 649.62890625 0.0 649.62890625 56.991943359375 88.561767578125 8
120 0.2 1524.39501953125 393.52001953125 1917.9150390625 56.991943359375 150.90256076388889 9
130 0.1 2141.88720703125 0.0 2141.88720703125 56.991943359375 400.62846235795456 11
140 0.3 2395.2596842447915 1872.5117079762038 4571.925048828125 0.77001953125 545.7333577473959 12
150 0.4 1613.6248168945313 1625.9290151564883 4571.925048828125 0.760986328125 915.638623046875 15
160 0.7 1079.7169015066963 1263.6154970495188 4571.925048828125 0.68408203125 1062.5830849095394 19
170 1.1 429.72818270596593 908.3944926146439 4571.925048828125 0.68408203125 1067.1960355318508 26
180 1.6 263.6283721923828 681.2798694429833 4571.925048828125 0.67578125 877.678565772804 37
190 1.1 846.6177201704545 907.2918328930884 4571.925048828125 0.6689453125 692.3049224277712 53
200 1.5 291.482861328125 572.26148525537 4571.925048828125 0.6650390625 718.8274345397949 64
210 1.5 122.39324544270833 396.5297532495254 4571.925048828125 0.6650390625 637.6860598793513 79
220 1.1 468.32783647017044 760.8334261358096 4571.925048828125 0.6259765625 555.4584831075466 94
230 2 632.6610107421875 770.4626707219875 4571.925048828125 0.6259765625 546.3305106026786 105
240 1.9 619.7412751850329 730.5219541725758 4571.925048828125 0.6259765625 560.143390625 125
250 1.4 962.2820696149554 744.786459106498 4571.925048828125 0.6259765625 568.0070003933376 144
260 1 814.6009765625 543.2884347849812 4571.925048828125 0.6259765625 602.9427660205696 158
270 0.9 1012.2700466579861 403.69608654093213 4571.925048828125 0.6259765625 615.5414690290179 168
280 0.1 1023.532958984375 0.0 4571.925048828125 0.6259765625 635.7141085694739 177
290 0 0 0 4571.925048828125 0.6259765625 637.8928661560744 178
300 0.2 17.7900390625 13.9990234375 4571.925048828125 0.6259765625 637.8928661560744 178
310 0.1 4.64990234375 0.0 4571.925048828125 0.6259765625 631.0028347439236 180
320 0.1 4.109130859375 0.0 4571.925048828125 0.6259765625 627.5423213052486 181
330 0.1 4.4970703125 0.0 4571.925048828125 0.6259765625 624.1168642148867 182
340 0 0 0 4571.925048828125 0.6259765625 620.7309637017589 183
350 0 0 0 4571.925048828125 0.6259765625 620.7309637017589 183
360 0 0 0 4571.925048828125 0.6259765625 620.7309637017589 183
369 0 0 0 4571.925048828125 0.6259765625 620.7309637017589 183
