50 0.1 38.89404296875 0 38.89404296875 38.89404296875 0 0
60 0.4 228.61468505859375 163.4444161335204 511.304931640625 38.89404296875 38.89404296875 1
70 0.6 53.358154296875 58.70939234368868 511.304931640625 11.503173828125 190.670556640625 5
80 0.5 36.75126953125 17.318805330918416 511.304931640625 11.503173828125 115.77288263494319 11
90 0.3 27.437337239583332 21.845968637078347 511.304931640625 11.4970703125 91.07862854003906 16
100 0.8 131.76376342773438 88.598788846489 511.304931640625 11.4970703125 81.03000359786184 19
110 0.8 842.3642578125 211.9597359428109 1163.570068359375 11.4970703125 96.06222873263889 27
120 0.5 1286.214990234375 360.0010744381342 1980.637939453125 11.4970703125 266.6455496651786 35
130 0.4 2219.4788818359375 289.389449687218 2520.7841796875 11.4970703125 394.09172973632815 40
140 0.5 1316.994482421875 1654.4377188818096 3882.53515625 0.9111328125 560.0360162908381 44
150 1.1 700.908136541193 1145.2020744832491 3882.53515625 0.89599609375 637.2766761001276 49
160 0.6 5.083943684895833 5.7261053311662105 3882.53515625 0.786865234375 648.9424438476563 60
170 1.6 898.9480133056641 1159.356128561045 3882.53515625 0.786865234375 590.409852923769 66
180 2.5 911.323125 1024.813509024028 3882.53515625 0.704833984375 650.6124208031631 82
190 3 383.2525390625 754.1224071200145 3882.53515625 0.704833984375 711.5261367370035 107
200 4.2 337.1092819940476 748.4019006861931 3882.53515625 0.693115234375 639.641407319229 137
210 6.4 294.6071968078613 594.7715120499896 3882.53515625 0.639892578125 568.6562159021472 179
220 5.8 460.80938510237075 768.3853836946464 3882.53515625 0.639892578125 496.4786964699073 243
230 8.3 688.2472938629518 1223.4438269309887 9170.64306640625 0.639892578125 489.605540126661 301
240 8.1 574.5473451967592 656.7203318068299 9170.64306640625 0.639892578125 532.5411275227864 384
250 8.8 614.2743807705965 709.6401886512648 9170.64306640625 0.639892578125 539.8583396337365 465
260 8.9 686.7662257505267 639.6014826828291 9170.64306640625 0.639892578125 551.7003136301988 553
270 7.7 903.802734375 453.775576574813 9170.64306640625 0.639892578125 570.4244042512412 642
280 8.5 963.4284438189331 246.65495398604108 9170.64306640625 0.639892578125 606.1269514272209 719
290 5.3 678.0107007296579 170.47929981662276 9170.64306640625 0.639892578125 643.901362936295 804
300 4.1 163.49021651105176 178.06732072028873 9170.64306640625 0.639892578125 646.0108085641225 857
310 1.5 23.064632161458334 24.120496663840942 9170.64306640625 0.639892578125 623.9803583701628 898
320 1.2 10.7181396484375 5.348129239933059 9170.64306640625 0.639892578125 614.1077013130646 913
330 0.8 12.0670166015625 6.739830062443737 9170.64306640625 0.639892578125 606.2799448374154 925
340 0.1 4.25 0.0 9170.64306640625 0.639892578125 601.1848714977725 933
350 0.1 10.44384765625 0.0 9170.64306640625 0.639892578125 600.5457549329998 934
360 0 0 0 9170.64306640625 0.639892578125 599.9146298984791 935
369 0.1 10.0439453125 0.0 9170.64306640625 0.639892578125 599.9146298984791 935
