20 0.3 27.627360026041668 18.594257820453727 52.93896484375 8.798095703125 0 0
30 0.4 8.9976806640625 1.0346950655274352 52.93896484375 7.788818359375 27.627360026041668 3
40 0.7 35.16542271205357 43.24482995164383 136.326904296875 7.788818359375 16.981828962053573 7
50 0.5 22.21357421875 12.592565284265929 136.326904296875 7.788818359375 26.073625837053573 14
60 0.9 19.85405815972222 12.435125627922387 136.326904296875 7.7109375 25.057822779605264 19
70 0.6 22.85498046875 17.630985443666326 136.326904296875 7.6640625 23.385184151785715 28
80 0.9 40.93592664930556 38.6797439424985 136.326904296875 7.629150390625 23.291618795955884 34
90 0.3 16.726318359375 6.073986468519551 136.326904296875 7.629150390625 26.984613462936046 43
100 0.7 87.53996930803571 51.48455155869139 169.126953125 7.629150390625 26.31559421705163 46
110 1.5 592.879296875 339.5065088681281 1379.3779296875 7.629150390625 34.401832436615564 53
120 1.8 1661.1698811848958 359.4654110114404 2161.43603515625 7.629150390625 157.59539076861213 68
130 1.1 2147.4976695667615 321.9787679055759 2701.649169921875 7.629150390625 472.29702829760174 86
140 2.7 2207.3644386574074 1503.5321495917326 4025.044921875 0.7119140625 662.2682350394653 97
150 2.5 1239.4777441406247 1411.8435301396828 4025.044921875 0.698974609375 998.7004729240172 124
160 4.4 622.7274558327415 1089.7848690525614 4025.044921875 0.696044921875 1039.099343933515 149
170 5.9 997.0516419491524 1159.7739293281873 4025.044921875 0.696044921875 944.175182915722 193
180 7.3 742.9940436376282 965.7345385933328 4025.044921875 0.623046875 956.5549888005331 252
190 7.1 584.1448269696301 865.6386415357107 4025.044921875 0.623046875 908.5859149639422 325
200 10.1 583.4001948290528 873.7596101414947 4025.044921875 0.623046875 850.4159219144569 396
210 10.3 548.480260163835 790.576091271428 4025.044921875 0.623046875 796.1531685228556 497
220 8.8 777.6580671830611 2226.5579142850925 20188.83984375 0.623046875 753.6359859212238 600
230 8.5 351.0892032398897 645.5203073141292 20188.83984375 0.587890625 756.7085777105285 688
240 7 646.0205740792411 685.9946897976599 20188.83984375 0.587890625 712.1061885384661 773
250 4.9 854.9287458147321 722.2983784543018 20188.83984375 0.587890625 706.6186523437499 843
260 2.1 596.3085704985119 638.3962179709342 20188.83984375 0.587890625 714.765731469398 892
270 1.3 1135.0950458233174 345.8020089178528 20188.83984375 0.587890625 712.041087022094 913
280 0.5 1034.36025390625 113.88071618651922 20188.83984375 0.587890625 717.9802894674675 926
290 0.4 684.091552734375 187.1863123514554 20188.83984375 0.587890625 719.6794299853987 931
300 0.1 41.64599609375 0.0 20188.83984375 0.587890625 719.5271823821857 935
310 0 0 0 20188.83984375 0.587890625 718.8029503455527 936
320 0 0 0 20188.83984375 0.587890625 718.8029503455527 936
330 0 0 0 20188.83984375 0.587890625 718.8029503455527 936
340 0 0 0 20188.83984375 0.587890625 718.8029503455527 936
350 0 0 0 20188.83984375 0.587890625 718.8029503455527 936
360 0 0 0 20188.83984375 0.587890625 718.8029503455527 936
369 0 0 0 20188.83984375 0.587890625 718.8029503455527 936
