0 0.8 14.647003173828125 36.737399339699735 111.844970703125 0.674072265625 0 0
10 1.5 0.710791015625 0.1062286056221446 111.844970703125 0.531005859375 14.647003173828125 8
20 0.7 0.7054268973214286 0.06953556263474879 111.844970703125 0.531005859375 5.558169157608695 23
30 1.4 0.6854771205357143 0.12007352732677444 111.844970703125 0.531005859375 4.425862630208333 30
40 1.5 0.6427083333333333 0.059768754244172446 111.844970703125 0.531005859375 3.235739968039773 44
50 1.1 0.6747824928977273 0.061238603977794626 111.844970703125 0.531005859375 2.5764946371822033 59
60 1.5 0.639111328125 0.05650388149555859 111.844970703125 0.531005859375 2.2776541573660714 70
70 2.2 0.6126487038352273 0.07534848872834328 111.844970703125 0.498046875 1.9884995404411765 85
80 2.5 0.6484765625 0.06504572213933772 111.844970703125 0.498046875 1.7056143216997663 107
90 2.8 0.6368059430803571 0.07075835103525173 111.844970703125 0.498046875 1.5053988370028408 132
100 3 0.6495524088541667 0.055718064316368325 111.844970703125 0.498046875 1.3533950805664063 160
110 5.5 0.6192959872159092 0.07197364647232861 111.844970703125 0.498046875 1.242262027138158 190
120 5.7 0.7412066543311405 1.0445238883088432 111.844970703125 0.498046875 1.1024125079719387 245
130 7.8 0.5979567307692308 0.060548489495634995 111.844970703125 0.490966796875 1.0342378932119205 302
140 8.6 0.712016260901163 0.8419749314695127 111.844970703125 0.490966796875 0.9446854440789474 380
150 10 0.6126562499999999 0.08241630152077264 111.844970703125 0.490966796875 0.901746496110515 466
160 17.1 0.5925849780701754 0.09604237296241652 111.844970703125 0.48193359375 0.8506704808966431 566
170 16.7 0.5852357784431133 0.07245384496782435 111.844970703125 0.469970703125 0.7907890412991859 737
180 23 0.6332402768342391 0.7036917124546536 111.844970703125 0.469970703125 0.7528162593335176 904
190 32.6 0.6450899276265336 0.5339019301576519 111.844970703125 0.469970703125 0.7285636350170854 1134
200 33.4 0.6383392882204341 0.276027985412245 111.844970703125 0.469970703125 0.7099249852846745 1460
210 12.3 0.7912994632876016 1.291468886423606 111.844970703125 0.469970703125 0.6965974363329152 1794
220 0.1 0.593994140625 0.0 111.844970703125 0.469970703125 0.7026737792204616 1917
230 0.1 0.69482421875 0.0 111.844970703125 0.469970703125 0.7026171162180656 1918
240 0.1 0.760009765625 0.0 111.844970703125 0.469970703125 0.7026130553022406 1919
250 0.4 0.690673828125 0.060036756065408974 111.844970703125 0.469970703125 0.7026429494222004 1920
260 0.5 0.648583984375 0.013593700891164883 111.844970703125 0.469970703125 0.7026180655941396 1924
270 0.2 0.623046875 0.010009765625 111.844970703125 0.469970703125 0.7024780083592533 1929
280 0.1 0.688232421875 0.0 111.844970703125 0.469970703125 0.7023957389306058 1931
290 0 0 0 111.844970703125 0.469970703125 0.7023884080211568 1932
300 0 0 0 111.844970703125 0.469970703125 0.7023884080211568 1932
310 0.1 0.8759765625 0.0 111.844970703125 0.469970703125 0.7023884080211568 1932
320 0.1 0.75390625 0.0 111.844970703125 0.469970703125 0.702478210480794 1933
320 0 0 0 111.844970703125 0.469970703125 0.7025048020213933 1934
