0 0.1 5.6722466621102585 0 5.6722466621102585 5.6722466621102585 0 0
10 0.1 2.359882005899705 0.0 5.6722466621102585 2.359882005899705 5.6722466621102585 1
20 0.1 1.6815034619188922 0.0 5.6722466621102585 1.6815034619188922 4.016064334004982 2
30 0.1 1.4822134387351777 0.0 5.6722466621102585 1.4822134387351777 3.237877376642952 3
40 0.1 1.782178217821782 0.0 5.6722466621102585 1.4822134387351777 2.7989613921660084 4
50 0.1 2.2682445759368837 0.0 5.6722466621102585 1.4822134387351777 2.595604757297163 5
60 0.1 2.1696252465483234 0.0 5.6722466621102585 1.4822134387351777 2.54104472707045 6
70 0.1 2.1739130434782608 0.0 5.6722466621102585 1.4822134387351777 2.487984801281575 7
80 0.1 2.7586206896551726 0.0 5.6722466621102585 1.4822134387351777 2.448725831556161 8
90 0.1 2.857142857142857 0.0 5.6722466621102585 1.4822134387351777 2.483158593567162 9
100 0.1 2.7722772277227725 0.0 5.6722466621102585 1.4822134387351777 2.5205570199247314 10
110 0.1 3.3596837944664033 0.0 5.6722466621102585 1.4822134387351777 2.5434406751790983 11
120 0.1 4.339250493096647 0.0 5.6722466621102585 1.4822134387351777 2.611460935119707 12
130 0.1 4.752475247524752 0.0 5.6722466621102585 1.4822134387351777 2.7443678241948564 13
140 0.1 5.604719764011799 0.0 5.6722466621102585 1.4822134387351777 2.8878040687184203 14
150 0.1 6.746031746031746 0.0 6.746031746031746 1.4822134387351777 3.068931781737979 15
160 0.1 9.332023575638507 0.0 9.332023575638507 1.4822134387351777 3.2987505295063393 16
170 0.1 12.475633528265107 0.0 12.475633528265107 1.4822134387351777 3.6536489439847024 17
180 0.1 12.216748768472907 0.0 12.475633528265107 1.4822134387351777 4.143759198666947 18
190 0.1 18.085106382978726 0.0 18.085106382978726 1.4822134387351777 4.568653386551472 19
200 0.1 20.47244094488189 0.0 20.47244094488189 1.4822134387351777 5.244476036372834 20
210 0.1 25.818882466281313 0.0 25.818882466281313 1.4822134387351777 5.969617222492313 21
220 0.1 18.48151848151848 0.0 25.818882466281313 1.4822134387351777 6.871856551755449 22
230 0.1 15.004935834155972 0.0 25.818882466281313 1.4822134387351777 7.376624461745147 23
240 0.1 10.327706057596822 0.0 25.818882466281313 1.4822134387351777 7.69447076892893 24
250 0.1 6.944444444444445 0.0 25.818882466281313 1.4822134387351777 7.799800180475646 25
260 0.1 4.4422507403751235 0.0 25.818882466281313 1.4822134387351777 7.766901882935985 26
270 0.1 2.8712871287128716 0.0 25.818882466281313 1.4822134387351777 7.643766655433731 27
280 0.1 1.7839444995044598 0.0 25.818882466281313 1.4822134387351777 7.473320958050843 28
290 0.1 1.5794669299111548 0.0 25.818882466281313 1.4822134387351777 7.277135562928555 29
300 0.1 1.2807881773399015 0.0 25.818882466281313 1.2807881773399015 7.087213275161307 30
310 0.1 1.282051282051282 0.0 25.818882466281313 1.2807881773399015 6.899909239747713 31
320 0.1 1.3793103448275863 0.0 25.818882466281313 1.2807881773399015 6.7243511785697 32
