0 0.1 3170.7421875 0 3170.7421875 3170.7421875 0 0
10 0.1 3168.953125 0.0 3170.7421875 3168.953125 3170.7421875 1
20 0.1 3162.92578125 0.0 3170.7421875 3162.92578125 3169.84765625 2
30 0.1 3161.7109375 0.0 3170.7421875 3161.7109375 3167.5403645833335 3
40 0.1 3161.3828125 0.0 3170.7421875 3161.3828125 3166.0830078125 4
50 0.1 3158.859375 0.0 3170.7421875 3158.859375 3165.14296875 5
60 0.1 3158.484375 0.0 3170.7421875 3158.484375 3164.095703125 6
70 0.1 3156.94921875 0.0 3170.7421875 3156.94921875 3163.2940848214284 7
80 0.1 3153.1015625 0.0 3170.7421875 3153.1015625 3162.5009765625 8
90 0.1 3150.92578125 0.0 3170.7421875 3150.92578125 3161.456597222222 9
100 0.1 3149.23828125 0.0 3170.7421875 3149.23828125 3160.403515625 10
110 0.1 3147.80859375 0.0 3170.7421875 3147.80859375 3159.388494318182 11
120 0.1 3144.26171875 0.0 3170.7421875 3144.26171875 3158.4235026041665 12
130 0.1 3131.9375 0.0 3170.7421875 3131.9375 3157.3341346153848 13
140 0.1 3126.515625 0.0 3170.7421875 3126.515625 3155.520089285714 14
150 0.1 3109.74609375 0.0 3170.7421875 3109.74609375 3153.586458333333 15
160 0.1 3103.4375 0.0 3170.7421875 3103.4375 3150.846435546875 16
170 0.1 3089.83203125 0.0 3170.7421875 3089.83203125 3148.057674632353 17
180 0.1 3064.83984375 0.0 3170.7421875 3064.83984375 3144.8229166666665 18
190 0.1 3029.60546875 0.0 3170.7421875 3029.60546875 3140.61328125 19
200 0.1 2990.69921875 0.0 3170.7421875 2990.69921875 3135.062890625 20
210 0.1 2961.91796875 0.0 3170.7421875 2961.91796875 3128.188430059524 21
220 0.1 2942.578125 0.0 3170.7421875 2942.578125 3120.630681818182 22
230 0.1 2950.50390625 0.0 3170.7421875 2942.578125 3112.889266304348 23
240 0.1 2960.30078125 0.0 3170.7421875 2942.578125 3106.1232096354165 24
250 0.1 2979.4921875 0.0 3170.7421875 2942.578125 3100.2903125 25
260 0.1 3025.6640625 0.0 3170.7421875 2942.578125 3095.644230769231 26
270 0.1 3038.53515625 0.0 3170.7421875 2942.578125 3093.052372685185 27
280 0.1 3050.12890625 0.0 3170.7421875 2942.578125 3091.1053292410716 28
290 0.1 3078.859375 0.0 3170.7421875 2942.578125 3089.692349137931 29
300 0.1 3089.4375 0.0 3170.7421875 2942.578125 3089.33125 30
310 0.1 3089.5703125 0.0 3170.7421875 2942.578125 3089.3346774193546 31
320 0.1 3090.0703125 0.0 3170.7421875 2942.578125 3089.342041015625 32
