10 0.1 160 0 160 160 0 0
20 0.1 343.0 0.0 343 160 160.0 1
30 0.1 378.0 0.0 378 160 251.5 2
40 0.1 458.0 0.0 458 160 293.6666666666667 3
50 0.1 685.0 0.0 685 160 334.75 4
60 0.1 591.0 0.0 685 160 404.8 5
70 0.1 653.0 0.0 685 160 435.8333333333333 6
80 0.1 879.0 0.0 879 160 466.85714285714283 7
90 0.1 911.0 0.0 911 160 518.375 8
100 0.1 1156.0 0.0 1156 160 562.0 9
110 0.1 1377.0 0.0 1377 160 621.4 10
120 0.1 1610.0 0.0 1610 160 690.0909090909091 11
130 0.1 2228.0 0.0 2228 160 766.75 12
140 0.1 2264.0 0.0 2264 160 879.1538461538462 13
150 0.1 3387.0 0.0 3387 160 978.0714285714286 14
160 0.1 4375.0 0.0 4375 160 1138.6666666666667 15
170 0.1 5777.0 0.0 5777 160 1340.9375 16
180 0.1 6327.0 0.0 6327 160 1601.8823529411766 17
190 0.1 8536.0 0.0 8536 160 1864.388888888889 18
200 0.1 10758.0 0.0 10758 160 2215.5263157894738 19
210 0.1 14228.0 0.0 14228 160 2642.65 20
220 0.1 13096.0 0.0 14228 160 3194.3333333333335 21
230 0.1 9834.0 0.0 14228 160 3644.409090909091 22
240 0.1 6888.0 0.0 14228 160 3913.521739130435 23
250 0.1 4635.0 0.0 14228 160 4037.4583333333335 24
260 0.1 2684.0 0.0 14228 160 4061.36 25
270 0.1 1744.0 0.0 14228 160 4008.3846153846152 26
280 0.1 803.0 0.0 14228 160 3924.5185185185187 27
290 0.1 449.0 0.0 14228 160 3813.035714285714 28
300 0.1 52.0 0.0 14228 52 3697.0344827586205 29
310 0.1 116.0 0.0 14228 52 3575.5333333333333 30
320 0.1 148.0 0.0 14228 52 3463.935483870968 31
