0 1.4 16.653355189732142 29.022093079309666 121.028076171875 4.2119140625 0 0
10 5.6 22.230638776506698 56.20191074600896 420.177978515625 4.2119140625 16.653355189732142 14
20 5.4 17.692229094328702 22.658784375476863 420.177978515625 4.2119140625 21.115182059151785 70
30 9.9 13.65490599352904 15.350340973997916 420.177978515625 3.9560546875 19.624541251890122 124
40 15.2 11.050448769017272 13.113688157693185 420.177978515625 3.805908203125 16.974344433155828 223
50 11.3 17.467460159706864 23.150614432352338 420.177978515625 3.805908203125 14.573192057291667 375
60 12.5 12.892203125 15.77080008551864 420.177978515625 3.805908203125 15.243381187564038 488
70 17.5 11.885856584821429 15.099034317480577 420.177978515625 3.7548828125 14.763940310205955 613
80 17.3 12.700048545881502 15.980097326736564 420.177978515625 3.72119140625 14.124771970177665 788
90 22.3 11.48868085236827 13.03906262366506 420.177978515625 3.511962890625 13.868292102952653 961
100 22.4 16.905768258231014 36.67176112798045 420.177978515625 3.511962890625 13.420105186668602 1184
110 34.2 11.960958915844298 15.26773069424848 420.177978515625 3.511962890625 13.974642493508076 1408
120 39.1 12.78313319213555 15.458443930899465 420.177978515625 3.511962890625 13.581111188616068 1750
130 51.2 13.232569217681892 16.902217812322277 420.177978515625 3.511962890625 13.435380503597909 2141
140 62.7 13.866003009120814 21.501095685331737 420.177978515625 3.511962890625 13.39624014235064 2653
150 75.9 13.488805878931979 16.53726977115625 420.177978515625 3.511962890625 13.486039324504572 3280
160 110.5 12.476106034360859 18.18531676568183 420.177978515625 3.511962890625 13.486559209330125 4039
170 130.8 13.199877071088974 16.394032047275935 420.177978515625 3.511962890625 13.269500352731946 5144
180 152.3 14.671382230281512 17.986778582117143 420.177978515625 3.511962890625 13.255385775486284 6452
190 200.3 16.069075829614945 18.232839769496966 420.177978515625 3.511962890625 13.525801148608934 7975
200 264.2 19.019308732730842 20.33234484720848 420.177978515625 3.511962890625 14.03634225765434 9978
210 254.7 20.79653078759941 21.651118564982877 420.177978515625 3.511962890625 15.079527473751972 12620
220 210.1 19.544317740250182 20.547484223941684 420.177978515625 3.511962890625 16.03958598501784 15167
230 167.9 14.636926829353419 14.386720117525643 420.177978515625 3.511962890625 16.466007192901973 17268
240 93.9 13.145856213391907 13.169569780171528 420.177978515625 3.511962890625 16.30392211714338 18947
250 60.7 11.012741566489906 10.968338237767467 420.177978515625 3.511962890625 16.15480093220812 19886
260 50.4 11.047370547340028 11.600560077670206 420.177978515625 3.511962890625 16.00249380123701 20493
270 22.9 9.671972016580245 9.030311883851779 420.177978515625 3.511962890625 15.883553851722121 20997
280 9.7 8.425096649484535 4.245135421281391 420.177978515625 3.511962890625 15.816539235673526 21226
290 6.6 7.922895951704546 2.513024767784369 420.177978515625 3.511962890625 15.78291498341726 21323
300 2.8 7.717599051339286 2.512009458583822 420.177978515625 3.511962890625 15.75866133639809 21389
310 2.7 7.97362377025463 2.868572779722966 420.177978515625 3.511962890625 15.748148671506572 21417
320 2.6 7.741905799278844 2.6525049932574216 420.177978515625 3.511962890625 15.738359818105444 21444
320 0 0 0 420.177978515625 3.511962890625 15.728676175604768 21470
