0 0.2 1457.76953125 1131.429443359375 2589.198974609375 326.340087890625 0 0
10 0.2 3777.3675537109375 1114.7745361328125 4892.14208984375 326.340087890625 1457.76953125 2
20 0.3 13949.580078125 9564.321858770085 25158.248046875 326.340087890625 2617.5685424804688 4
30 0.9 13323.865017361111 9836.958286468427 30079.991943359375 326.340087890625 7474.144914899553 7
40 1.3 18500.00739933894 12669.027286361936 37226.52294921875 326.340087890625 10764.61247253418 16
50 0.7 32168.33611188616 12771.411911917627 48317.970947265625 326.340087890625 14232.203301791487 29
60 1.1 21084.194358132103 19095.086606442943 60621.27001953125 326.340087890625 17719.784681532117 36
70 1.5 23106.515771484374 19023.790155140552 60621.27001953125 220.774169921875 18507.19971222573 47
80 1.4 19844.186732700888 21121.58340088924 69252.26489257813 220.774169921875 19619.937468497985 62
90 2 26355.43076171875 18545.682170653567 69252.26489257813 23.537841796875 19661.24654348273 76
100 2.4 23488.364522298176 21290.393626902907 69252.26489257813 23.537841796875 21055.868255615234 96
110 2.5 23724.989228515624 17495.657766649 69252.26489257813 23.537841796875 21542.367508951822 120
120 2.3 18097.827679177994 24723.860975578613 112724.59106445313 23.537841796875 21918.681598531788 145
130 4 18393.832000732422 20329.343620737007 112724.59106445313 23.537841796875 21395.588502429782 168
140 4.1 16641.207495712642 16858.78972413296 112724.59106445313 23.537841796875 20818.32763671875 208
150 7 24808.87761579241 21483.595109300586 112724.59106445313 23.537841796875 20130.52873799887 249
160 8.8 20915.873390891342 20344.059150167974 112724.59106445313 23.537841796875 21157.125670430054 319
170 10.1 19607.73596070545 21335.476690819505 112724.59106445313 23.537841796875 21104.963015394656 407
180 12.4 23975.32257867629 20439.573363048286 112724.59106445313 18.5791015625 20807.285982867863 508
190 17.1 18719.894579792577 18641.161943886338 112724.59106445313 18.5791015625 21428.862783311288 632
200 21.9 21782.556693020477 19790.342135625637 112724.59106445313 18.5791015625 20851.98412477866 803
210 17.1 24827.48832550941 18677.19076851985 112724.59106445313 18.5791015625 21051.39253225905 1022
220 18.1 35253.048470681555 16829.923913248935 112724.59106445313 18.5791015625 21592.643479992337 1193
230 17.4 41654.38909280713 15824.725370824597 112724.59106445313 18.5791015625 23392.158256786184 1374
240 14.3 46357.042728023924 11317.605427020082 112724.59106445313 18.5791015625 25444.889629827296 1548
250 10.5 54617.242061941964 11862.252837383949 118740.03002929688 18.5791015625 27213.33309111773 1691
260 6.6 63698.75499008641 12339.565381773638 118740.03002929688 18.5791015625 28815.45471803117 1796
270 3 72663.49043782552 9471.644745984207 118740.03002929688 18.5791015625 30051.919711562667 1862
280 0.9 84040.22965494792 6580.97277619978 118740.03002929688 18.5791015625 30727.578866841675 1892
290 0.9 88092.25830078125 7724.524400262909 118740.03002929688 18.5791015625 30979.97963332929 1901
300 0.2 103218.27893066406 6986.1029052734375 118740.03002929688 18.5791015625 31249.095082547654 1910
310 0.2 118781.50256347656 3663.5836181640625 122445.08618164063 18.5791015625 31324.376655610537 1912
320 0.1 117295.9150390625 0.0 122445.08618164063 18.5791015625 31415.763412045086 1914
320 0 0 0 122445.08618164063 18.5791015625 31460.6094442263 1915
