0 5.3984375 5.3984375
10 59.51640625 64.91484375
20 68.6609375 133.57578125
30 118.58125 252.15703125
40 190.20546875 442.3625
50 126.265625 568.628125
60 150.60078125 719.22890625
70 206.70625 925.93515625
80 229.275 1155.21015625
90 262.8875 1418.09765625
100 289.678125 1707.77578125
110 321.59921875 2029.375
120 438.3234375 2467.6984375
130 579.71640625 3047.41484375
140 735.47890625 3782.89375
150 913.546875 4696.440625
160 1209.8765625 5906.3171875
170 1519.11875 7425.4359375
180 1741.928125 9167.3640625
190 2280.42890625 11447.79296875
200 3151.87890625 14599.671875
210 3323.8421875 17923.5140625
220 3010.7984375 20934.3125
230 2339.7390625 23274.0515625
240 1570.1359375 24844.1875
250 922.05390625 25766.24140625
260 588.9546875 26355.19609375
270 268.584375 26623.78046875
280 98.6484375 26722.42890625
290 72.1359375 26794.56484375
300 23.41328125 26817.978125
310 20.7734375 26838.7515625
320 18.14765625 26856.89921875
320 0 26856.89921875
