0 0.2 4.8250732421875 0.5469970703125 5.3720703125 4.278076171875 0 0
10 0.2 9.425048828125 3.7890625 13.214111328125 4.278076171875 4.8250732421875 2
20 0.1 5.744140625 0.0 13.214111328125 4.278076171875 7.12506103515625 4
30 0.3 4.092936197916667 0.08354279895500294 13.214111328125 4.004150390625 6.848876953125 5
40 0.4 4.66455078125 0.8920045006931414 13.214111328125 3.857177734375 5.815399169921875 8
50 0 0 0 13.214111328125 3.857177734375 5.431783040364583 12
60 0.3 3.9126790364583335 0.016601961417797118 13.214111328125 3.857177734375 5.431783040364583 12
70 0.6 4.359375 0.6692732032902139 13.214111328125 3.80712890625 5.127962239583334 15
80 0.6 4.283976236979167 0.7409977986893937 13.214111328125 3.77001953125 4.908365885416667 21
90 0.5 3.714794921875 0.13124391450852121 13.214111328125 3.55712890625 4.769612630208333 27
100 1 39.5205078125 106.67391150589485 359.5419921875 3.55712890625 4.60479736328125 32
110 0.6 4.640869140625 1.0521923455645195 359.5419921875 3.55712890625 12.918061755952381 42
120 1 4.599365234375 0.6850389386686117 359.5419921875 3.55712890625 11.883412679036459 48
130 1.9 4.409462376644737 1.2905911236221275 359.5419921875 3.55712890625 10.627542429956897 58
140 1.7 4.897073184742646 1.0673681590308282 359.5419921875 3.55712890625 9.093210988230519 77
150 2.4 4.5478515625 0.7543346294830074 359.5419921875 3.55712890625 8.33433500249335 94
160 3.7 4.93577781883446 1.3974370935571634 359.5419921875 3.55712890625 7.564202777409958 118
170 4.5 4.3777832031249995 0.7321793315853495 359.5419921875 3.55712890625 6.93677230342742 155
180 3.9 5.070594200721154 2.6210927911365998 359.5419921875 3.55712890625 6.360999755859375 200
190 7.7 6.158732624797078 3.839884185629033 359.5419921875 3.55712890625 6.150431485355648 239
200 7.9 8.793423036985763 10.068566317995135 359.5419921875 3.55712890625 6.1524542313587816 316
210 3.9 7.246143830128205 4.8082528293095885 359.5419921875 3.55712890625 6.680647992484177 395
220 0.1 7.112060546875 0.0 359.5419921875 3.55712890625 6.731464438724078 434
230 0 0 0 359.5419921875 3.55712890625 6.7323393723060345 435
240 0 0 0 359.5419921875 3.55712890625 6.7323393723060345 435
250 0 0 0 359.5419921875 3.55712890625 6.7323393723060345 435
260 0 0 0 359.5419921875 3.55712890625 6.7323393723060345 435
270 0 0 0 359.5419921875 3.55712890625 6.7323393723060345 435
280 0 0 0 359.5419921875 3.55712890625 6.7323393723060345 435
290 0 0 0 359.5419921875 3.55712890625 6.7323393723060345 435
300 0 0 0 359.5419921875 3.55712890625 6.7323393723060345 435
310 0 0 0 359.5419921875 3.55712890625 6.7323393723060345 435
320 0 0 0 359.5419921875 3.55712890625 6.7323393723060345 435
320 0 0 0 359.5419921875 3.55712890625 6.7323393723060345 435
