30 0.3 35.338623046875 2.189418124334028 37.14892578125 32.258056640625 0 0
40 0 0 0 37.14892578125 32.258056640625 35.338623046875 3
50 0.1 33.004150390625 0.0 37.14892578125 32.258056640625 35.338623046875 3
60 0 0 0 37.14892578125 32.258056640625 34.7550048828125 4
70 0.1 32.299072265625 0.0 37.14892578125 32.258056640625 34.7550048828125 4
80 0.1 38.820068359375 0.0 38.820068359375 32.258056640625 34.263818359375 5
90 0.3 35.690022786458336 1.0170432792443556 38.820068359375 32.258056640625 35.023193359375 6
100 0.2 32.5316162109375 0.4305419921875 38.820068359375 32.10107421875 35.24546983506944 9
110 0.4 36.5419921875 4.137958719000613 41.18798828125 31.93603515625 34.75204190340909 11
120 0.3 34.888020833333336 1.7151938244981977 41.18798828125 31.93603515625 35.22936197916667 15
130 0.1 34.43408203125 0.0 41.18798828125 31.93603515625 35.17247178819444 18
140 0.3 34.504313151041664 1.0965525069430213 41.18798828125 31.93603515625 35.1336091694079 19
150 0.7 37.35947963169643 2.717026704161031 42.93603515625 31.93603515625 35.04779607599432 22
160 0.6 36.4228515625 2.791934040892214 42.93603515625 31.93603515625 35.605788658405174 29
170 0.9 38.316731770833336 6.318162013382465 52.764892578125 31.93603515625 35.74585658482143 35
180 1.2 37.419169108072914 5.563504807355129 52.764892578125 31.93603515625 36.27171741832387 44
190 1.4 43.720040457589285 6.55576689343574 52.764892578125 31.93603515625 36.51759992327009 56
200 2.5 48.766142578125 13.177045927914486 89.6611328125 31.93603515625 37.95808803013393 70
210 2.2 52.62113813920455 16.124266017939046 97.177978515625 31.93603515625 40.80231291118421 95
220 2.3 47.45540718410326 8.65628133381295 97.177978515625 31.93603515625 43.02465611645299 117
230 2.2 40.13927112926137 6.066757295035979 97.177978515625 31.93603515625 43.75256522042411 140
240 1.5 38.275390625 4.3456636919954255 97.177978515625 31.93603515625 43.2618709611304 162
250 0.9 36.691487630208336 3.3012352023695213 97.177978515625 31.93603515625 42.83928788179732 177
260 0.5 33.134228515625 3.394344481498 97.177978515625 31.18212890625 42.54181367607527 186
270 0.2 36.85302734375 4.498046875 97.177978515625 31.18212890625 42.29554181323626 191
280 0.2 32.5220947265625 0.1219482421875 97.177978515625 31.18212890625 42.23914269956283 193
290 0 0 0 97.177978515625 31.18212890625 42.139480669070515 195
300 0 0 0 97.177978515625 31.18212890625 42.139480669070515 195
310 0 0 0 97.177978515625 31.18212890625 42.139480669070515 195
320 0 0 0 97.177978515625 31.18212890625 42.139480669070515 195
320 0 0 0 97.177978515625 31.18212890625 42.139480669070515 195
