0 0.3 46.472330729166664 54.14431852311095 123.0439453125 8.14501953125 0 0
10 0.6 7.7481689453125 0.7569937034982954 123.0439453125 6.822998046875 46.472330729166664 3
20 0.3 7.751627604166667 0.7365363310391735 123.0439453125 6.75 20.65622287326389 9
30 0.6 6.834554036458333 0.8660056926972365 123.0439453125 5.774169921875 17.430074055989582 12
40 0.6 7.232014973958333 1.4582379582416178 123.0439453125 5.774169921875 13.898234049479166 18
50 0.5 8.220751953125 1.8493932412019172 123.0439453125 5.774169921875 12.231679280598959 24
60 0.6 6.516194661458333 0.690896669620417 123.0439453125 5.774169921875 11.540140086206897 29
70 0.9 6.339463975694445 0.3473254114043369 123.0439453125 5.635986328125 10.678892299107142 35
80 1.2 6.87664794921875 1.2036883456517717 123.0439453125 5.635986328125 9.791281960227272 44
90 0.8 6.432403564453125 0.7278889416415902 123.0439453125 5.635986328125 9.166717529296875 56
100 1.5 6.602701822916667 0.5857716417455944 123.0439453125 5.635986328125 8.824928283691406 64
110 2.4 6.706837972005208 0.8728260354916105 123.0439453125 5.635986328125 8.402986550632912 79
120 1.8 7.352213541666667 1.3445586917984649 123.0439453125 5.635986328125 8.007767464350728 103
130 3.3 6.693995620265151 1.1216656402657772 123.0439453125 5.635986328125 7.910247046100206 121
140 3.2 7.410308837890625 1.5016404233788174 123.0439453125 5.635986328125 7.649621740564124 154
150 3.3 7.134654651988637 1.0989416096087328 123.0439453125 5.635986328125 7.60844962827621 186
160 6.8 7.115564682904412 1.643434456348052 123.0439453125 5.635986328125 7.537055864726027 219
170 6.3 7.576590401785714 1.9127980681104713 123.0439453125 5.635986328125 7.437190358231708 287
180 9.4 8.085495969082446 2.5792982572044245 123.0439453125 5.635986328125 7.462282366071428 350
190 13.7 9.215376582458942 4.49465727375863 123.0439453125 5.635986328125 7.594223984726915 444
200 13.5 12.851723451967592 9.378224010000336 123.0439453125 5.635986328125 7.976492325328098 581
210 4.1 11.573998427972562 6.20627644709767 123.0439453125 5.635986328125 8.895704898088338 716
220 0 0 0 123.0439453125 5.635986328125 9.04076438913887 757
230 0 0 0 123.0439453125 5.635986328125 9.04076438913887 757
240 0 0 0 123.0439453125 5.635986328125 9.04076438913887 757
250 0 0 0 123.0439453125 5.635986328125 9.04076438913887 757
260 0 0 0 123.0439453125 5.635986328125 9.04076438913887 757
270 0 0 0 123.0439453125 5.635986328125 9.04076438913887 757
280 0 0 0 123.0439453125 5.635986328125 9.04076438913887 757
290 0 0 0 123.0439453125 5.635986328125 9.04076438913887 757
300 0 0 0 123.0439453125 5.635986328125 9.04076438913887 757
310 0 0 0 123.0439453125 5.635986328125 9.04076438913887 757
320 0 0 0 123.0439453125 5.635986328125 9.04076438913887 757
320 0 0 0 123.0439453125 5.635986328125 9.04076438913887 757
