30 0.1 9.296875 0 9.296875 9.296875 0 0
40 0.7 8.709089006696429 0.6118246711955441 9.7939453125 7.903076171875 9.296875 1
50 0.5 9.536669921875 0.718538807234398 10.89208984375 7.903076171875 8.782562255859375 8
60 0.1 11.00390625 0.0 11.00390625 7.903076171875 9.072603665865385 13
70 0.6 8.440673828125 0.3188212969459405 11.00390625 7.903076171875 9.210553850446429 14
80 0.4 8.41131591796875 0.29062531045671497 11.00390625 7.903076171875 8.97958984375 20
90 0.7 10.12158203125 1.3873511117907384 11.98095703125 7.903076171875 8.884877522786459 24
100 1 8.6548583984375 0.5537999324158283 11.98095703125 7.903076171875 9.16413337953629 31
110 0.3 10.245361328125 1.7457052050288115 12.64306640625 7.903076171875 9.039919969512194 41
120 0.5 9.3666015625 0.8086807366358166 12.64306640625 7.903076171875 9.122109153053977 44
130 1.1 10.507568359375 2.2214255350110244 16.178955078125 7.903076171875 9.14705735809949 49
140 1.1 10.023037997159092 1.4931497363624875 16.178955078125 7.903076171875 9.396484375 60
150 2.2 13.171586470170455 13.830356362155086 75.926025390625 7.903076171875 9.49355606294014 71
160 2.3 9.767652428668478 1.63352972051902 75.926025390625 7.903076171875 10.36362777217742 93
170 3.4 10.081815831801471 2.1192774647151507 75.926025390625 7.903076171875 10.245460247171335 116
180 3.6 10.915900336371529 2.1193392162849074 75.926025390625 7.903076171875 10.208367513020834 150
190 4.6 11.95410686990489 3.411228544436904 75.926025390625 7.903076171875 10.345309349798388 186
200 6.4 15.141170501708984 9.077781624047288 75.926025390625 7.903076171875 10.664295064991919 232
210 6.2 17.297516853578628 15.173351404341402 76.342041015625 7.903076171875 11.632268132390204 296
220 9.8 14.823727977519136 9.823034874392626 76.342041015625 7.903076171875 12.613400592484288 358
230 9.8 12.07490134725765 3.4529981064013984 76.342041015625 7.903076171875 13.088427091899671 456
240 8.6 10.966867846111922 2.3271387209794354 76.342041015625 7.903076171875 12.909139144291517 554
250 6.3 9.452187189980158 1.3185323426730489 76.342041015625 7.77685546875 12.648146438598634 640
260 3 9.732307942708333 2.2944230291348817 76.342041015625 7.77685546875 12.361737572790718 703
270 1.4 9.326503208705358 1.2675957838508822 76.342041015625 7.77685546875 12.254121080427183 733
280 0.6 8.891642252604166 0.9791208596370565 76.342041015625 7.77685546875 12.199252740127175 747
290 0.4 8.29656982421875 0.17180513999594543 76.342041015625 7.77685546875 12.1728972780752 753
300 0 0 0 76.342041015625 7.77685546875 12.152414702361295 757
310 0 0 0 76.342041015625 7.77685546875 12.152414702361295 757
320 0 0 0 76.342041015625 7.77685546875 12.152414702361295 757
320 0 0 0 76.342041015625 7.77685546875 12.152414702361295 757
