30 0.8 5.209716796875 0.910543760395001 7.130859375 4.448974609375 0 0
40 1.6 4.78485107421875 0.8803125511165356 8.17578125 4.4208984375 5.209716796875 8
50 0.8 4.61224365234375 0.07948706139384866 8.17578125 4.4208984375 4.926472981770833 24
60 0.8 5.0557861328125 1.1334223454011558 8.17578125 4.4208984375 4.8479156494140625 32
70 1.6 4.61273193359375 0.14049817034948678 8.17578125 4.4208984375 4.88948974609375 40
80 0.8 4.891845703125 0.5070631219988675 8.17578125 4.4208984375 4.810416085379464 56
90 2.4 4.942087809244793 1.0803621526372276 8.541015625 4.40380859375 4.820594787597656 64
100 0.8 4.76654052734375 0.12499861418432699 8.541015625 4.40380859375 4.853729248046875 88
110 4 4.794525146484375 0.6639863760175535 8.7890625 4.382080078125 4.846463521321614 96
120 3.2 4.995475769042969 0.4005632771870784 8.7890625 4.382080078125 4.831187528722427 136
130 3.2 5.0690460205078125 0.6988791206668462 8.7890625 4.382080078125 4.86248052687872 168
140 4.8 5.287536621093749 0.8384823247493991 8.7890625 4.382080078125 4.895531005859375 200
150 6 5.303328450520834 0.7978137867541093 8.7890625 4.382080078125 4.971403060420867 248
160 9.9 5.425929214015151 1.0534734254123816 8.7890625 4.382080078125 5.0360638507000814 308
170 11.3 5.707372614767699 1.4301539708548758 12.360107421875 4.382080078125 5.130895966101044 407
180 11.2 5.636437552315849 2.0185116589777974 19.93017578125 4.382080078125 5.256168776292068 520
190 12 7.970562744140627 4.334176779848847 32.799072265625 4.382080078125 5.323558179638054 632
200 20.8 8.993606567382809 6.682318723123359 47.373046875 4.382080078125 5.7459525250374 752
210 24.2 11.483452915160122 11.436908194868058 73.612060546875 4.382080078125 6.4496109008789055 960
220 25.6 8.69410705566406 6.10357193079726 73.612060546875 4.382080078125 7.463079925384774 1202
230 26.2 6.644383088322996 2.5663299733817957 73.612060546875 4.382080078125 7.67922735018004 1458
240 10.4 5.735924353966344 1.6102604544705281 73.612060546875 4.382080078125 7.521594096339025 1720
250 8.8 5.0852439186789775 0.892690160101857 73.612060546875 4.382080078125 7.419779593484442 1824
260 10.4 4.9187715970552865 0.7326251436880924 73.612060546875 4.35009765625 7.312332344853228 1912
270 4.8 4.732971191406251 0.3833331262503286 73.612060546875 4.35009765625 7.188855004689049 2016
280 2.4 4.515706380208334 0.11229061462390788 73.612060546875 4.35009765625 7.131741427635961 2064
290 1.6 4.5859375 0.09918624165150804 73.612060546875 4.35009765625 7.101672059274724 2088
300 0.8 4.525665283203125 0.13070472788697188 73.612060546875 4.35009765625 7.082540997987463 2104
310 0.8 4.556884765625 0.08987194116557412 73.612060546875 4.35009765625 7.0728558627041895 2112
320 0.8 4.541229248046875 0.08925706103486435 73.612060546875 4.35009765625 7.0633616321491735 2120
320 0 0 0 73.612060546875 4.35009765625 7.05387993145706 2128
