10 0.1 11.05908203125 0 11.05908203125 11.05908203125 0 0
20 0.1 11.330078125 0.0 11.330078125 11.05908203125 11.05908203125 1
30 0.1 8.382080078125 0.0 11.330078125 8.382080078125 11.194580078125 2
40 0.2 10.078125 1.64501953125 11.72314453125 8.382080078125 10.257080078125 3
50 0.3 9.430094401041666 0.9578866124758538 11.72314453125 8.382080078125 10.185498046875 5
60 0.3 8.900634765625 0.2334792078523681 11.72314453125 8.382080078125 9.9022216796875 8
70 0.2 9.2030029296875 0.8489990234375 11.72314453125 8.35400390625 9.629061612215908 11
80 0.1 8.4638671875 0.0 11.72314453125 8.35400390625 9.563514122596153 13
90 0.1 8.721923828125 0.0 11.72314453125 8.35400390625 9.484967912946429 14
100 0.4 8.61639404296875 0.26990336149020905 11.72314453125 8.35400390625 9.434098307291666 15
110 0.5 8.712451171875 0.2845139635544423 11.72314453125 8.31103515625 9.261950041118421 19
120 0.5 11.256640625 2.100268629467573 15.01220703125 8.31103515625 9.147471110026041 24
130 1.1 13.121493252840908 11.415849747751304 49.0859375 8.31103515625 9.511121026400861 29
140 0.6 10.050577799479166 1.8719397070195753 49.0859375 8.31103515625 10.503973388671875 40
150 1.5 9.632698567708335 1.8635526551231318 49.0859375 8.1650390625 10.444834833559783 46
160 0.9 9.622748480902779 1.7087738577005676 49.0859375 8.1650390625 10.245129194415984 61
170 1.5 9.215983072916666 1.4554152694507598 49.0859375 8.031005859375 10.165108816964286 70
180 2.5 10.118251953125 1.851726245808625 49.0859375 8.031005859375 9.997616038602942 85
190 3.1 11.500157510080646 3.357128959873843 49.0859375 8.031005859375 10.025033291903409 110
200 3.4 17.609339096966917 16.104925105741575 68.287109375 7.992919921875 10.349351382424645 141
210 3.9 16.721009865785255 10.030426368159644 68.287109375 7.992919921875 11.75986328125 175
220 3.6 12.596048990885416 4.373269414499669 68.287109375 7.992919921875 12.663997471889603 214
230 0.9 11.154134114583334 2.5119337085837223 68.287109375 7.992919921875 12.654212890625 250
240 0.3 10.14404296875 1.2498023989577438 68.287109375 7.992919921875 12.602086601110038 259
250 0.2 9.43359375 1.486572265625 68.287109375 7.947021484375 12.573941063334924 262
260 0 0 0 68.287109375 7.947021484375 12.550150553385416 264
270 0.2 11.0560302734375 2.7371826171875 68.287109375 7.947021484375 12.550150553385416 264
280 0 0 0 68.287109375 7.947021484375 12.53891656631814 266
290 0 0 0 68.287109375 7.947021484375 12.53891656631814 266
300 0 0 0 68.287109375 7.947021484375 12.53891656631814 266
310 0 0 0 68.287109375 7.947021484375 12.53891656631814 266
320 0 0 0 68.287109375 7.947021484375 12.53891656631814 266
320 0 0 0 68.287109375 7.947021484375 12.53891656631814 266
