20 0.1 58.447998046875 0 58.447998046875 58.447998046875 0 0
30 0.2 57.877197265625 2.010986328125 59.88818359375 55.8662109375 58.447998046875 1
40 0.1 53.5751953125 0.0 59.88818359375 53.5751953125 58.067464192708336 3
50 0.2 67.9879150390625 11.1781005859375 79.166015625 53.5751953125 56.94439697265625 4
60 0.3 55.43701171875 2.2602318689658256 79.166015625 53.5751953125 60.625569661458336 6
70 0.2 54.32958984375 0.278564453125 79.166015625 53.5751953125 58.89605034722222 9
80 0.2 56.76953125 1.6015625 79.166015625 53.5751953125 58.06578480113637 11
90 0.2 57.7774658203125 3.5994873046875 79.166015625 53.5751953125 57.86636117788461 13
100 0.3 60.139729817708336 1.5207212354551323 79.166015625 53.5751953125 57.85450846354167 15
110 0.4 57.28253173828125 2.6741967591494 79.166015625 53.5751953125 58.235378689236114 18
120 0.3 55.725341796875 1.0146184383849235 79.166015625 53.5751953125 58.0621337890625 22
130 0.6 60.3297119140625 3.84195327569723 79.166015625 53.5751953125 57.78171875 25
140 0.6 61.8660888671875 6.943157968582202 79.166015625 53.5751953125 58.274878717237904 31
150 1 59.60439453125 3.333389619272582 79.166015625 53.5751953125 58.857237119932435 37
160 1 60.095751953125 5.6071826845799055 79.166015625 53.5751953125 59.016206781914896 47
170 0.9 72.63324652777777 12.101279616835779 94.029052734375 53.5751953125 59.20560067160088 57
180 2.1 65.18398902529762 7.249384024122143 94.029052734375 53.5751953125 61.03664328835227 66
190 2.4 70.72250366210939 10.540078476325794 94.723876953125 53.5751953125 62.0377267420977 87
200 2.9 81.34359004579741 16.305914661560056 132.2880859375 53.5751953125 63.915516346424546 111
210 3.3 80.80800189393938 20.33171782940347 132.2880859375 53.5751953125 67.52561732700893 140
220 3.6 80.52717420789934 14.816857203761414 132.2880859375 53.5751953125 70.05925137734826 173
230 2.6 68.1839317908654 10.179229137573154 132.2880859375 53.5751953125 71.8623385634719 209
240 1.2 59.7584228515625 3.8435599214184886 132.2880859375 53.5751953125 71.45536589926861 235
250 0.5 64.345849609375 8.4356750020681 132.2880859375 53.5751953125 70.88709336253795 247
260 0.9 59.53260633680556 10.496895954524112 132.2880859375 52.947021484375 70.75730678013393 252
270 0.1 52.68701171875 0.0 132.2880859375 52.68701171875 70.37024814415709 261
280 0 0 0 132.2880859375 52.68701171875 70.30275487535782 262
290 0 0 0 132.2880859375 52.68701171875 70.30275487535782 262
300 0 0 0 132.2880859375 52.68701171875 70.30275487535782 262
310 0 0 0 132.2880859375 52.68701171875 70.30275487535782 262
320 0 0 0 132.2880859375 52.68701171875 70.30275487535782 262
320 0 0 0 132.2880859375 52.68701171875 70.30275487535782 262
