0 0.1 3170.78515625 0 3170.78515625 3170.78515625 0 0
10 0.1 3171.265625 0.0 3171.265625 3170.78515625 3170.78515625 1
20 0.1 3169.95703125 0.0 3171.265625 3169.95703125 3171.025390625 2
30 0.1 3168.390625 0.0 3171.265625 3168.390625 3170.6692708333335 3
40 0.1 3166.95703125 0.0 3171.265625 3166.95703125 3170.099609375 4
50 0.1 3165.52734375 0.0 3171.265625 3165.52734375 3169.47109375 5
60 0.1 3164.80859375 0.0 3171.265625 3164.80859375 3168.8138020833335 6
70 0.1 3163.9765625 0.0 3171.265625 3163.9765625 3168.241629464286 7
80 0.1 3163.0234375 0.0 3171.265625 3163.0234375 3167.70849609375 8
90 0.1 3162.80078125 0.0 3171.265625 3162.80078125 3167.187934027778 9
100 0.1 3162.578125 0.0 3171.265625 3162.578125 3166.74921875 10
110 0.1 3159.92578125 0.0 3171.265625 3159.92578125 3166.370028409091 11
120 0.1 3157.34765625 0.0 3171.265625 3157.34765625 3165.8330078125 12
130 0.1 3151.484375 0.0 3171.265625 3151.484375 3165.1802884615386 13
140 0.1 3145.0859375 0.0 3171.265625 3145.0859375 3164.2020089285716 14
150 0.1 3139.2265625 0.0 3171.265625 3139.2265625 3162.9276041666667 15
160 0.1 3134.1015625 0.0 3171.265625 3134.1015625 3161.4462890625 16
170 0.1 3128.5703125 0.0 3171.265625 3128.5703125 3159.837775735294 17
180 0.1 3121.74609375 0.0 3171.265625 3121.74609375 3158.1006944444443 18
190 0.1 3114.48828125 0.0 3171.265625 3114.48828125 3156.1872944078946 19
200 0.1 3107.78125 0.0 3171.265625 3107.78125 3154.10234375 20
210 0.1 3100.4140625 0.0 3171.265625 3100.4140625 3151.8965773809523 21
220 0.1 3094.72265625 0.0 3171.265625 3094.72265625 3149.556463068182 22
230 0.1 3092.859375 0.0 3171.265625 3092.859375 3147.1723845108695 23
240 0.1 3092.546875 0.0 3171.265625 3092.546875 3144.9093424479165 24
250 0.1 3092.328125 0.0 3171.265625 3092.328125 3142.81484375 25
260 0.1 3095.53125 0.0 3171.265625 3092.328125 3140.873046875 26
270 0.1 3095.64453125 0.0 3171.265625 3092.328125 3139.193721064815 27
280 0.1 3096.1171875 0.0 3171.265625 3092.328125 3137.6383928571427 28
290 0.1 3096.93359375 0.0 3171.265625 3092.328125 3136.2066271551726 29
300 0.1 3097.2421875 0.0 3171.265625 3092.328125 3134.897526041667 30
310 0.1 3097.69921875 0.0 3171.265625 3092.328125 3133.6828377016127 31
320 0.1 3097.98046875 0.0 3171.265625 3092.328125 3132.558349609375 32
330 0.1 3099.95703125 0.0 3171.265625 3092.328125 3131.510535037879 33
340 0.1 3100.2109375 0.0 3171.265625 3092.328125 3130.5824908088234 34
347 0.1 3100.39453125 0.0 3171.265625 3092.328125 3129.714732142857 35
