0 0.1 0.0 0 0.0 0.0 0 0
10 0.1 0.0 0.0 0.0 0.0 0.0 1
20 0.1 0.0 0.0 0.0 0.0 0.0 2
30 0.1 0.0 0.0 0.0 0.0 0.0 3
40 0.1 0.0 0.0 0.0 0.0 0.0 4
50 0.1 0.0 0.0 0.0 0.0 0.0 5
60 0.1 0.0 0.0 0.0 0.0 0.0 6
70 0.1 0.0 0.0 0.0 0.0 0.0 7
80 0.1 0.0 0.0 0.0 0.0 0.0 8
90 0.1 0.0 0.0 0.0 0.0 0.0 9
100 0.1 0.0 0.0 0.0 0.0 0.0 10
110 0.1 0.1484375 0.0 0.1484375 0.0 0.0 11
120 0.1 0.12890625 0.0 0.1484375 0.0 0.012369791666666666 12
130 0.1 0.109375 0.0 0.1484375 0.0 0.021334134615384616 13
140 0.1 0.08984375 0.0 0.1484375 0.0 0.027622767857142856 14
150 0.1 0.078125 0.0 0.1484375 0.0 0.03177083333333333 15
160 0.1 0.140625 0.0 0.1484375 0.0 0.03466796875 16
170 0.1 0.12109375 0.0 0.1484375 0.0 0.04090073529411765 17
180 0.1 0.1015625 0.0 0.1484375 0.0 0.045355902777777776 18
190 0.1 0.16015625 0.0 0.16015625 0.0 0.048314144736842105 19
200 0.1 0.140625 0.0 0.16015625 0.0 0.05390625 20
210 0.1 0.19140625 0.0 0.19140625 0.0 0.05803571428571429 21
220 0.1 0.16015625 0.0 0.19140625 0.0 0.06409801136363637 22
230 0.1 0.21875 0.0 0.21875 0.0 0.06827445652173914 23
240 0.1 0.1796875 0.0 0.21875 0.0 0.07454427083333333 24
250 0.1 0.1484375 0.0 0.21875 0.0 0.07875 25
260 0.1 0.12890625 0.0 0.21875 0.0 0.08143028846153846 26
270 0.1 0.109375 0.0 0.21875 0.0 0.08318865740740741 27
280 0.1 0.2890625 0.0 0.2890625 0.0 0.08412388392857142 28
290 0.1 0.25 0.0 0.2890625 0.0 0.09119073275862069 29
300 0.1 0.2109375 0.0 0.2890625 0.0 0.096484375 30
310 0.1 0.1796875 0.0 0.2890625 0.0 0.10017641129032258 31
320 0.1 0.1484375 0.0 0.2890625 0.0 0.1026611328125 32
330 0.1 0.12890625 0.0 0.2890625 0.0 0.10404829545454546 33
340 0.1 0.109375 0.0 0.2890625 0.0 0.10477941176470588 34
347 0.1 0.08984375 0.0 0.2890625 0.0 0.10491071428571429 35
