0 1.0546875 1.0546875
10 10.54609375 11.60078125
20 36.25625 47.85703125
30 56.8328125 104.68984375
40 79.51875 184.20859375
50 79.009375 263.21796875
60 161.11875 424.33671875
70 117.2515625 541.58828125
80 118.8015625 660.38984375
90 118.72578125 779.115625
100 146.7484375 925.8640625
110 210.578125 1136.4421875
120 228.07578125 1364.51796875
130 230.0015625 1594.51953125
140 289.1546875 1883.67421875
150 368.0171875 2251.69140625
160 599.184375 2850.87578125
170 800.81875 3651.69453125
180 937.59921875 4589.29375
190 1009.05 5598.34375
200 1050.00390625 6648.34765625
210 1096.76796875 7745.115625
220 1131.01796875 8876.13359375
230 1514.29453125 10390.428125
240 923.7921875 11314.2203125
250 789.32890625 12103.54921875
260 586.22109375 12689.7703125
270 564.89375 13254.6640625
280 462.1953125 13716.859375
290 100.13046875 13816.98984375
300 96.09921875 13913.0890625
310 45.72109375 13958.81015625
320 34.78046875 13993.590625
330 0.2671875 13993.8578125
340 18.25625 14012.1140625
347 18.24296875 14030.35703125
