0 0.1 84.01904296875 0 84.01904296875 84.01904296875 0 0
10 0.5 33.818212890625 3.6415970076933757 84.01904296875 28.4560546875 84.01904296875 1
20 0.5 232.2412109375 368.3604959917214 968.256103515625 28.4560546875 42.185017903645836 6
30 0.3 38.706705729166664 2.6412367955339273 968.256103515625 28.4560546875 128.57419655539772 11
40 0.9 74.05414496527777 45.42606661150571 968.256103515625 27.14697265625 109.31687709263393 14
50 0.6 83.41398111979167 70.91670590799123 968.256103515625 26.26611328125 95.51841669497283 23
60 0.3 63.089029947916664 10.123251580215031 968.256103515625 26.26611328125 93.01405071390086 29
70 0.8 72.927734375 33.65470851353997 968.256103515625 26.26611328125 90.20858001708984 32
80 0.9 50.71112738715278 21.11487791071326 968.256103515625 26.26611328125 86.75241088867188 40
90 0.8 49.903045654296875 26.443924016419814 968.256103515625 26.26611328125 80.13258330676021 49
100 1.5 338.741748046875 326.04254437974436 1009.403076171875 26.26611328125 75.88984118009868 57
110 2 348.32021484375 138.63971544379038 1009.403076171875 26.26611328125 130.6506551106771 72
120 3.3 493.8385712594697 161.30763388262645 1009.403076171875 26.26611328125 177.97012461786684 92
130 3.3 1453.0889781605113 897.6472665137793 3316.541015625 0.7138671875 261.35939453125 125
140 3.8 2065.3892372532896 1334.0113988241933 3316.541015625 0.7109375 510.2649404791337 158
150 5.8 1473.8656216325428 1284.9301595382663 3316.541015625 0.70703125 811.7686306700415 196
160 7.3 762.341579489512 1049.4472291785746 3316.541015625 0.68994140625 962.9561325433687 254
170 9.2 789.6536785623301 1050.5765591933973 3316.541015625 0.68994140625 918.1706206995412 327
180 11 626.9300026633524 856.950553356288 3316.541015625 0.676025390625 889.9521035715618 419
190 12.5 665.3452089843751 892.5794402405401 3522.09912109375 0.6669921875 835.259417182331 529
200 8.6 810.4868362781617 1218.215544320022 5901.10107421875 0.65478515625 802.7834599579511 654
210 8.3 1438.2842973456325 2239.126433075156 12003.177001953125 0.65478515625 803.6787172059755 740
220 6.3 2238.2944452194943 4985.6933711327865 20401.171142578125 0.65478515625 867.6790369527453 823
230 4.2 2886.977986653646 6973.933768124083 32230.12890625 0.65478515625 965.1381461184396 886
240 0.4 698.7174682617188 695.1556468609541 32230.12890625 0.65478515625 1052.1179664874899 928
250 0 0 0 32230.12890625 0.65478515625 1050.601226151757 932
260 0 0 0 32230.12890625 0.65478515625 1050.601226151757 932
270 0 0 0 32230.12890625 0.65478515625 1050.601226151757 932
280 0 0 0 32230.12890625 0.65478515625 1050.601226151757 932
290 0 0 0 32230.12890625 0.65478515625 1050.601226151757 932
300 0 0 0 32230.12890625 0.65478515625 1050.601226151757 932
310 0 0 0 32230.12890625 0.65478515625 1050.601226151757 932
320 0 0 0 32230.12890625 0.65478515625 1050.601226151757 932
330 0 0 0 32230.12890625 0.65478515625 1050.601226151757 932
340 0 0 0 32230.12890625 0.65478515625 1050.601226151757 932
347 0 0 0 32230.12890625 0.65478515625 1050.601226151757 932
