20 0.3 81.11832682291667 65.65638675410167 173.9169921875 31.989990234375 0 0
30 0.4 9.0548095703125 0.6212510803374446 173.9169921875 8.14794921875 81.11832682291667 3
40 0.5 36.071044921875 47.34399468664007 173.9169921875 8.14794921875 39.939174107142854 7
50 0.3 15.213704427083334 8.935026065029634 173.9169921875 8.14794921875 38.32745361328125 12
60 0.5 53.823583984375 51.67804246162208 173.9169921875 8.14794921875 33.70470377604167 15
70 0.3 60.109049479166664 14.422917836789969 173.9169921875 8.14794921875 38.734423828125 20
80 0.3 30.464029947916668 26.70112405815683 173.9169921875 8.14794921875 41.52241847826087 23
90 0.6 22.777180989583332 13.210539175583577 173.9169921875 8.14794921875 40.24645057091346 26
100 0.9 168.46918402777777 166.7336642205863 528.294921875 8.14794921875 36.97096252441406 32
110 1.3 131.99034705528845 119.85574298134058 528.294921875 8.14794921875 65.83642578125 41
120 1.1 327.72587446732956 148.09292762943147 587.181884765625 8.14794921875 81.76236979166667 54
130 1.1 1452.4993785511363 739.3520453020686 2884.27587890625 8.14794921875 123.386962890625 65
140 1.8 1365.3638916015625 1370.95543556913 3008.236083984375 0.708984375 315.7584967362253 76
150 2.2 1082.741377397017 1185.2231843314662 3008.236083984375 0.678955078125 516.7467638380984 94
160 2.6 1088.5808293269233 1009.1704926559123 3008.236083984375 0.678955078125 624.0905698578933 116
170 3.2 609.8012313842773 898.3834489896085 3008.236083984375 0.678955078125 709.1380821550396 142
180 4.6 413.6908065132473 696.6531037099448 3008.236083984375 0.678955078125 690.8692360362787 174
190 4.7 491.72654691655583 711.9314281562228 3008.236083984375 0.678955078125 632.9137462269176 220
200 6.4 403.3784370422363 713.4986206307944 3008.236083984375 0.678955078125 608.0605688202247 267
210 5.8 443.0085912244073 647.9750619664799 3008.236083984375 0.678955078125 568.4845675096772 331
220 4.5 1088.473806423611 2485.952576698808 12368.657958984375 0.671875 549.7760671895085 389
230 5.2 551.1620295597957 719.4063771338347 12368.657958984375 0.671875 605.6318235617081 434
240 3.1 518.5422757056451 572.623706706993 12368.657958984375 0.671875 599.8037797590343 486
250 2.1 565.4799572172619 596.8073848080099 12368.657958984375 0.671875 594.9312330943243 517
260 2.3 879.9969110903533 292.650192273339 12368.657958984375 0.671875 593.7816479764465 538
270 0.6 728.10791015625 169.13869933167913 12368.657958984375 0.671875 605.5159635764819 561
280 0.1 313.489990234375 0.0 12368.657958984375 0.671875 606.8132328524583 567
290 0.3 3.8111165364583335 0.19483547024170927 12368.657958984375 0.671875 606.2968186929195 568
300 0.1 8.98388671875 0.0 12368.657958984375 0.671875 603.1313946885948 571
310 0 0 0 12368.657958984375 0.671875 602.0926752690671 572
320 0 0 0 12368.657958984375 0.671875 602.0926752690671 572
330 0 0 0 12368.657958984375 0.671875 602.0926752690671 572
340 0 0 0 12368.657958984375 0.671875 602.0926752690671 572
347 0 0 0 12368.657958984375 0.671875 602.0926752690671 572
