30 0.1 7.987060546875 0 7.987060546875 7.987060546875 0 0
40 0.3 30.300944010416668 30.967752491496928 74.095947265625 7.987060546875 7.987060546875 1
50 0.2 7.3150634765625 0.4559326171875 74.095947265625 6.859130859375 24.72247314453125 4
60 0.5 11.26787109375 7.0587134775331855 74.095947265625 6.62109375 18.920003255208332 6
70 0.5 34.862939453125 18.025042391633278 74.095947265625 6.62109375 15.441761363636363 11
80 0.5 8.09130859375 1.1216172222351155 74.095947265625 6.62109375 21.510879516601563 16
90 0.8 20.11541748046875 17.535929482773533 74.095947265625 6.512939453125 18.315743582589285 21
100 0.3 59.737060546875 30.624202714649506 97.462890625 6.512939453125 18.81220534752155 29
110 0.8 225.11270141601563 83.0318980471599 335.330078125 6.512939453125 22.648910522460938 32
120 0.5 324.297021484375 82.50949624772943 469.6630859375 6.512939453125 63.141668701171874 40
130 0.5 1278.24384765625 363.69219721161284 1602.193115234375 6.512939453125 92.15893012152777 45
140 1.1 1685.8423961292613 1282.0485633475405 3134.26416015625 0.760986328125 210.767421875 50
150 0.9 867.4954155815972 1218.7480201419703 3134.26416015625 0.760986328125 476.7645483798668 61
160 1.3 796.2485539362981 1005.3296014766797 3134.26416015625 0.731201171875 527.0013741629464 70
170 2.7 586.0534125434028 900.2126123481345 3134.26416015625 0.7177734375 569.1726191876883 83
180 5.4 473.6366871021412 763.2153109405702 3134.26416015625 0.679931640625 573.3160866477273 110
190 4.8 413.81332397460943 709.8352186758055 3134.26416015625 0.679931640625 540.4948209436928 164
200 6.9 475.6379394531248 786.372687754656 3134.26416015625 0.679931640625 511.8122178563532 212
210 7.3 721.9905454034675 891.1584558782552 5334.453857421875 0.679931640625 502.92956586410145 281
220 8.6 425.92653070494185 704.7773062327939 5334.453857421875 0.679931640625 548.1031576900159 354
230 9.7 481.46635138128227 672.8405167220955 5334.453857421875 0.679931640625 524.2231805974787 440
240 10.9 583.3188902128726 627.1921451492318 5334.453857421875 0.679931640625 516.4998799755588 537
250 8 813.2122009277343 576.2988247460077 5334.453857421875 0.679931640625 527.774295015601 646
260 7 946.4928745814732 229.10799556018617 5334.453857421875 0.679931640625 559.2275077882879 726
270 5.7 718.1378280907346 126.85086895207235 5334.453857421875 0.679931640625 593.2835073806534 796
280 4.5 277.66586914062503 168.31585297736626 5334.453857421875 0.679931640625 601.6266448724174 853
290 2.1 9.168119884672619 8.93389025857448 5334.453857421875 0.679931640625 585.3925302756128 898
300 0.7 7.744977678571429 1.3796354276722913 5334.453857421875 0.679931640625 572.2252695376261 919
310 0.4 7.90087890625 0.16377505598490918 5334.453857421875 0.679931640625 567.9581399015425 926
320 0.1 6.79296875 0.0 5334.453857421875 0.679931640625 565.5492914671541 930
330 0 0 0 5334.453857421875 0.679931640625 564.9491235587576 931
340 0 0 0 5334.453857421875 0.679931640625 564.9491235587576 931
347 0.1 7.98388671875 0.0 5334.453857421875 0.679931640625 564.9491235587576 931
