10 0.2 8.2276611328125 0.0875244140625 8.315185546875 8.14013671875 0 0
20 0.7 168.46201869419642 210.49144123570792 637.656005859375 7.882080078125 8.2276611328125 2
30 0.2 7.1998291015625 0.3709716796875 637.656005859375 6.828857421875 132.85438368055554 9
40 0.9 19.52813042534722 15.31061118700365 637.656005859375 6.828857421875 110.00810102982955 11
50 0.3 8.029378255208334 0.29669828900024353 637.656005859375 6.828857421875 69.2921142578125 20
60 0.6 23.0633544921875 13.62861715414515 637.656005859375 6.528076171875 61.301322605298914 23
70 0.3 24.863362630208332 19.090543250129194 637.656005859375 6.528076171875 53.39001885775862 29
80 1.4 12.98486328125 6.435604942154083 637.656005859375 6.528076171875 50.71564483642578 32
90 0.5 23.42080078125 14.96751912784326 637.656005859375 6.528076171875 39.232363493546195 46
100 1.1 303.84128639914775 327.11633455184835 766.243896484375 6.528076171875 37.682210286458336 51
110 1.4 206.73624093191964 102.70019032138138 766.243896484375 6.528076171875 84.9039818548387 62
120 2.5 343.69282226562495 161.02891280474162 766.243896484375 6.528076171875 107.34676642166941 76
130 2.5 1465.845283203125 791.9092493439109 3002.27099609375 2.97998046875 165.84826539294554 101
140 3 1921.7346842447917 1275.8581660840134 3143.236083984375 0.76416015625 423.784181625124 126
150 5.1 1053.842955346201 1160.5507305184012 3143.236083984375 0.710205078125 711.8515859750601 156
160 4.7 852.2014471825134 988.7433978162172 3143.236083984375 0.671875 796.1103291534571 207
170 9.1 570.3942066234549 891.3585504373287 3143.236083984375 0.671875 806.4893943005659 254
180 8.8 663.4930253462358 818.4712942635509 3143.236083984375 0.671875 744.2150114639946 345
190 13 507.67660757211536 776.6192352881693 3826.97802734375 0.671875 727.809619366159 433
200 10.3 524.7739305218445 906.6942546552032 5812.575927734375 0.651123046875 676.9796166428453 563
210 8.7 544.082965719289 798.716931549152 5812.575927734375 0.651123046875 653.4402988193272 666
220 6.6 1062.004512902462 3403.0605881165766 20380.780029296875 0.651123046875 640.8053878237051 753
230 7.2 924.4023674858943 3722.3134735442595 31813.004150390625 0.651123046875 674.7481744600885 819
240 3 688.7036051432292 615.0735082436311 31813.004150390625 0.651123046875 694.922250664194 891
250 0.9 1118.9742567274307 431.42936423607284 31813.004150390625 0.651123046875 694.7196889208401 921
260 0.2 422.482421875 421.6875 31813.004150390625 0.651123046875 698.8253782867104 930
270 0 0 0 31813.004150390625 0.651123046875 698.2323676506337 932
280 0 0 0 31813.004150390625 0.651123046875 698.2323676506337 932
290 0 0 0 31813.004150390625 0.651123046875 698.2323676506337 932
300 0 0 0 31813.004150390625 0.651123046875 698.2323676506337 932
310 0 0 0 31813.004150390625 0.651123046875 698.2323676506337 932
320 0 0 0 31813.004150390625 0.651123046875 698.2323676506337 932
330 0 0 0 31813.004150390625 0.651123046875 698.2323676506337 932
340 0 0 0 31813.004150390625 0.651123046875 698.2323676506337 932
347 0 0 0 31813.004150390625 0.651123046875 698.2323676506337 932
