20 0.1 7.44287109375 0 7.44287109375 7.44287109375 0 0
30 0.3 14.91796875 9.975946252520673 29.010009765625 7.288818359375 7.44287109375 1
40 0.1 8.055908203125 0.0 29.010009765625 7.288818359375 13.0491943359375 4
50 0.4 21.6240234375 13.098685665844485 36.06396484375 7.288818359375 12.050537109375 5
60 0.4 32.73846435546875 42.71414239754164 106.719970703125 7.288818359375 16.305419921875 9
70 0.6 36.6925048828125 24.139375662444664 106.719970703125 7.288818359375 21.361741286057693 13
80 0.3 19.998046875 15.384279599934555 106.719970703125 7.288818359375 26.20303505345395 19
90 0.4 20.123291015625 15.684492971406431 106.719970703125 6.8251953125 25.35690030184659 22
100 0.1 668.04296875 0.0 668.04296875 6.8251953125 24.551729642427883 26
110 0.2 287.0511474609375 23.7249755859375 668.04296875 6.8251953125 48.384738498263886 27
120 0.5 324.472119140625 81.86882394594669 668.04296875 6.8251953125 64.84449084051724 29
130 0.5 2219.864892578125 623.2231340692176 2872.22802734375 6.8251953125 103.0250244140625 34
140 1 1638.0900634765626 1346.2290707811146 3039.487060546875 0.732177734375 374.4147511017628 39
150 1.6 1609.6222076416016 1097.6707297169683 3039.487060546875 0.70703125 632.3076719945791 49
160 1.9 967.4146021792764 1019.3940741178795 3039.487060546875 0.70703125 872.8774038461538 65
170 3.8 708.8573897512335 972.6062931706281 3039.487060546875 0.70703125 894.2608177548364 84
180 3.6 571.6169094509548 759.5845133254019 3039.487060546875 0.682861328125 836.5122090324027 122
190 4.9 686.1693140146683 761.7907951584233 3039.487060546875 0.682861328125 776.1563179885285 158
200 4.1 290.784941882622 628.8114100886963 3039.487060546875 0.68017578125 754.8550465164553 207
210 4.4 483.7191439541903 709.5310748262085 3039.487060546875 0.68017578125 678.1337792181199 248
220 2.6 553.4104285606971 730.1324259735187 3039.487060546875 0.68017578125 648.8384232194456 292
230 3.1 675.2030777469759 694.391943342232 3039.487060546875 0.68017578125 641.0361343479756 318
240 2.2 422.1866455078125 556.2280858116778 3039.487060546875 0.68017578125 644.0710204378581 349
250 0.9 920.0911729600695 501.27442418184324 3039.487060546875 0.68017578125 630.9134564258338 371
260 0.4 832.9375 505.7749026996809 3039.487060546875 0.68017578125 637.76240234375 380
270 0.3 714.556396484375 200.275745781764 3039.487060546875 0.68017578125 639.7954762776692 384
280 0.1 7.010009765625 0.0 3039.487060546875 0.68017578125 640.3750182947755 387
290 0.1 3.5322265625 0.0 3039.487060546875 0.68017578125 638.7426342521746 388
300 0 0 0 3039.487060546875 0.68017578125 637.1097026128696 389
310 0 0 0 3039.487060546875 0.68017578125 637.1097026128696 389
320 0 0 0 3039.487060546875 0.68017578125 637.1097026128696 389
330 0 0 0 3039.487060546875 0.68017578125 637.1097026128696 389
340 0 0 0 3039.487060546875 0.68017578125 637.1097026128696 389
347 0 0 0 3039.487060546875 0.68017578125 637.1097026128696 389
