0 1.3 13
10 3 43
20 5.5 98
30 8.6 184
40 9.4 278
50 16.9 447
60 19.8 645
70 16.6 811
80 20.3 1014
90 23.3 1247
100 30.2 1549
110 33.4 1883
120 41.2 2295
130 59.5 2890
140 63.1 3521
150 93.4 4455
160 99.2 5447
170 115 6597
180 131.9 7916
190 121.5 9131
200 122.8 10359
210 117 11529
220 118.5 12714
230 104 13754
240 99.3 14747
250 93.8 15685
260 99.3 16678
270 109.3 17771
280 105.8 18829
290 74.1 19570
300 30.9 19879
310 18.2 20061
320 5.2 20113
330 2.3 20136
340 1.5 20151
350 2.7 20178
360 1.1 20189
370 0 20189
380 0.2 20191
386 0.2 20193
