0 0.1 3169.4609375 0 3169.4609375 3169.4609375 0 0
10 0.1 3168.83203125 0.0 3169.4609375 3168.83203125 3169.4609375 1
20 0.1 3167.265625 0.0 3169.4609375 3167.265625 3169.146484375 2
30 0.1 3165.56640625 0.0 3169.4609375 3165.56640625 3168.51953125 3
40 0.1 3163.3828125 0.0 3169.4609375 3163.3828125 3167.78125 4
50 0.1 3161.94140625 0.0 3169.4609375 3161.94140625 3166.9015625 5
60 0.1 3158.10546875 0.0 3169.4609375 3158.10546875 3166.0748697916665 6
70 0.1 3157.40234375 0.0 3169.4609375 3157.40234375 3164.9363839285716 7
80 0.1 3157.1796875 0.0 3169.4609375 3157.1796875 3163.99462890625 8
90 0.1 3157.7734375 0.0 3169.4609375 3157.1796875 3163.2374131944443 9
100 0.1 3157.15625 0.0 3169.4609375 3157.15625 3162.691015625 10
110 0.1 3154.359375 0.0 3169.4609375 3154.359375 3162.1878551136365 11
120 0.1 3150.09765625 0.0 3169.4609375 3150.09765625 3161.5354817708335 12
130 0.1 3146.703125 0.0 3169.4609375 3146.703125 3160.6556490384614 13
140 0.1 3141.18359375 0.0 3169.4609375 3141.18359375 3159.6590401785716 14
150 0.1 3134.26953125 0.0 3169.4609375 3134.26953125 3158.42734375 15
160 0.1 3126.0 0.0 3169.4609375 3126.0 3156.91748046875 16
170 0.1 3109.51953125 0.0 3169.4609375 3109.51953125 3155.098805147059 17
180 0.1 3096.55859375 0.0 3169.4609375 3096.55859375 3152.5666232638887 18
190 0.1 3070.19921875 0.0 3169.4609375 3070.19921875 3149.618832236842 19
200 0.1 3042.546875 0.0 3169.4609375 3042.546875 3145.6478515625 20
210 0.1 3023.3984375 0.0 3169.4609375 3023.3984375 3140.73828125 21
220 0.1 2999.1328125 0.0 3169.4609375 2999.1328125 3135.4046519886365 22
230 0.1 2974.1484375 0.0 3169.4609375 2974.1484375 3129.479789402174 23
240 0.1 2957.51953125 0.0 3169.4609375 2957.51953125 3123.0076497395835 24
250 0.1 2952.2734375 0.0 3169.4609375 2952.2734375 3116.388125 25
260 0.1 2950.36328125 0.0 3169.4609375 2950.36328125 3110.0760216346152 26
270 0.1 2949.49609375 0.0 3169.4609375 2949.49609375 3104.160734953704 27
280 0.1 2949.0390625 0.0 3169.4609375 2949.0390625 3098.6369977678573 28
290 0.1 2958.1875 0.0 3169.4609375 2949.0390625 3093.478448275862 29
300 0.1 2959.64453125 0.0 3169.4609375 2949.0390625 3088.96875 30
310 0.1 2974.14453125 0.0 3169.4609375 2949.0390625 3084.7970010080644 31
320 0.1 2999.85546875 0.0 3169.4609375 2949.0390625 3081.339111328125 32
330 0.1 3027.6796875 0.0 3169.4609375 2949.0390625 3078.869910037879 33
340 0.1 3027.87890625 0.0 3169.4609375 2949.0390625 3077.364315257353 34
350 0.1 3038.33984375 0.0 3169.4609375 2949.0390625 3075.9504464285715 35
360 0.1 3038.546875 0.0 3169.4609375 2949.0390625 3074.905707465278 36
370 0.1 3038.66796875 0.0 3169.4609375 2949.0390625 3073.9230363175675 37
380 0.1 3048.71484375 0.0 3169.4609375 2949.0390625 3072.9952713815787 38
386 0.1 3051.55078125 0.0 3169.4609375 2949.0390625 3072.372696314102 39
