0 0.1 0.48046875 0 0.48046875 0.48046875 0 0
10 0.1 0.3984375 0.0 0.48046875 0.3984375 0.48046875 1
20 0.1 0.33984375 0.0 0.48046875 0.33984375 0.439453125 2
30 0.1 0.2890625 0.0 0.48046875 0.2890625 0.40625 3
40 0.1 0.23828125 0.0 0.48046875 0.23828125 0.376953125 4
50 0.1 0.2109375 0.0 0.48046875 0.2109375 0.34921875 5
60 0.1 0.171875 0.0 0.48046875 0.171875 0.326171875 6
70 0.1 0.1484375 0.0 0.48046875 0.1484375 0.3041294642857143 7
80 0.1 0.12890625 0.0 0.48046875 0.12890625 0.28466796875 8
90 0.1 0.109375 0.0 0.48046875 0.109375 0.2673611111111111 9
100 0.1 0.08984375 0.0 0.48046875 0.08984375 0.2515625 10
110 0.1 0.1484375 0.0 0.48046875 0.08984375 0.23686079545454544 11
120 0.1 0.12890625 0.0 0.48046875 0.08984375 0.2294921875 12
130 0.1 0.109375 0.0 0.48046875 0.08984375 0.22175480769230768 13
140 0.1 0.08984375 0.0 0.48046875 0.08984375 0.21372767857142858 14
150 0.1 0.078125 0.0 0.48046875 0.078125 0.20546875 15
160 0.1 0.05859375 0.0 0.48046875 0.05859375 0.197509765625 16
170 0.1 0.12890625 0.0 0.48046875 0.05859375 0.18933823529411764 17
180 0.1 0.109375 0.0 0.48046875 0.05859375 0.1859809027777778 18
190 0.1 0.171875 0.0 0.48046875 0.05859375 0.18194901315789475 19
200 0.1 0.1484375 0.0 0.48046875 0.05859375 0.1814453125 20
210 0.1 0.12109375 0.0 0.48046875 0.05859375 0.17987351190476192 21
220 0.1 0.25 0.0 0.48046875 0.05859375 0.17720170454545456 22
230 0.1 0.2890625 0.0 0.48046875 0.05859375 0.18036684782608695 23
240 0.1 0.23828125 0.0 0.48046875 0.05859375 0.18489583333333334 24
250 0.1 0.19921875 0.0 0.48046875 0.05859375 0.18703125 25
260 0.1 0.171875 0.0 0.48046875 0.05859375 0.1875 26
270 0.1 0.1484375 0.0 0.48046875 0.05859375 0.1869212962962963 27
280 0.1 0.12109375 0.0 0.48046875 0.05859375 0.185546875 28
290 0.1 0.1796875 0.0 0.48046875 0.05859375 0.18332435344827586 29
300 0.1 0.1484375 0.0 0.48046875 0.05859375 0.183203125 30
310 0.1 0.12890625 0.0 0.48046875 0.05859375 0.18208165322580644 31
320 0.1 0.109375 0.0 0.48046875 0.05859375 0.180419921875 32
330 0.1 0.08984375 0.0 0.48046875 0.05859375 0.17826704545454544 33
340 0.1 0.078125 0.0 0.48046875 0.05859375 0.17566636029411764 34
350 0.1 0.0703125 0.0 0.48046875 0.05859375 0.1728794642857143 35
360 0.1 0.05859375 0.0 0.48046875 0.05859375 0.17003038194444445 36
370 0.1 0.109375 0.0 0.48046875 0.05859375 0.16701858108108109 37
380 0.1 0.08984375 0.0 0.48046875 0.05859375 0.16550164473684212 38
386 0.1 0.078125 0.0 0.48046875 0.05859375 0.16356169871794873 39
