0 1.3 69.83653846153847 146.14781140529158 562.22705078125 10.35791015625 0 0
10 3 105.0851806640625 206.08022341210568 580.114990234375 8.72900390625 69.83653846153847 13
20 6.6 62.86441317471591 136.98513831301062 584.18701171875 8.22119140625 94.4286144167878 43
30 9.7 102.96623308634021 185.42608809791028 616.869873046875 8.22119140625 75.31634577479932 109
40 9.4 83.23295171210107 172.40683257000313 616.869873046875 7.524169921875 88.33595290693265 206
50 19.2 44.9526901245117 110.3528930492205 616.869873046875 7.524169921875 86.73701253255209 300
60 22.8 56.91906524122807 135.6492160741942 650.97900390625 7.524169921875 70.43093549526805 492
70 18 51.84103597005208 122.13206013226238 650.97900390625 7.318115234375 66.15217658148872 720
80 22.2 68.59923766539978 144.79543944912834 680.5078125 7.318115234375 63.28994845920139 900
90 26.5 72.94928600383254 151.99992819870891 680.5078125 7.318115234375 64.34044953208556 1122
100 33.1 62.521515353568724 138.2971180656451 680.5078125 7.318115234375 65.98525246288077 1387
110 35.2 61.06766926158562 129.56084269933572 699.363037109375 7.318115234375 65.31790846801331 1718
120 46.1 60.441706527081074 137.92645130657618 745.43505859375 7.318115234375 64.59516247735507 2070
130 66.5 92.40561046170114 173.8478221123772 1060.852783203125 7.31689453125 63.838646004389325 2531
140 67.2 82.92569187709258 153.2765208606903 1060.852783203125 7.056884765625 69.78264830855464 3196
150 106.8 106.81101984031191 185.9512960229838 1060.852783203125 6.995849609375 72.06603126565327 3868
160 108.6 202.8490671400207 284.57272190141674 1688.822998046875 6.92919921875 79.5837881128444 4936
170 122.5 446.7350747369262 419.7174089970356 2191.2509765625 6.92919921875 101.81329542329168 6022
180 137 906.4047015781815 589.2368471498008 4210.380126953125 6.92919921875 160.11730807117388 7247
190 148.1 2176.6918328779134 1302.8128308588343 6526.579833984375 1.34814453125 278.7680831790537 8617
200 229.2 1839.4812021305456 1716.320055581021 7281.14794921875 1.248046875 557.1227151164682 10098
210 338.2 1278.8732290059281 1549.8979417323485 7281.14794921875 1.243896484375 794.3435102929222 12390
220 491.2 894.444328680879 1273.1517621154453 7281.14794921875 1.237060546875 898.2415263141869 15772
230 549.2 738.4987183506272 1103.1261345666353 7281.14794921875 1.237060546875 897.3397744879054 20684
240 523.4 838.5231560432695 1094.6595855967123 7281.14794921875 1.237060546875 864.0132509432106 26176
250 475.6 899.9235607304429 917.3522955035594 7281.14794921875 1.237060546875 859.7657133212338 31410
260 421.4 997.0512935745242 830.3264299186212 7281.14794921875 1.220947265625 865.0466601297886 36166
270 312.3 1213.9800402726491 583.6554421156363 7281.14794921875 1.220947265625 878.8224779934865 40380
280 288.9 901.3215793439279 388.3620774397205 7281.14794921875 1.220947265625 902.8828201997211 43503
290 222.3 350.7049263470675 320.0185154593367 7281.14794921875 1.220947265625 902.7855960051966 46392
300 79 30.851763066159023 82.94393377062987 7281.14794921875 1.220947265625 877.5408088273704 48615
310 40.8 21.991015265969686 52.851922384634385 7281.14794921875 1.220947265625 864.0020102006856 49405
320 15.6 13.880876590044071 20.66643949973834 7281.14794921875 1.220947265625 857.1054071867462 49813
330 10.3 21.115516440382272 60.67231819863621 7281.14794921875 1.220947265625 854.4729145058224 49969
340 7.4 12.70581714527027 6.028885002674072 7281.14794921875 1.220947265625 852.7586667825291 50072
350 4.2 51.59576706659226 123.06028320770011 7281.14794921875 1.220947265625 851.5190083676374 50146
360 2 19.69840087890625 6.283130464510191 7281.14794921875 1.220947265625 850.8495898585387 50188
370 0.3 10.979410807291666 3.3620955242465924 7281.14794921875 1.220947265625 850.5185066889325 50208
380 0.1 28.998779296875 0.0 7281.14794921875 1.220947265625 850.4683460211974 50211
386 0.2 329.2125244140625 265.2684326171875 7281.14794921875 1.220947265625 850.4519859963682 50212
