0 1.3 69.83653846153847 146.14781140529158 562.22705078125 10.35791015625 0 0
10 3 105.0851806640625 206.08022341210568 580.114990234375 8.72900390625 69.83653846153847 13
20 8 51.84334411621093 125.68685378514196 584.18701171875 6.4169921875 94.4286144167878 43
30 11.4 87.5965147854989 173.77572023728908 616.869873046875 6.4169921875 66.7308776359248 123
40 10.1 77.46058941831684 167.17411470740606 616.869873046875 6.4169921875 76.76751322685918 237
50 23 37.50497516134511 101.26888862643783 616.869873046875 6.4169921875 76.97461587578587 338
60 27.5 47.17027787642044 124.76499306241467 650.97900390625 6.4169921875 60.99219093860035 568
70 21.2 43.99977083026237 113.10501586901175 650.97900390625 6.4169921875 56.48326318996516 843
80 26.7 57.01955502399342 133.38564799851966 680.5078125 6.4169921875 53.97473202384479 1055
90 31.4 61.546764592456114 141.6036623995929 680.5078125 5.906005859375 54.5896849293211 1322
100 37.6 55.02652237263132 130.03402898609534 680.5078125 5.906005859375 55.92496794535069 1636
110 39.9 53.86453254718828 121.72122286566506 699.363037109375 5.906005859375 55.75706757987231 2012
120 54.2 51.39200786294971 127.80285501881968 745.43505859375 5.906005859375 55.44386912361311 2411
130 79.2 78.02530924479161 158.04928718428897 1010.23681640625 5.906005859375 54.70018175372502 2953
140 78.2 70.78661203994162 141.83914863966112 1010.23681640625 5.906005859375 59.63302580524031 3745
150 127.6 89.3798675058778 169.88360488855486 1010.23681640625 5.906005859375 61.55971112345024 4527
160 128.2 173.72250789933935 248.34424943945956 1512.281982421875 5.906005859375 67.67698142225734 5803
170 140 393.53473127092633 358.08457524742147 1903.8779296875 5.906005859375 86.86545918423604 7085
180 153.9 823.279948709846 477.41673797328616 2712.830078125 5.906005859375 137.46498551556977 8485
190 167.1 1989.8670215252846 1032.0541909336084 4230.621826171875 1.34814453125 242.75920223105172 10024
200 260.7 1617.463829634608 1393.425616196918 4230.621826171875 1.246826171875 492.38871621486214 11695
210 389.1 1106.3585999742972 1285.6257107314932 4230.621826171875 1.18310546875 697.4698811348227 14302
220 576 754.9350008646644 1074.8434634364678 4230.621826171875 1.18310546875 784.9203293843909 18193
230 652.5 622.7721241169785 943.7940898231888 4230.621826171875 1.18310546875 777.7097297821019 23953
240 628.4 699.8262926243735 905.469816462901 4230.621826171875 1.18310546875 744.5393158125196 30478
250 584.5 730.9636889168096 733.5093663383929 4230.621826171875 1.18310546875 736.8961887325373 36762
260 522.8 806.3837608098082 623.4958466611427 4230.621826171875 1.18310546875 736.0823444951367 42607
270 387.4 968.857079233653 328.31665086418906 4230.621826171875 1.18310546875 743.7657521358414 47835
280 374.4 686.990137736003 188.265882364744 4230.621826171875 1.18310546875 760.6294277276517 51709
290 298.7 253.17447178332716 213.70315652119706 4230.621826171875 1.18310546875 755.6575506113778 55453
300 103.5 23.522249584842996 72.90381893401525 4230.621826171875 1.18310546875 729.9745089197387 58440
310 54.7 16.349219285591854 45.73540570058324 4230.621826171875 1.18310546875 717.6806360586775 59475
320 21.4 10.092010212835865 16.968143146420058 4230.621826171875 1.18310546875 711.2891748448745 60022
330 15 14.464516601562494 50.475394604459936 4230.621826171875 1.18310546875 708.7980367674581 60236
340 11 8.512007279829547 4.107437744582491 4230.621826171875 1.18310546875 707.0732987814202 60386
350 6.1 35.48631211577869 104.46359511824164 4230.621826171875 1.18310546875 705.8031033624641 60496
360 2.9 13.544054754849139 4.212187029830593 4230.621826171875 1.18310546875 705.127882921127 60557
370 0.4 8.21881103515625 1.475431517493101 4230.621826171875 1.18310546875 704.7968504876139 60586
380 0.2 14.4678955078125 6.0609130859375 4230.621826171875 1.18310546875 704.7508641506308 60590
386 0.2 329.2125244140625 265.2684326171875 4230.621826171875 1.18310546875 704.7280795266328 60592
