10 0.1 194 0 194 194 0 0
20 0.1 186.0 0.0 194 186 194.0 1
30 0.1 309.0 0.0 309 186 190.0 2
40 0.1 503.0 0.0 503 186 229.66666666666666 3
50 0.1 522.0 0.0 522 186 298.0 4
60 0.1 983.0 0.0 983 186 342.8 5
70 0.1 1003.0 0.0 1003 186 449.5 6
80 0.1 785.0 0.0 1003 186 528.5714285714286 7
90 0.1 1108.0 0.0 1108 186 560.625 8
100 0.1 1373.0 0.0 1373 186 621.4444444444445 9
110 0.1 1489.0 0.0 1489 186 696.6 10
120 0.1 1634.0 0.0 1634 186 768.6363636363636 11
130 0.1 2329.0 0.0 2329 186 840.75 12
140 0.1 3146.0 0.0 3146 186 955.2307692307693 13
150 0.1 3640.0 0.0 3640 186 1111.7142857142858 14
160 0.1 5168.0 0.0 5168 186 1280.2666666666667 15
170 0.1 4925.0 0.0 5168 186 1523.25 16
180 0.1 6407.0 0.0 6407 186 1723.3529411764705 17
190 0.1 6786.0 0.0 6786 186 1983.5555555555557 18
200 0.1 8601.0 0.0 8601 186 2236.315789473684 19
210 0.1 9564.0 0.0 9564 186 2554.55 20
220 0.1 14496.0 0.0 14496 186 2888.3333333333335 21
230 0.1 17605.0 0.0 17605 186 3415.9545454545455 22
240 0.1 17176.0 0.0 17605 186 4032.8695652173915 23
250 0.1 14660.0 0.0 17605 186 4580.5 24
260 0.1 14036.0 0.0 17605 186 4983.68 25
270 0.1 12883.0 0.0 17605 186 5331.846153846154 26
280 0.1 10750.0 0.0 17605 186 5611.518518518518 27
290 0.1 9965.0 0.0 17605 186 5795.035714285715 28
300 0.1 4784.0 0.0 17605 186 5938.827586206897 29
310 0.1 2167.0 0.0 17605 186 5900.333333333333 30
320 0.1 973.0 0.0 17605 186 5779.903225806452 31
330 0.1 606.0 0.0 17605 186 5629.6875 32
340 0.1 74.0 0.0 17605 74 5477.454545454545 33
350 0.1 479.0 0.0 17605 74 5318.529411764706 34
360 0.1 106.0 0.0 17605 74 5180.257142857143 35
370 0.1 11.0 0.0 17605 11 5039.305555555556 36
380 0.1 247.0 0.0 17605 11 4903.405405405405 37
386 0.1 216.0 0.0 17605 11 4780.868421052631 38
