0 4.65859375 4.65859375
10 13.27890625 17.9375
20 56.1296875 74.0671875
30 74.36171875 148.42890625
40 65.51875 213.94765625
50 170.8296875 384.77734375
60 206.66328125 591.440625
70 154.946875 746.3875
80 194.26328125 940.65078125
90 215.84921875 1156.5
100 260.8015625 1417.3015625
110 279.3390625 1696.640625
120 378.4625 2075.103125
130 558.4828125 2633.5859375
140 553.6421875 3187.228125
150 904.715625 4091.94375
160 913.54296875 5005.48671875
170 985.33671875 5990.8234375
180 1110.625 7101.4484375
190 1121.37109375 8222.81953125
200 1665.55625 9888.37578125
210 2351.63359375 12240.009375
220 3528.43046875 15768.43984375
230 3978.39453125 19746.834375
240 4102.578125 23849.4125
250 4059.884375 27909.296875
260 3787.93671875 31697.23359375
270 2762.97109375 34460.2046875
280 2786.496875 37246.7015625
290 2237.23984375 39483.94140625
300 807.046875 40290.98828125
310 442.63359375 40733.621875
320 167.46953125 40901.09140625
330 122.31484375 41023.40625
340 89.88984375 41113.29609375
350 51.509375 41164.80546875
360 24.0890625 41188.89453125
370 3.05625 41191.95078125
380 1.51484375 41193.465625
386 1.53671875 41195.00234375
