0 0.1 562.34912109375 0 562.34912109375 562.34912109375 0 0
10 0.5 565.823291015625 8.789259510324522 580.22412109375 556.843017578125 562.34912109375 1
20 0.4 570.987548828125 8.44272661628759 584.30810546875 556.843017578125 565.2442626953125 6
30 1.2 579.4308471679686 17.11669220959373 616.93505859375 556.843017578125 567.5415771484375 10
40 0.9 566.0363498263889 5.091109532693616 616.93505859375 556.843017578125 574.0266335227271 22
50 0.8 452.5191345214844 224.45687780628563 616.93505859375 59.824951171875 571.7068737399193 31
60 0.6 485.5796712239583 187.75899992113344 616.93505859375 59.824951171875 547.2581067207531 39
70 0.9 466.9932454427083 214.7821909206753 632.26416015625 59.824951171875 539.0343153211804 45
80 1.1 399.4719904119318 250.47929820219767 637.06689453125 59.824951171875 527.0274703414351 54
90 1.7 441.3026338465074 238.1239869367265 637.06689453125 59.824951171875 505.4411583533654 65
100 2.3 475.2471764605978 202.92857854747191 639.0400390625 56.91796875 492.1441471751143 82
110 1.6 496.25836181640636 199.8413544576046 699.43310546875 56.91796875 488.44290597098217 105
120 2.1 519.5030808221725 224.19173847088456 745.504150390625 56.43115234375 489.4763546778151 121
130 4.3 495.8500352016715 235.16675699699113 845.541015625 56.43115234375 493.91692685409333 142
140 3.7 420.65832189611484 261.6944529290757 878.64208984375 56.43115234375 494.36624392947635 185
150 6.2 491.83108618951616 268.42107687816 885.0859375 56.43115234375 482.08159025724945 222
160 7 633.4256905691966 309.81066174977514 1213.451171875 55.157958984375 484.2100013410541 284
170 8.6 930.1144309820131 428.2177441056585 1903.93310546875 55.157958984375 513.7159285895568 354
180 9.5 1366.9207468133227 464.67459523533927 2637.93115234375 55.157958984375 595.1029086026278 440
190 12 2349.9183146158853 1219.0153297182271 4230.72314453125 1.72412109375 732.1546742662091 535
200 19.9 1993.3933939718115 1611.087183462514 4230.72314453125 1.367919921875 1028.5388526508827 655
210 24.1 1517.23521581626 1573.8105176700983 4230.72314453125 1.35302734375 1253.3702972912397 854
220 33.9 1010.8113613972627 1382.3776500110198 4230.72314453125 1.2890625 1311.4446766195776 1095
230 28.5 1004.8964526795512 1325.631822135777 4230.72314453125 1.2890625 1240.3744577490304 1434
240 15.7 1246.3286055060712 1332.240967667325 4230.72314453125 1.2890625 1201.3336017601987 1719
250 0.3 1582.676025390625 1129.4197382595205 4230.72314453125 1.2890625 1205.0991751014044 1876
260 0 0 0 4230.72314453125 1.2890625 1205.702012009796 1879
270 0 0 0 4230.72314453125 1.2890625 1205.702012009796 1879
280 0 0 0 4230.72314453125 1.2890625 1205.702012009796 1879
290 0 0 0 4230.72314453125 1.2890625 1205.702012009796 1879
300 0 0 0 4230.72314453125 1.2890625 1205.702012009796 1879
310 0 0 0 4230.72314453125 1.2890625 1205.702012009796 1879
320 0 0 0 4230.72314453125 1.2890625 1205.702012009796 1879
330 0 0 0 4230.72314453125 1.2890625 1205.702012009796 1879
340 0 0 0 4230.72314453125 1.2890625 1205.702012009796 1879
350 0 0 0 4230.72314453125 1.2890625 1205.702012009796 1879
360 0 0 0 4230.72314453125 1.2890625 1205.702012009796 1879
370 0 0 0 4230.72314453125 1.2890625 1205.702012009796 1879
380 0 0 0 4230.72314453125 1.2890625 1205.702012009796 1879
386 0 0 0 4230.72314453125 1.2890625 1205.702012009796 1879
