40 0.2 33.236083984375 6.15087890625 39.386962890625 27.085205078125 0 0
50 0.4 21.3980712890625 2.67948810792022 39.386962890625 17.60302734375 33.236083984375 2
60 0.5 19.95673828125 0.4462146762149272 39.386962890625 17.60302734375 25.344075520833332 6
70 0.4 24.0272216796875 4.69491585787378 39.386962890625 17.60302734375 22.895285866477273 11
80 0.9 25.727376302083332 7.515201932966613 43.157958984375 16.964111328125 23.197135416666665 15
90 0.5 31.244921875 17.598597967728157 64.16015625 16.30517578125 24.145975748697918 24
100 0.2 32.7420654296875 15.5360107421875 64.16015625 16.30517578125 25.36993197737069 29
110 0.5 43.54423828125 46.69822688024433 136.93408203125 16.30517578125 25.845553490423388 31
120 0.9 44.478597005208336 29.800327020827133 136.93408203125 16.30517578125 28.30370415581597 36
130 1.2 52.678873697916664 25.963969358175742 136.93408203125 16.30517578125 31.538682725694443 45
140 2.2 36.25017755681819 23.04333920565221 136.93408203125 15.31591796875 35.98924924616228 57
150 1.9 71.99665912828948 54.22186348011341 239.152099609375 15.31591796875 36.06191282634494 79
160 1.9 126.99466745476974 112.70200705643784 362.211181640625 15.31591796875 43.02885343590561 98
170 2.7 288.7923900462963 239.94097223105913 860.455078125 15.31591796875 56.664327507345085 117
180 2.7 897.4880913628472 397.9708933243216 1532.132080078125 15.31591796875 100.18833923339844 144
190 3.4 2031.5326861213239 1080.7581754423275 3297.989990234375 1.701171875 226.0777737801535 171
200 4.1 1747.5024652248476 1337.3669745245293 3297.989990234375 1.472900390625 525.5190763147866 205
210 6.3 702.4515400235615 1081.6510928028283 3297.989990234375 1.4111328125 729.1829744664634 246
220 9.9 658.9764317984532 1021.6828957012639 3297.989990234375 1.4111328125 723.7328761819882 309
230 12.1 641.1048029119315 925.45563793458 3297.989990234375 1.4111328125 708.0199154124539 408
240 13.8 627.4910357931384 854.7712809786675 3297.989990234375 1.4111328125 692.714190246928 529
250 16.6 735.6509127329633 712.9021921053518 3297.989990234375 1.4111328125 679.2197444978681 667
260 13.9 921.1483777821494 548.4475429097641 3297.989990234375 1.4111328125 690.4653314450779 833
270 7.3 994.1820319188785 304.64181081221443 3297.989990234375 1.4111328125 723.453956384227 972
280 4.6 740.809421705163 182.52478487731355 3297.989990234375 1.4111328125 742.3660611823414 1045
290 2.5 343.81484375 243.67981545965978 3297.989990234375 1.4111328125 742.3004283537895 1091
300 1 26.1789306640625 15.808674880192624 3297.989990234375 1.4111328125 733.373779953167 1116
310 0.3 11.178629557291666 4.450355258850496 3297.989990234375 1.4111328125 727.0931862649866 1126
320 0.3 13.049641927083334 5.481833128224063 3297.989990234375 1.4111328125 725.1908446616889 1129
330 0 0 0 3297.989990234375 1.4111328125 723.3035446544417 1132
340 0 0 0 3297.989990234375 1.4111328125 723.3035446544417 1132
350 0.1 27.427978515625 0.0 3297.989990234375 1.4111328125 723.3035446544417 1132
360 0 0 0 3297.989990234375 1.4111328125 722.6893561582909 1133
370 0.1 8.693115234375 0.0 3297.989990234375 1.4111328125 722.6893561582909 1133
380 0.1 20.619140625 0.0 3297.989990234375 1.4111328125 722.0597298435432 1134
386 0 0 0 3297.989990234375 1.4111328125 721.4417205138352 1135
