0 0.3 27.072998046875 23.012508819318686 59.614990234375 10.445068359375 0 0
10 0.6 12.013712565104166 3.3713108386740345 59.614990234375 10.097900390625 27.072998046875 3
20 0.2 14.5335693359375 3.8634033203125 59.614990234375 10.097900390625 17.03347439236111 9
30 1.4 14.418212890625 5.4915849587317185 59.614990234375 10.097900390625 16.57894620028409 11
40 0.8 15.64178466796875 8.296810586099172 59.614990234375 9.987060546875 15.368935546875 25
50 0.8 12.79376220703125 3.214592912860651 59.614990234375 9.636962890625 15.435080788352273 33
60 0.7 14.938581194196429 7.082161666727519 59.614990234375 9.446044921875 14.919701552972562 41
70 0.8 13.82366943359375 6.349339834985254 59.614990234375 9.446044921875 14.922454833984375 48
80 1.4 14.898420061383929 5.774439995831736 59.614990234375 9.446044921875 14.765485491071429 56
90 1.9 14.291670949835526 7.229220857453951 59.614990234375 8.35302734375 14.79207240513393 70
100 2.1 17.200160435267858 12.295778055217838 63.985107421875 8.35302734375 14.685245128160112 89
110 1.5 19.972802734375 23.340838176710406 103.219970703125 8.35302734375 15.16536532315341 110
120 3 19.203466796875 22.47507715371099 132.112060546875 8.35302734375 15.7422578125 125
130 4.2 21.63738723028274 13.228674888845289 132.112060546875 8.35302734375 16.412169228830646 155
140 3.6 23.794047037760418 30.640269608029005 188.703125 8.0380859375 17.526175097160532 197
150 7.5 42.183893229166664 37.710396121961146 188.703125 8.0380859375 18.49460166309013 233
160 6.5 95.42059044471152 131.01179887048562 526.18701171875 8.0380859375 24.263097985998378 308
170 8.8 306.8157792524858 278.3051356627981 1025.260986328125 8.0380859375 36.66319720802614 373
180 12 779.1377217610676 451.6695358339774 2010.47802734375 8.0380859375 88.2324536503525 461
190 15.2 2074.195627312912 861.0933888498932 3388.348876953125 3.156982421875 230.93233690902 581
200 18.5 1906.5693319784627 1229.990540965662 3388.348876953125 2.287109375 613.1642879886812 733
210 27.5 1142.3657457386369 1221.0075626079722 3388.348876953125 2.222900390625 873.8178099256198 918
220 32.2 957.3367237541249 1086.716729672808 3388.348876953125 2.222900390625 935.7211480216632 1193
230 29.7 703.4127045191499 948.4132324265867 3388.348876953125 2.222900390625 940.3153495964834 1515
240 6.7 1464.1874999999995 1001.4798744470248 3388.348876953125 2.222900390625 901.4852802874502 1812
250 0 0 0 3388.348876953125 2.222900390625 921.5497021718254 1879
260 0 0 0 3388.348876953125 2.222900390625 921.5497021718254 1879
270 0 0 0 3388.348876953125 2.222900390625 921.5497021718254 1879
280 0 0 0 3388.348876953125 2.222900390625 921.5497021718254 1879
290 0 0 0 3388.348876953125 2.222900390625 921.5497021718254 1879
300 0 0 0 3388.348876953125 2.222900390625 921.5497021718254 1879
310 0 0 0 3388.348876953125 2.222900390625 921.5497021718254 1879
320 0 0 0 3388.348876953125 2.222900390625 921.5497021718254 1879
330 0 0 0 3388.348876953125 2.222900390625 921.5497021718254 1879
340 0 0 0 3388.348876953125 2.222900390625 921.5497021718254 1879
350 0 0 0 3388.348876953125 2.222900390625 921.5497021718254 1879
360 0 0 0 3388.348876953125 2.222900390625 921.5497021718254 1879
370 0 0 0 3388.348876953125 2.222900390625 921.5497021718254 1879
380 0 0 0 3388.348876953125 2.222900390625 921.5497021718254 1879
386 0 0 0 3388.348876953125 2.222900390625 921.5497021718254 1879
