40 0.1 11.794921875 0 11.794921875 11.794921875 0 0
50 0.4 12.041748046875 2.2831677841179427 15.953125 10.18896484375 11.794921875 1
60 0.8 10.83367919921875 1.249632195660536 15.953125 9.598876953125 11.9923828125 5
70 0.4 15.86419677734375 7.29455752886365 28.491943359375 9.598876953125 11.279334435096153 13
80 0.8 16.159942626953125 6.638127733032734 28.491943359375 9.598876953125 12.358125574448529 17
90 0.6 23.67236328125 17.919240823912876 61.635986328125 9.598876953125 13.57470703125 25
100 1.3 13.621713491586538 3.9986823662931936 61.635986328125 9.598876953125 15.529092111895162 31
110 0.8 17.849639892578125 6.0142013790430235 61.635986328125 9.598876953125 14.965548428622158 44
120 1.4 20.529401506696427 20.33028629745842 87.797119140625 9.38720703125 15.409254807692308 52
130 1.7 33.205250459558826 42.66900308359607 185.16796875 8.912841796875 16.495346531723484 66
140 1.6 25.58160400390625 17.012097994675383 185.16796875 8.912841796875 19.917856974774097 83
150 2.2 30.771484375 21.481413604550607 185.16796875 8.89697265625 20.833210029987374 99
160 1.8 95.76398383246527 64.2715667843408 207.536865234375 8.89697265625 22.640169001807852 121
170 2.7 338.280933521412 277.353707132182 844.1650390625 8.89697265625 32.10943998707284 139
180 3.4 658.6334013097426 426.6413871364607 1826.486083984375 8.89697265625 81.90841785109187 166
190 3.6 2086.3245713975693 872.8051188622599 3310.0029296875 2.02099609375 179.9516650390625 200
200 5.2 1575.7860811673677 1361.9161339862558 3310.0029296875 1.470947265625 470.7543117717161 236
210 5.9 759.3880139367056 1117.9173839902 3310.0029296875 1.43603515625 670.2739368014866 288
220 7.6 640.2334851716694 972.1686224558399 3310.0029296875 1.43603515625 685.4258980434978 347
230 10.3 519.492135353459 859.4207838524253 3310.0029296875 1.423828125 677.3062210263372 423
240 12.7 552.5564522330217 808.5425619298532 3310.0029296875 1.423828125 646.4034628052221 526
250 21.1 734.3149414062501 712.7509485651091 3310.0029296875 1.423828125 628.1514408409504 653
260 26 847.4614473783054 599.7846648913404 3310.0029296875 1.324951171875 654.0779438725224 864
270 24.5 992.3557138871173 314.64182075062774 3310.0029296875 1.324951171875 698.8107827617605 1124
280 24.2 716.1313668243155 174.0225182238654 3310.0029296875 1.324951171875 751.3443898660062 1369
290 14.7 239.76123379039115 218.15939783291947 3310.0029296875 1.324951171875 746.0547861564537 1611
300 7.8 17.355800530849358 12.212329627067113 3310.0029296875 1.324951171875 703.7196597640697 1758
310 2.5 13.209453125 5.204309152530401 3310.0029296875 1.324951171875 674.5604108423969 1836
320 1.3 14.747295673076923 10.29670216228914 3310.0029296875 1.324951171875 665.676061598477 1861
330 0.2 10.28955078125 1.5615234375 3310.0029296875 1.324951171875 661.1605472137223 1874
340 0.1 10.424072265625 0.0 3310.0029296875 1.324951171875 660.4666548934318 1876
350 0.1 10.508056640625 0.0 3310.0029296875 1.324951171875 660.1203349239977 1877
360 0.1 18.06689453125 0.0 3310.0029296875 1.324951171875 659.7744284925369 1878
370 0 0 0 3310.0029296875 1.324951171875 659.4329130407215 1879
380 0 0 0 3310.0029296875 1.324951171875 659.4329130407215 1879
386 0 0 0 3310.0029296875 1.324951171875 659.4329130407215 1879
