0 0.1 13.448974609375 0 13.448974609375 13.448974609375 0 0
10 0.4 13.86126708984375 3.781599459676756 20.166015625 10.317138671875 13.448974609375 1
20 0.3 14.028727213541666 5.643638761449031 22.005126953125 9.798095703125 13.77880859375 5
30 0.9 19.585123697916668 14.856564040754996 54.955810546875 9.798095703125 13.872528076171875 8
40 1.1 10.690296519886363 1.0940168246683033 54.955810546875 8.216796875 16.896843405330884 17
50 0.7 13.876708984375 3.595298428767556 54.955810546875 8.216796875 14.45855712890625 28
60 0.6 17.149210611979168 4.7157114983238815 54.955810546875 8.216796875 14.3421875 35
70 0.8 14.35076904296875 5.016501027474208 54.955810546875 8.216796875 14.752971370045731 41
80 1.1 12.422230113636363 2.180939048419094 54.955810546875 8.216796875 14.687305683992347 49
90 0.9 18.60747612847222 9.22930368818158 54.955810546875 8.216796875 14.272041829427083 60
100 2.9 15.60400390625 8.298955784138677 54.955810546875 8.216796875 14.837533259737318 69
110 1.9 18.292788856907894 13.164510750418003 65.6240234375 8.216796875 15.064346002072703 98
120 1.7 17.399299172794116 10.154330123791393 65.6240234375 8.216796875 15.588623046875 117
130 3.4 30.97446576286765 45.33280257482356 248.108154296875 7.93310546875 15.818335689715486 134
140 3.7 26.884864600929053 21.449163680821574 248.108154296875 7.93310546875 18.885647728329612 168
150 5 45.589482421875 38.03594481382654 248.108154296875 7.93310546875 20.329408822408535 205
160 6.3 103.10467819940474 134.86957413456233 497.5390625 7.93310546875 25.28236443014706 255
170 6.9 288.8964737601902 275.25340489065525 1025.24609375 7.93310546875 40.69999262971698 318
180 8.8 771.846621426669 380.7691366601739 1907.755859375 7.93310546875 84.95207841266958 387
190 9.5 1860.5843030427632 1095.5490051057589 3332.3720703125 1.41796875 212.20833059210526 475
200 16.6 1409.1933814358995 1324.4811888161341 3332.3720703125 1.346923828125 486.9376593338816 570
210 21.4 990.4732415029937 1215.0904301370686 3332.3720703125 1.345947265625 694.9464227427607 736
220 27.5 796.7017578125 1062.596255548937 3332.3720703125 1.327880859375 761.5177271792763 950
230 31.6 706.3617916831487 959.9630065769392 3332.3720703125 1.327880859375 769.4161830357143 1225
240 24.8 774.9374360115299 898.6132687173658 3332.3720703125 1.327880859375 756.4861456136438 1541
250 7.6 894.560835988898 752.2858232107104 3332.3720703125 1.327880859375 759.0439544558325 1789
260 1.3 859.8749060997596 569.761073615109 3332.3720703125 1.325927734375 764.566358207314 1865
270 0.1 1075.218017578125 0.0 3332.3720703125 1.325927734375 765.2261085388378 1878
280 0 0 0 3332.3720703125 1.325927734375 765.3910856059157 1879
290 0 0 0 3332.3720703125 1.325927734375 765.3910856059157 1879
300 0 0 0 3332.3720703125 1.325927734375 765.3910856059157 1879
310 0 0 0 3332.3720703125 1.325927734375 765.3910856059157 1879
320 0 0 0 3332.3720703125 1.325927734375 765.3910856059157 1879
330 0 0 0 3332.3720703125 1.325927734375 765.3910856059157 1879
340 0 0 0 3332.3720703125 1.325927734375 765.3910856059157 1879
350 0 0 0 3332.3720703125 1.325927734375 765.3910856059157 1879
360 0 0 0 3332.3720703125 1.325927734375 765.3910856059157 1879
370 0 0 0 3332.3720703125 1.325927734375 765.3910856059157 1879
380 0 0 0 3332.3720703125 1.325927734375 765.3910856059157 1879
386 0 0 0 3332.3720703125 1.325927734375 765.3910856059157 1879
