20 0.1 23.73583984375 0 23.73583984375 23.73583984375 0 0
30 0.1 25.382080078125 0.0 25.382080078125 23.73583984375 23.73583984375 1
40 0 0 0 25.382080078125 23.73583984375 24.5589599609375 2
50 0.3 19.957438151041668 3.3604647640657657 25.382080078125 17.399169921875 24.5589599609375 2
60 0.4 29.48297119140625 9.446433656876017 43.512939453125 17.251953125 21.798046875 5
70 0.2 17.0206298828125 1.0245361328125 43.512939453125 15.99609375 25.21356879340278 9
80 0.3 34.993977864583336 13.559141827845943 52.322021484375 15.99609375 23.723943536931817 11
90 0.4 21.35626220703125 5.706751940940161 52.322021484375 14.876953125 26.138950892857142 14
100 0.3 27.335042317708332 6.395365480465053 52.322021484375 14.876953125 25.076131184895832 18
110 0.2 19.56103515625 4.199951171875 52.322021484375 14.876953125 25.39883277529762 21
120 0.6 24.4630126953125 16.399420757205636 61.10498046875 14.876953125 24.89119819972826 23
130 0.9 49.052029079861114 45.531722919996646 161.656982421875 14.876953125 24.80260809536638 29
140 0.6 59.824869791666664 33.376698586363325 161.656982421875 14.876953125 30.54589201274671 38
150 1.7 56.087790096507355 36.40394790823714 161.656982421875 14.876953125 34.53847989169034 44
160 1.7 136.7157485064338 126.1539689046594 498.595947265625 14.876953125 40.54402535860656 61
170 1 422.0461669921875 266.42638992841734 816.634033203125 14.876953125 61.50452912159455 78
180 1.5 794.0851888020833 294.0110024636473 1311.114990234375 14.876953125 102.47516978870739 88
190 2.2 2188.0193093039775 888.3622502302719 3404.344970703125 3.160888671875 203.195075470267 103
200 3 1955.3855550130208 1209.0312432656672 3404.344970703125 2.08984375 552.524140625 125
210 3.5 1247.6759486607143 1309.5852231068914 3404.344970703125 2.074951171875 824.0457047001008 155
220 5.8 497.8138343547951 921.0274493415524 3404.344970703125 1.724853515625 902.0828549033718 190
230 6.7 537.5179862406717 858.6895569540508 3404.344970703125 1.724853515625 807.5360678395917 248
240 8.1 676.1821922019676 822.1887051740952 3404.344970703125 1.724853515625 750.103650483631 315
250 10.1 697.7525018370975 701.873954563569 3404.344970703125 1.724853515625 734.9833521987453 396
260 9.4 850.4956210521941 587.2600622753165 3404.344970703125 1.69189453125 727.4173242580483 497
270 7 966.7765659877232 292.1674363087738 3404.344970703125 1.69189453125 746.9932293319057 591
280 5.8 664.5337503367457 159.43851846280572 3404.344970703125 1.69189453125 770.2683179338833 661
290 3.3 204.42467891808715 181.52325933808132 3404.344970703125 1.69189453125 761.7389647758389 719
300 2.6 14.145047701322115 13.304187443448374 3404.344970703125 1.69189453125 737.2823538272938 752
310 1.5 13.224918619791667 6.820955352064646 3404.344970703125 1.69189453125 713.1158114631869 778
320 0.6 10.46337890625 2.9028732070162797 3404.344970703125 1.69189453125 699.8770177776245 793
330 0.5 10.721435546875 4.084337911167463 3404.344970703125 1.69189453125 694.6999441440472 799
340 0.4 10.8502197265625 3.2830538673218395 3404.344970703125 1.69189453125 690.4463464537663 804
350 0.2 23.092529296875 4.29931640625 3404.344970703125 1.69189453125 687.0820091927405 808
360 0.1 24.592041015625 0.0 3404.344970703125 1.69189453125 685.4425289954668 810
370 0 0 0 3404.344970703125 1.69189453125 684.627670194012 811
380 0 0 0 3404.344970703125 1.69189453125 684.627670194012 811
386 0 0 0 3404.344970703125 1.69189453125 684.627670194012 811
