20 0.8 10.779052734375 4.042483574324308 16.0849609375 7.403076171875 0 0
30 0.8 14.006561279296875 4.116107586301898 23.614013671875 7.403076171875 10.779052734375 8
40 0 0 0 23.614013671875 7.403076171875 12.392807006835938 16
50 2.4 12.03021240234375 3.543787030914349 23.614013671875 7.403076171875 12.392807006835938 16
60 3.2 11.055671691894531 4.878990404536504 26.850830078125 7.403076171875 12.175250244140624 40
70 1.6 12.1490478515625 5.132889191099567 26.850830078125 7.403076171875 11.677659776475695 72
80 2.4 13.334869384765625 6.153499560022484 30.7880859375 7.403076171875 11.76336669921875 88
90 3.2 13.695449829101563 6.515775310871024 42.013916015625 7.10107421875 12.10011727469308 112
100 2.4 14.039255777994791 8.156760800219637 42.013916015625 7.10107421875 12.454635620117188 144
110 1.6 12.97491455078125 8.569588378274506 42.013916015625 6.9521484375 12.681009928385416 168
120 4.8 13.538172403971354 8.435985525736283 50.27294921875 6.9521484375 12.706566852072012 184
130 7.1 25.081436372139077 23.050287002341392 117.4140625 6.9521484375 12.878623173154633 232
140 4.9 25.022914341517858 15.944119824694873 117.4140625 6.9521484375 15.738028246183994 303
150 13.6 30.949001536649817 26.525992928068053 159.214111328125 6.9521484375 17.030526594682172 352
160 9.4 79.44164259890293 107.69849649454822 519.471923828125 6.9521484375 20.909445840804302 488
170 7.9 240.3644803204114 212.40087880972692 889.52001953125 6.9521484375 30.363099612730885 582
180 5.2 514.269301194411 410.6599962062904 1924.18310546875 6.9521484375 55.46160048399678 661
190 3.6 1633.358873155382 1013.7758767827291 3365.051025390625 1.64697265625 88.92303167185308 713
200 9 1368.5131646050347 1350.277118939107 3412.177001953125 1.302978515625 163.154927924733 749
210 21.9 896.129799202697 1199.2204400471592 3412.177001953125 1.302978515625 292.4543812039072 839
220 47.8 640.2253402646116 995.5228564591711 3412.177001953125 1.302978515625 417.41176923957346 1058
230 56 481.8020036969866 844.0557212238683 3412.177001953125 1.302978515625 486.75088834762573 1536
240 55.4 553.1825563726867 833.0374333674546 3412.177001953125 1.302978515625 485.4286672577603 2096
250 62.1 579.1769854411989 689.1599009454184 3412.177001953125 1.302978515625 499.5930652085788 2650
260 68.7 702.5275079319055 616.1719731447364 3412.177001953125 1.302978515625 514.7020882793391 3271
270 57.1 938.9125266801664 306.1986582635386 3412.177001953125 1.302978515625 547.3034180674425 3958
280 74.4 657.869143578314 172.39475477065483 3412.177001953125 1.302978515625 596.6760833396584 4529
290 74.3 242.9246039204449 188.06900107605264 3412.177001953125 1.302978515625 605.310188558236 5273
300 20.8 12.717427180363584 11.113470906762485 3412.177001953125 1.302978515625 560.554123168296 6016
310 12 11.196337890625 7.587957668301195 3412.177001953125 1.302978515625 542.2459559501903 6224
320 4.8 7.0998280843098955 2.5906777083183252 3412.177001953125 1.302978515625 532.2008812075754 6344
330 4 6.5885986328125 1.9127329897921306 3412.177001953125 1.302978515625 528.2576943255484 6392
340 3.2 8.074127197265625 3.438141456678649 3412.177001953125 1.302978515625 525.0134835314393 6432
350 1.6 10.670806884765625 2.5981476811872204 3412.177001953125 1.302978515625 522.4543778070127 6464
360 0.8 12.622100830078125 2.5086073624016745 3412.177001953125 1.302978515625 521.1907146689331 6480
370 0 0 0 3412.177001953125 1.302978515625 520.5636263658026 6488
380 0 0 0 3412.177001953125 1.302978515625 520.5636263658026 6488
386 0 0 0 3412.177001953125 1.302978515625 520.5636263658026 6488
