40 0.1 608.31494140625 0 608.31494140625 608.31494140625 0 0
50 0.2 353.0390625 244.60791015625 608.31494140625 108.43115234375 608.31494140625 1
60 0.7 605.52734375 19.06292525493832 651.0390625 108.43115234375 438.1310221354167 3
70 0.1 590.251953125 0.0 651.0390625 108.43115234375 555.308447265625 10
80 0.8 484.6475219726562 219.63086525917325 680.56005859375 105.498046875 558.4851296164773 11
90 0.9 445.5134548611111 239.77463423246277 680.56005859375 95.5048828125 527.3956106085526 19
100 0.2 359.842529296875 268.450439453125 680.56005859375 91.39208984375 501.0763462611607 28
110 0.4 485.12799072265625 214.74562978595506 680.56005859375 91.39208984375 491.66075846354164 30
120 0.7 556.7165178571429 176.47155226394602 680.56005859375 91.39208984375 490.89219755284927 34
130 0.9 435.4275716145833 268.94746669266385 771.718994140625 91.39208984375 502.1304961413872 41
140 1.5 509.86608072916664 221.20143983579686 771.718994140625 91.39208984375 490.1239697265625 50
150 2.3 632.3441745923911 265.07535267604163 1007.569091796875 91.39208984375 494.6798414963942 65
160 1.6 804.3197021484375 276.4832485144228 1307.195068359375 91.39208984375 530.6602921919389 88
170 2.5 783.09509765625 448.3079959950955 1803.240966796875 91.39208984375 572.7617398775541 104
180 2.1 1418.5738351004463 443.9293019079529 2304.200927734375 91.39208984375 613.5240185168362 129
190 2.2 2673.4456898082385 872.9693808444613 3968.81005859375 1.88916015625 726.2309928385416 150
200 3.3 1656.0019753196023 1636.8132393286576 4175.23095703125 1.722900390625 975.293337799782 172
210 6.3 1541.6268988715276 1645.2321080776678 4175.23095703125 1.569091796875 1084.8708257907774 205
220 7.7 995.0940670657468 1257.7923252688029 4175.23095703125 1.455078125 1192.2425892388642 268
230 8.6 679.8577767305597 1022.3850124382651 4175.23095703125 1.35888671875 1148.2413248697917 345
240 14.4 656.0662163628471 938.1518141014739 4175.23095703125 1.35888671875 1054.7819625960701 431
250 14.7 748.3519893308888 833.280850463019 4175.23095703125 1.35888671875 954.929671365489 575
260 15.6 833.5105121319111 732.1152785413268 4175.23095703125 1.337890625 912.8702264083057 722
270 11.7 1108.6043753338672 515.8979492546308 4175.23095703125 1.337890625 898.7698671519076 878
280 6.4 830.8600654602051 331.3095934132688 4175.23095703125 1.337890625 923.4438746466708 995
290 4.3 442.1290879360467 446.1434682902504 4175.23095703125 1.337890625 917.8486302765727 1059
300 1.9 380.475341796875 310.92183613039555 4175.23095703125 1.337890625 899.2860710019423 1102
310 0.7 260.79014369419644 293.3646644083753 4175.23095703125 1.337890625 890.4926688120258 1121
320 0.1 7.629150390625 0.0 4175.23095703125 1.337890625 886.584940376011 1128
330 0.2 296.125 288.864013671875 4175.23095703125 1.337890625 885.8064144327112 1129
340 0 0 0 4175.23095703125 1.337890625 884.7636533108143 1131
350 0.2 593.8194580078125 8.8953857421875 4175.23095703125 1.337890625 884.7636533108143 1131
360 0 0 0 4175.23095703125 1.337890625 884.2500713244012 1133
370 0.1 10.563232421875 0.0 4175.23095703125 1.337890625 884.2500713244012 1133
380 0 0 0 4175.23095703125 1.337890625 883.4796243765154 1134
386 0.1 594.5771484375 0.0 4175.23095703125 1.337890625 883.4796243765154 1134
