0 0.1 3170.14453125 0 3170.14453125 3170.14453125 0 0
10 0.1 3170.078125 0.0 3170.14453125 3170.078125 3170.14453125 1
20 0.1 3168.78515625 0.0 3170.14453125 3168.78515625 3170.111328125 2
30 0.1 3164.56640625 0.0 3170.14453125 3164.56640625 3169.6692708333335 3
40 0.1 3163.484375 0.0 3170.14453125 3163.484375 3168.3935546875 4
50 0.1 3161.81640625 0.0 3170.14453125 3161.81640625 3167.41171875 5
60 0.1 3159.6328125 0.0 3170.14453125 3159.6328125 3166.4791666666665 6
70 0.1 3158.42578125 0.0 3170.14453125 3158.42578125 3165.5011160714284 7
80 0.1 3156.26171875 0.0 3170.14453125 3156.26171875 3164.61669921875 8
90 0.1 3152.40625 0.0 3170.14453125 3152.40625 3163.6883680555557 9
100 0.1 3148.66015625 0.0 3170.14453125 3148.66015625 3162.56015625 10
110 0.1 3145.4921875 0.0 3170.14453125 3145.4921875 3161.2965198863635 11
120 0.1 3139.4140625 0.0 3170.14453125 3139.4140625 3159.9794921875 12
130 0.1 3134.6640625 0.0 3170.14453125 3134.6640625 3158.3975360576924 13
140 0.1 3120.73046875 0.0 3170.14453125 3120.73046875 3156.7022879464284 14
150 0.1 3104.20703125 0.0 3170.14453125 3104.20703125 3154.304166666667 15
160 0.1 3085.6328125 0.0 3170.14453125 3085.6328125 3151.173095703125 16
170 0.1 3072.18359375 0.0 3170.14453125 3072.18359375 3147.3177849264707 17
180 0.1 3057.97265625 0.0 3170.14453125 3057.97265625 3143.1436631944443 18
190 0.1 3029.90625 0.0 3170.14453125 3029.90625 3138.6609786184213 19
200 0.1 2999.45703125 0.0 3170.14453125 2999.45703125 3133.2232421875005 20
210 0.1 2989.83203125 0.0 3170.14453125 2989.83203125 3126.853422619048 21
220 0.1 2967.3671875 0.0 3170.14453125 2967.3671875 3120.625177556819 22
230 0.1 2947.13671875 0.0 3170.14453125 2947.13671875 3113.9617866847834 23
240 0.1 2926.703125 0.0 3170.14453125 2926.703125 3107.0107421875005 24
250 0.1 2920.67578125 0.0 3170.14453125 2920.67578125 3099.7984375000005 25
260 0.1 2897.66796875 0.0 3170.14453125 2897.66796875 3092.909104567308 26
270 0.1 2880.75 0.0 3170.14453125 2880.75 3085.6779513888896 27
280 0.1 2860.48046875 0.0 3170.14453125 2860.48046875 3078.3590959821436 28
290 0.1 2851.0078125 0.0 3170.14453125 2851.0078125 3070.84603987069 29
300 0.1 2877.9609375 0.0 3170.14453125 2851.0078125 3063.5180989583337 30
310 0.1 2901.87890625 0.0 3170.14453125 2851.0078125 3057.532384072581 31
320 0.1 2932.984375 0.0 3170.14453125 2851.0078125 3052.6682128906255 32
330 0.1 2984.22265625 0.0 3170.14453125 2851.0078125 3049.041429924243 33
340 0.1 3011.44921875 0.0 3170.14453125 2851.0078125 3047.134995404412 34
350 0.1 3029.56640625 0.0 3170.14453125 2851.0078125 3046.1154017857148 35
360 0.1 3032.35546875 0.0 3170.14453125 2851.0078125 3045.6557074652783 36
370 0.1 3049.640625 0.0 3170.14453125 2851.0078125 3045.2962415540546 37
380 0.1 3049.62109375 0.0 3170.14453125 2851.0078125 3045.410567434211 38
386 0.1 3068.53515625 0.0 3170.14453125 2851.0078125 3045.5185296474365 39
