0 1.4 19.288521902901785 29.42451999846963 125.30908203125 9.208984375 0 0
10 3.4 47.685431985294116 64.68533949273179 188.826171875 9.208984375 19.288521902901785 14
20 6.3 61.260893322172606 131.6066546586031 762.18115234375 8.882080078125 39.40299987792969 48
30 5.6 44.02895246233258 60.987758652137465 762.18115234375 8.882080078125 51.80883129222972 111
40 8 47.81270141601563 73.95747067172566 762.18115234375 8.41015625 49.2000096486714 167
50 7.1 36.46158051826585 53.18848169298807 762.18115234375 8.41015625 48.75067904700151 247
60 11.1 42.323710673564186 67.00542473660707 762.18115234375 7.489013671875 46.00688660819575 318
70 13.9 50.29549270739658 68.51282958656367 762.18115234375 7.489013671875 45.05389703070367 429
80 18.1 49.512064053867405 64.24558372745378 762.18115234375 7.489013671875 46.336611465669016 568
90 21.5 56.64166061046512 102.24401372565214 762.18115234375 7.489013671875 47.10397717790387 749
100 23.9 46.88502815278505 72.81388202580382 762.18115234375 7.489013671875 49.231157611514526 964
110 30.6 57.88790514578226 91.1594698974817 762.18115234375 7.489013671875 48.76505209145106 1203
120 50.7 54.58849110499877 83.92489489400995 762.18115234375 7.193115234375 50.61501434103711 1509
130 49.3 67.74630619691294 124.8419909622955 1033.85205078125 7.193115234375 51.61429644387866 2016
140 67.3 107.31821789677748 170.38581073500194 1256.14404296875 7.193115234375 54.78411741169288 2509
150 83.4 192.03026436272862 268.1025100739228 1761.923095703125 7.193115234375 65.89519523270543 3182
160 95.1 356.63567081936793 404.03694697654913 2280.156005859375 7.193115234375 92.08957960881085 4016
170 88.7 692.2243000017613 652.3334968068002 3244.31689453125 7.193115234375 142.74054251222134 4967
180 96.5 1334.5075774672125 738.2309890174181 4496.052978515625 7.193115234375 225.99850166719605 5854
190 103.8 2701.018903728625 1483.7521408835075 8055.716064453125 1.35595703125 382.8706615362408 6819
200 147.7 2770.3719646890327 2291.221537282885 9373.990966796875 1.257080078125 689.1246866597861 7857
210 245 1833.1241991191 2273.353488486644 9991.031982421875 1.1572265625 1018.4585445609214 9334
220 354.3 1234.554635612368 1710.8053865532108 9991.031982421875 1.1572265625 1187.8348899162793 11784
230 416.7 957.7153807187613 1410.2639616632964 9991.031982421875 1.134033203125 1198.6346588861522 15327
240 415.5 1019.450072742743 1466.3792498952334 9991.031982421875 1.134033203125 1147.1362166924762 19494
250 345.7 1306.4921435730444 1566.5116537057527 9991.031982421875 1.126953125 1124.7024593196004 23649
260 309 1348.8772787248424 1143.4983250071825 9991.031982421875 1.126953125 1147.88725008416 27106
270 277 1498.5027440701117 944.5603847162771 9991.031982421875 1.126953125 1168.4548480607036 30196
280 258.3 1310.8199694932925 659.2228446377887 9991.031982421875 1.126953125 1196.1874413976589 32966
290 232.1 659.8408870014949 537.9696800919578 9991.031982421875 1.126953125 1204.5166720390557 35549
300 138.2 199.0366175606005 291.30749535325356 9991.031982421875 1.126953125 1171.1342453933685 37870
310 75.8 20.951826352242755 24.509764873844293 9991.031982421875 1.126953125 1136.9082461661983 39252
320 42.5 23.86855353860293 34.42608549625072 9991.031982421875 1.126953125 1115.7661575328823 40010
330 28 18.05544695172991 9.976977135017208 9991.031982421875 1.126953125 1104.2895535586626 40435
340 19.9 15.55031505182161 8.872631872660312 9991.031982421875 1.126953125 1096.8194430379715 40715
350 10.7 17.331545250438086 11.276834028098184 9991.031982421875 1.126953125 1091.5603005324906 40914
360 2.8 12.616167340959821 5.112953030645597 9991.031982421875 1.126953125 1088.7582606793621 41021
370 4 11.675891113281251 4.9068414771819295 9991.031982421875 1.126953125 1088.024211649825 41049
380 0.6 15.9814453125 2.7577420694869264 9991.031982421875 1.126953125 1086.9763902664508 41089
386 0.1 12.260986328125 0.0 9991.031982421875 1.126953125 1086.8200216165 41095
