0 24.5484375 24.5484375
10 85.20859375 109.75703125
20 196.76640625 306.5234375
30 191.05703125 497.58046875
40 269.33203125 766.9125
50 235.03046875 1001.94296875
60 347.62265625 1349.565625
70 431.51640625 1781.08203125
80 633.37109375 2414.453125
90 716.6734375 3131.1265625
100 729.78203125 3860.90859375
110 1000.375 4861.28359375
120 1543.51484375 6404.7984375
130 1447.09453125 7851.89296875
140 1991.3796875 9843.27265625
150 2327.94921875 12171.221875
160 2449.79453125 14621.01640625
170 2296.2953125 16917.31171875
180 2288.2546875 19205.56640625
190 2221.51875 21427.08515625
200 2492.928125 23920.01328125
210 3049.79765625 26969.8109375
220 3795.0515625 30764.8625
230 4052.1671875 34817.0296875
240 3915.15546875 38732.18515625
250 3595.57578125 42327.7609375
260 3658.12734375 45985.88828125
270 3722.4703125 49708.35859375
280 3728.0671875 53436.42578125
290 3566.46640625 57002.8921875
300 2548.9578125 59551.85
310 1593.559375 61145.409375
320 1014.8375 62160.246875
330 719.08046875 62879.32734375
340 449.9671875 63329.29453125
350 294.9125 63624.20703125
360 62.6671875 63686.87421875
370 72.828125 63759.70234375
380 17.71875 63777.42109375
386 2.9359375 63780.35703125
