0 3.96796875 3.96796875
10 28.09765625 32.065625
20 67.184375 99.25
30 82.41171875 181.66171875
40 112.75859375 294.4203125
50 115.228125 409.6484375
60 157.9453125 567.59375
70 179.83125 747.425
80 288.11171875 1035.53671875
90 310.10234375 1345.6390625
100 331.659375 1677.2984375
110 434.340625 2111.6390625
120 696.5578125 2808.196875
130 640.71015625 3448.90703125
140 987.95703125 4436.8640625
150 1212.4875 5649.3515625
160 1356.3828125 7005.734375
170 1379.2390625 8384.9734375
180 1396.07265625 9781.04609375
190 1421.37890625 11202.425
200 1691.45078125 12893.87578125
210 2361.7953125 15255.67109375
220 3358.5046875 18614.17578125
230 3838.14609375 22452.321875
240 4320.71484375 26773.03671875
250 3923.7765625 30696.81328125
260 3917.4765625 34614.28984375
270 3636.30703125 38250.596875
280 3419.615625 41670.2125
290 3295.10546875 44965.31796875
300 2058.534375 47023.85234375
310 1340.51953125 48364.371875
320 799.58515625 49163.95703125
330 483.67734375 49647.634375
340 323.47578125 49971.11015625
350 186.0546875 50157.16484375
360 50.04296875 50207.2078125
370 56.24453125 50263.45234375
380 16.0234375 50279.47578125
386 2.784375 50282.26015625
