0 0.3 12.353352864583334 0.3475703062965021 12.7099609375 11.882080078125 0 0
10 0.2 11.9754638671875 0.4105224609375 12.7099609375 11.56494140625 12.353352864583334 3
20 0.5 12.039990234375 0.40756729178850376 12.7099609375 11.251953125 12.202197265625 5
30 0.5 11.579443359375 0.3761020235071619 12.7099609375 11.05908203125 12.12109375 10
40 0.6 21.726236979166668 13.151473581001078 43.791015625 10.89111328125 11.940543619791667 15
50 0.5 17.520068359375 13.038564477441254 43.791015625 9.89599609375 14.736456008184524 21
60 0.7 18.111572265625 7.33224334979072 43.791015625 9.89599609375 15.271766075721153 26
70 0.8 23.765289306640625 24.598708876418332 87.630126953125 9.89599609375 15.874149206912879 33
80 1 13.0851318359375 3.614776610457291 87.630126953125 9.89599609375 17.413883860518293 41
90 0.3 12.57666015625 0.9173197514998797 87.630126953125 9.89599609375 16.565108953737745 51
100 3.2 19.906890869140625 16.926991393557923 87.6611328125 9.005859375 16.343528464988427 54
110 1.9 20.15221525493421 15.408779346424378 87.6611328125 9.005859375 17.669430754905523 86
120 2.3 27.461701766304348 29.510669984760394 118.906005859375 9.005859375 18.11869652157738 105
130 3.8 25.64551423725329 18.79517252979768 118.906005859375 9.005859375 19.797517776489258 128
140 3.5 36.147154017857154 40.92495745769528 226.870849609375 9.005859375 21.136215761483435 166
150 3.2 98.5738754272461 72.9859181892282 275.703857421875 9.005859375 23.750060731498756 201
160 5.4 212.54552770543984 187.52006397025292 826.151123046875 9.005859375 34.02629279271727 233
170 5.1 429.1334108838848 311.76600070973404 1310.096923828125 9.005859375 67.61527775887413 287
180 7.1 1112.4569899867959 431.50765283894305 2388.151123046875 9.005859375 122.16387181028107 338
190 7.4 2371.2173808329826 870.3103944954601 3713.30712890625 1.722900390625 294.07294611476163 409
200 12.2 2141.8907930968235 1581.3857647770271 4645.67578125 1.600830078125 612.3103957403276 483
210 16.6 1590.1285635706884 1727.9852204701936 5158.968994140625 1.350830078125 920.7547072733731 605
220 24.6 918.8272417270072 1302.3238447784806 5158.968994140625 1.325927734375 1064.874110834144 771
230 25.6 892.496958732605 1166.62996886915 5158.968994140625 1.322021484375 1029.547139545692 1017
240 18.2 948.4182745964974 1244.1299281036563 5158.968994140625 1.322021484375 1001.9863804819447 1273
250 3 1402.0231282552083 1250.0546029378472 5158.968994140625 1.322021484375 995.2857651753114 1455
260 0.5 1306.714794921875 665.3425399080793 5158.968994140625 1.322021484375 1003.502681601168 1485
270 0.1 1326.510986328125 0.0 5158.968994140625 1.322021484375 1004.5201719143247 1490
280 0 0 0 5158.968994140625 1.322021484375 1004.736128194951 1491
290 0 0 0 5158.968994140625 1.322021484375 1004.736128194951 1491
300 0 0 0 5158.968994140625 1.322021484375 1004.736128194951 1491
310 0 0 0 5158.968994140625 1.322021484375 1004.736128194951 1491
320 0 0 0 5158.968994140625 1.322021484375 1004.736128194951 1491
330 0 0 0 5158.968994140625 1.322021484375 1004.736128194951 1491
340 0 0 0 5158.968994140625 1.322021484375 1004.736128194951 1491
350 0 0 0 5158.968994140625 1.322021484375 1004.736128194951 1491
360 0 0 0 5158.968994140625 1.322021484375 1004.736128194951 1491
370 0 0 0 5158.968994140625 1.322021484375 1004.736128194951 1491
380 0 0 0 5158.968994140625 1.322021484375 1004.736128194951 1491
386 0 0 0 5158.968994140625 1.322021484375 1004.736128194951 1491
