0 2.3 23
10 4.3 66
20 5.7 123
30 9.6 219
40 5.9 278
50 9 368
60 10.4 472
70 11.9 591
80 16.5 756
90 17.1 927
100 18.9 1116
110 25.4 1370
120 34.1 1711
130 55.8 2269
140 54.9 2818
150 79.4 3612
160 106.2 4674
170 119.3 5867
180 164.9 7516
190 210.7 9623
200 237.3 11996
210 257.8 14574
220 237.5 16949
230 234.8 19297
240 239.6 21693
250 230.9 24002
260 244.4 26446
270 233 28776
280 224.8 31024
290 193.6 32960
300 98.2 33942
310 40.3 34345
320 15.4 34499
330 8.9 34588
340 3.6 34624
350 4 34664
360 0.6 34670
370 1.9 34689
380 0.8 34697
383 0.1 34698
