20 0.2 19577.693481445313 3870.3504638671875 23448.0439453125 15707.343017578125 0 0
30 0.6 23673.123616536457 8873.197643912186 32784.94384765625 5231.193115234375 19577.693481445313 2
40 0.1 43441.693115234375 0.0 43441.693115234375 5231.193115234375 22649.266082763672 8
50 0.6 41882.645345052086 14375.90081761363 52808.666015625 5231.193115234375 24959.535753038195 9
60 0.4 48240.11767578125 7460.673499955064 57891.241943359375 5231.193115234375 31728.77958984375 15
70 0.5 37860.275 17631.272458918684 63823.303955078125 5231.193115234375 35204.85076583059 19
80 1.1 42871.55084783381 13113.585756029586 63823.303955078125 5231.193115234375 35758.06414794922 24
90 1.9 43346.341115851144 16805.32330882109 87254.4130859375 5231.193115234375 37993.73139648438 35
100 1 35577.16245117188 17948.392447570128 87254.4130859375 5231.193115234375 39877.0570384838 54
110 1.7 38665.88779584099 14597.720541350573 87254.4130859375 5231.193115234375 39205.19850921631 64
120 1 36624.97260742188 16565.246488027322 87254.4130859375 5231.193115234375 39092.00984097704 81
130 2.7 40947.347195095484 15601.457751653603 88047.26708984375 5231.193115234375 38820.906848278675 91
140 3.1 34284.40265877016 16965.77402663044 88047.26708984375 5231.193115234375 39307.46523271981 118
150 3.5 37989.09926757811 17877.379295375973 93335.705078125 5231.193115234375 38262.39852270344 149
160 5.5 37908.97090287642 15373.015784996156 93335.705078125 4561.593994140625 38210.41225134808 184
170 7.8 38020.535606971156 17231.293829589136 93335.705078125 4561.593994140625 38141.04290337343 239
180 8.2 38862.29042313738 16203.887847418482 105896.61083984375 4561.593994140625 38111.39126577287 317
190 10.2 40340.6620495366 16082.289601212045 105896.61083984375 4561.593994140625 38265.71139335154 399
200 12.4 41446.663493494845 17424.11921250869 130958.1259765625 4561.593994140625 38688.15643712575 501
210 11 41155.132208806805 18467.292316964467 149226.60888671875 4561.593994140625 39235.444237109376 625
220 9.3 43663.33889343916 14710.252638361373 149226.60888671875 4561.593994140625 39522.74447777158 735
230 16.8 48078.28630138578 13061.250975325407 149226.60888671875 4561.593994140625 39987.811241850184 828
240 17.9 55439.653820868974 17388.646711693644 149810.89599609375 4561.593994140625 41352.46968562727 996
250 21.7 55778.80647523941 16163.612752456891 149810.89599609375 4561.593994140625 43498.517311336436 1175
260 27.9 56316.676933698756 17157.308394646483 149810.89599609375 4561.593994140625 45412.9014697897 1392
270 38.1 62014.20042087024 19054.212102307207 149810.89599609375 4561.593994140625 47233.46003019103 1671
280 54.5 64783.359145194234 14327.03343346744 149810.89599609375 4561.593994140625 49977.83726647212 2052
290 61 68956.20950147281 12218.982326856072 149810.89599609375 4561.593994140625 53084.88748745924 2597
300 31.3 75377.02805667177 12142.592742376524 149810.89599609375 4561.593994140625 56103.754474845664 3207
310 13.8 84406.51529240263 11845.627029783518 154675.56982421875 4561.593994140625 57817.54272232054 3520
320 4.8 93622.52391560872 10098.090750423184 154675.56982421875 4561.593994140625 58820.62588652812 3658
330 3.4 99850.20657169117 10545.093948000811 154675.56982421875 4561.593994140625 59271.379018043466 3706
340 1.3 118101.56728891227 9642.53964124699 154675.56982421875 4561.593994140625 59640.27745034936 3740
350 0.7 124580.3361467634 9077.341463095156 154675.56982421875 4561.593994140625 59842.78125208165 3753
360 0.3 131893.53035481772 3353.6446368935626 154675.56982421875 4561.593994140625 59963.30329576856 3760
370 0.4 141149.06939697266 8956.20493077431 154675.56982421875 4561.593994140625 60020.648680083505 3763
380 0.1 178090.44189453125 0.0 178090.44189453125 4561.593994140625 60106.795131601306 3767
383 0 0 0 178090.44189453125 4561.593994140625 60138.10713976557 3768
