10 0.1 24.091064453125 0 24.091064453125 24.091064453125 0 0
20 0 0 0 24.091064453125 24.091064453125 24.091064453125 1
30 0.1 28.489990234375 0.0 28.489990234375 24.091064453125 24.091064453125 1
40 0.1 27.508056640625 0.0 28.489990234375 24.091064453125 26.29052734375 2
50 0 0 0 28.489990234375 24.091064453125 26.696370442708332 3
60 0.2 27.385986328125 0.4541015625 28.489990234375 24.091064453125 26.696370442708332 3
70 0.1 29.009033203125 0.0 29.009033203125 24.091064453125 26.972216796875 5
80 0.4 88.4232177734375 108.32162423637884 276.001953125 22.27099609375 27.311686197916668 6
90 0.5 21.989404296875 3.544369279146833 276.001953125 16.48681640625 51.756298828125 10
100 0.6 25.086181640625 11.503706633601338 276.001953125 16.48681640625 41.83400065104167 15
110 0.3 33.016927083333336 22.264898082028633 276.001953125 16.48681640625 37.048909505208336 21
120 1 38.3503173828125 28.213248203915164 276.001953125 16.48681640625 36.54491170247396 24
130 0.9 56.68169487847222 45.834147226271 276.001953125 15.447998046875 37.07591337316177 34
140 1.3 39.93445763221154 21.852534690730504 276.001953125 15.447998046875 41.179449037063954 43
150 1.6 97.29498291015625 110.69591233806567 435.255859375 15.447998046875 40.890433175223215 56
160 1.8 81.60538736979167 88.56723681781166 435.255859375 15.447998046875 53.424777560763886 72
170 2.3 91.91780952785327 187.6356450735394 931.3330078125 15.447998046875 59.06089952256944 90
180 4 140.24230346679687 132.02028720407995 931.3330078125 15.447998046875 65.74858916966261 113
190 5.1 141.34819718903185 103.0922733862179 931.3330078125 15.447998046875 85.2240700316585 153
200 5.2 258.46059476412256 157.901186294421 931.3330078125 15.447998046875 99.25510182100184 204
210 6.3 661.1468602740573 342.1178284475374 1563.47216796875 15.447998046875 131.59371757507324 256
220 5.6 1768.798540387835 989.1293381350725 3640.161865234375 1.212158203125 236.17631315512338 319
230 7.8 1955.3495217347763 1335.2824387374508 3897.64892578125 1.212158203125 465.04789908854167 375
240 9.3 1512.8853116599469 1231.6174076895416 3897.64892578125 1.212158203125 721.6561255044496 453
250 14.2 1791.4590170417032 981.6345868509167 3897.64892578125 1.212158203125 856.4259319375288 546
260 15.2 1561.09693828382 631.5716778475899 3897.64892578125 1.212158203125 1049.412411711937 688
270 12.3 1437.5953279820885 402.464617612083 3897.64892578125 1.212158203125 1142.002945091611 840
280 8.1 1201.9963378906245 417.820464627087 3897.64892578125 1.212158203125 1179.7577354296473 963
290 5.1 455.3170046338848 284.5692628836658 3897.64892578125 1.212158203125 1181.4831442412747 1044
300 2.5 79.55645507812498 89.17117186549761 3897.64892578125 1.212158203125 1147.6617076020266 1095
310 1 26.514013671875 18.568754896576095 3897.64892578125 1.212158203125 1123.8200725010468 1120
320 0.7 24.779436383928573 9.351774293980025 3897.64892578125 1.212158203125 1114.1093994140629 1130
330 0.3 61.20703125 52.32171361834877 3897.64892578125 1.212158203125 1107.402882491274 1137
340 0.1 19.096923828125 0.0 3897.64892578125 1.212158203125 1104.6497355143233 1140
350 0 0 0 3897.64892578125 1.212158203125 1103.6983307713906 1141
360 0 0 0 3897.64892578125 1.212158203125 1103.6983307713906 1141
370 0 0 0 3897.64892578125 1.212158203125 1103.6983307713906 1141
380 0 0 0 3897.64892578125 1.212158203125 1103.6983307713906 1141
383 0 0 0 3897.64892578125 1.212158203125 1103.6983307713906 1141
