10 0.3 13.212565104166666 2.9540431856354634 17.184814453125 10.10595703125 0 0
20 0.7 17.003592354910715 6.165421759206135 25.677978515625 9.830078125 13.212565104166666 3
30 0.3 18.38037109375 7.584609777491815 29.094970703125 9.830078125 15.8662841796875 10
40 0.4 12.2969970703125 2.8018381925629097 29.094970703125 9.656982421875 16.446458082932693 13
50 0.6 16.4127197265625 12.137080930682012 43.39208984375 9.510009765625 15.470114315257353 17
60 0.7 10.512067522321429 1.2682422363961692 43.39208984375 9.177001953125 15.716011379076088 23
70 0.8 33.726654052734375 63.43616712277916 201.493896484375 7.533935546875 14.5017578125 30
80 1 29.851416015625 60.19571036653027 210.364990234375 7.533935546875 18.54910438939145 38
90 0.2 20.2520751953125 7.0999755859375 210.364990234375 7.533935546875 20.90375264485677 48
100 1.1 17.621049360795453 16.25033292456626 210.364990234375 7.533935546875 20.877685546875 50
110 0.8 19.956146240234375 14.570136903690338 210.364990234375 7.533935546875 20.290423283811474 61
120 2.2 45.91660378196023 149.6125489690233 730.903076171875 7.533935546875 20.25166652513587 69
130 2.7 34.31303349247683 56.410023503972724 730.903076171875 7.533935546875 26.456376631181318 91
140 3.3 15.117505622632573 11.646742945555769 730.903076171875 7.533935546875 28.254086251986227 118
150 3.8 37.145514237253295 71.08656116727894 730.903076171875 7.282958984375 25.38317790252483 151
160 3.6 24.18109130859375 21.087601862093305 730.903076171875 7.282958984375 27.74809208622685 189
170 6.8 26.872702205882348 34.049032720604686 730.903076171875 7.282958984375 27.177371961805555 225
180 7 71.83035714285714 98.06379908075114 730.903076171875 7.282958984375 27.10666362254693 293
190 11.7 79.0782439403045 107.09737654205095 730.903076171875 7.050048828125 35.73106733169766 363
200 14.6 209.2446422838185 225.10381962849638 1062.117919921875 7.050048828125 46.29694163004557 480
210 13.4 542.738381456973 388.13948177012514 1719.739013671875 7.050048828125 84.30071845983926 626
220 10.6 1793.257771042158 862.0990750680716 3450.0859375 1.489990234375 165.13051693564967 760
230 17 1396.3565400965076 1405.5099607508948 3782.968017578125 1.31591796875 364.4163009255918 866
240 26.7 1609.9679462561446 1195.981613013232 3782.968017578125 1.31591796875 533.7501239555683 1036
250 26.1 1679.102029266942 933.1016322209131 3782.968017578125 1.31591796875 754.2797928383418 1303
260 20.3 1624.1068566233066 583.3045547274595 3782.968017578125 1.31591796875 908.6139384316057 1564
270 5.8 1381.5867456896551 303.8999342358726 3782.968017578125 1.31591796875 990.8126155073925 1767
280 2.5 1115.6406445312502 426.5745387995197 3782.968017578125 1.31591796875 1003.2317385488013 1825
290 1.5 339.2831217447917 290.1217822054456 3782.968017578125 1.31591796875 1004.7507778188344 1850
300 0 0 0 3782.968017578125 1.31591796875 999.398491040759 1865
310 0.1 10.178955078125 0.0 3782.968017578125 1.31591796875 999.398491040759 1865
320 0.1 13.550048828125 0.0 3782.968017578125 1.31591796875 998.8683626720759 1866
330 0 0 0 3782.968017578125 1.31591796875 998.3406078173122 1867
340 0 0 0 3782.968017578125 1.31591796875 998.3406078173122 1867
350 0 0 0 3782.968017578125 1.31591796875 998.3406078173122 1867
360 0 0 0 3782.968017578125 1.31591796875 998.3406078173122 1867
370 0 0 0 3782.968017578125 1.31591796875 998.3406078173122 1867
380 0 0 0 3782.968017578125 1.31591796875 998.3406078173122 1867
383 0 0 0 3782.968017578125 1.31591796875 998.3406078173122 1867
