20 0.2 13.0450439453125 0.6600341796875 13.705078125 12.385009765625 0 0
30 0 0 0 13.705078125 12.385009765625 13.0450439453125 2
40 0.3 14.3740234375 1.3185587565041383 16.149169921875 12.385009765625 13.0450439453125 2
50 0.3 38.957438151041664 26.524191321658424 76.238037109375 12.385009765625 13.842431640625 5
60 0.5 49.48037109375 59.56863046073186 167.47998046875 11.221923828125 23.26055908203125 8
70 0.4 13.4598388671875 3.9361277736059352 167.47998046875 10.453125 33.34510216346154 13
80 0.9 14.13576931423611 5.1511317727622465 167.47998046875 10.243896484375 28.666216681985293 17
90 1.1 17.99886807528409 7.991340210772366 167.47998046875 9.60009765625 23.636446439302883 26
100 0.3 12.983317057291666 2.226095597538073 167.47998046875 9.60009765625 21.96040962837838 37
110 0.4 12.5867919921875 3.2193851284126236 167.47998046875 8.903076171875 21.287127685546874 40
120 0.9 22.73537868923611 21.882346018321925 167.47998046875 8.903076171875 20.49618807705966 44
130 0.8 25.126800537109375 32.81965639546358 167.47998046875 8.125 20.876427992334907 53
140 1.2 15.921040852864584 7.343234534102353 167.47998046875 8.125 21.433853899846312 61
150 1.7 23.548828125 23.97536997315138 167.47998046875 8.125 20.52763805650685 73
160 3.2 33.90363311767578 27.817801795767387 167.47998046875 8.125 21.098307291666668 90
170 3.8 24.903416683799342 15.581805730663074 167.47998046875 8.125 24.4570812788166 122
180 4.2 75.8014962332589 95.30805284917739 473.83203125 8.125 24.5630859375 160
190 4.6 117.84339971127717 141.4198523953327 626.138916015625 8.125 35.21661679107363 202
200 5.1 223.76861691942403 167.8152532849039 679.116943359375 8.125 50.54255233272429 248
210 7.2 565.1546223958334 379.3049993004856 1656.80908203125 8.125 80.08947304818143 299
220 6.7 1632.6667188957556 1060.444069909528 3706.517822265625 1.526123046875 174.22610580567724 371
230 8.7 1926.6689312814292 1365.339932893976 3893.533935546875 1.365966796875 397.32090278520974 438
240 8.4 1721.794782366071 1155.38599279171 3893.533935546875 1.346923828125 650.7557189360119 525
250 12.1 1666.2163328060433 961.7201188234931 3893.533935546875 1.346923828125 798.485244926365 609
260 14.6 1511.7859488709328 580.329509664845 3893.533935546875 1.346923828125 942.3146444242294 730
270 22.2 1363.998925561303 346.4631056249517 3893.533935546875 1.346923828125 1037.2265284986802 876
280 27.1 1060.8703766432202 422.26376540021215 3893.533935546875 1.346923828125 1103.2952645168061 1098
290 23.9 443.9208167167887 282.3546486342674 3893.533935546875 1.346923828125 1094.8970580787186 1369
300 15.9 50.02691228134827 77.98965274107306 3893.533935546875 1.346923828125 998.1412610106208 1608
310 6.3 15.299382285466272 9.666076898123242 3893.533935546875 1.346923828125 912.8270666427916 1767
320 2.5 15.594248046875002 6.58737131947852 3893.533935546875 1.346923828125 881.928572591146 1830
330 0.6 44.727579752604164 69.6636308122013 3893.533935546875 1.346923828125 870.2529078398754 1855
340 0.2 13.5025634765625 1.4495849609375 3893.533935546875 1.346923828125 867.5913538535651 1861
350 0.2 11.279541015625 1.0625 3893.533935546875 1.346923828125 866.6744576749531 1863
360 0.2 12.72900390625 0.672119140625 3893.533935546875 1.346923828125 865.7571440914043 1865
370 0 0 0 3893.533935546875 1.346923828125 864.843348547553 1867
380 0 0 0 3893.533935546875 1.346923828125 864.843348547553 1867
383 0 0 0 3893.533935546875 1.346923828125 864.843348547553 1867
