0 0.3 18.735026041666668 0.8881623499359699 19.97705078125 17.951904296875 0 0
10 0.7 14.982386997767858 4.049325752034888 23.93798828125 10.580078125 18.735026041666668 3
20 0.2 22.8385009765625 2.9625244140625 25.801025390625 10.580078125 16.1081787109375 10
30 0.6 21.562540690104168 12.73175526951763 49.7958984375 10.580078125 17.229899088541668 12
40 0.6 12.152303059895834 2.1392247263965203 49.7958984375 9.632080078125 18.674112955729168 18
50 0.7 18.191441127232142 8.458735989279724 49.7958984375 9.35791015625 17.043660481770832 24
60 0.5 16.385205078125 10.984221224190042 49.7958984375 9.35791015625 17.30283675655242 31
70 0.8 14.115447998046875 5.28431089910194 49.7958984375 9.35791015625 17.17538791232639 36
80 0.9 13.622016059027779 3.4208714186409925 49.7958984375 9.35791015625 16.619035200639203 44
90 0.8 19.74273681640625 12.156218852166278 49.7958984375 9.35791015625 16.110107421875 53
100 0.8 54.28375244140625 94.54999264806071 302.029052734375 9.35791015625 16.58651783427254 61
110 1.5 16.544759114583332 16.179456352786165 302.029052734375 8.5419921875 20.957211701766305 69
120 2.3 16.71829356317935 11.827533732846652 302.029052734375 8.5419921875 20.169273739769345 84
130 4.5 36.804497612847214 62.683484144351624 350.02294921875 8.5419921875 19.427474262558412 107
140 2.7 50.853370949074076 103.12827310653743 404.01806640625 7.97900390625 24.571987754420228 152
150 3.9 33.81840319511218 52.00273503332606 404.01806640625 7.97900390625 28.53621873908869 179
160 7.4 35.85145362647804 39.61664924003499 404.01806640625 7.9169921875 29.481196692230505 218
170 5.5 27.645618785511363 20.986939295639456 404.01806640625 7.9169921875 31.095576874197345 292
180 8.7 79.9225204292385 100.28145639091255 570.16015625 7.9169921875 30.54875354601945 347
190 17.1 97.29702205546418 120.07258240484629 606.430908203125 7.9169921875 40.44625981062788 434
200 15.5 203.88212890625005 217.81911426310458 1068.4599609375 7.9169921875 56.51482236247417 605
210 13.8 590.9235149881114 376.4039232179909 1704.27685546875 7.9169921875 86.56999672337582 760
220 17.8 1879.3835627523702 881.7650316491367 3573.80908203125 1.47998046875 164.07643939657572 898
230 28.6 1701.6899234798398 1351.087741764823 3934.135009765625 1.322021484375 447.8354244870324 1076
240 29.6 1666.5253254658467 1207.528131689324 3934.135009765625 1.2109375 711.1264573151843 1362
250 18.1 1838.172057093836 1000.0975358232583 3934.135009765625 1.2109375 881.6922383601759 1658
260 2.2 1414.0034290660512 701.2807694765932 3934.135009765625 1.2109375 975.8319051305906 1839
270 0.6 1372.3264973958333 209.19059272550163 3934.135009765625 1.2109375 981.0117941830248 1861
280 0 0 0 3934.135009765625 1.2109375 982.2693668767993 1867
290 0 0 0 3934.135009765625 1.2109375 982.2693668767993 1867
300 0 0 0 3934.135009765625 1.2109375 982.2693668767993 1867
310 0 0 0 3934.135009765625 1.2109375 982.2693668767993 1867
320 0 0 0 3934.135009765625 1.2109375 982.2693668767993 1867
330 0 0 0 3934.135009765625 1.2109375 982.2693668767993 1867
340 0 0 0 3934.135009765625 1.2109375 982.2693668767993 1867
350 0 0 0 3934.135009765625 1.2109375 982.2693668767993 1867
360 0 0 0 3934.135009765625 1.2109375 982.2693668767993 1867
370 0 0 0 3934.135009765625 1.2109375 982.2693668767993 1867
380 0 0 0 3934.135009765625 1.2109375 982.2693668767993 1867
383 0 0 0 3934.135009765625 1.2109375 982.2693668767993 1867
