20 0.1 17.1650390625 0 17.1650390625 17.1650390625 0 0
30 0.3 38.456705729166664 28.28940826919206 78.455078125 17.1650390625 17.1650390625 1
40 0 0 0 78.455078125 17.1650390625 33.1337890625 4
50 0.1 18.717041015625 0.0 78.455078125 17.1650390625 33.1337890625 4
60 0 0 0 78.455078125 17.1650390625 30.250439453125 5
70 0 0 0 78.455078125 17.1650390625 30.250439453125 5
80 0.1 22.924072265625 0.0 78.455078125 17.1650390625 30.250439453125 5
90 0.2 20.0001220703125 2.4749755859375 78.455078125 17.1650390625 29.029378255208332 6
100 0.2 17.6724853515625 2.5965576171875 78.455078125 15.075927734375 26.772064208984375 8
110 0.5 20.751611328125 2.6836503139792542 78.455078125 15.075927734375 24.9521484375 10
120 0.3 16.135986328125 1.1128681866593175 78.455078125 14.58203125 23.551969401041667 15
130 0.7 60.270438058035715 71.81568133283088 228.283935546875 14.0361328125 22.31597222222222 18
140 0.6 21.951822916666668 8.23549089183598 228.283935546875 13.5419921875 32.94322265625 25
150 1.2 45.171915690104164 34.718797192945395 228.283935546875 13.5419921875 30.81585496471774 31
160 1.3 48.72951096754808 71.28128792044917 285.6650390625 13.1611328125 34.822197492732556 43
170 1.7 45.5895565257353 30.82242904948513 285.6650390625 13.1611328125 38.05068097795759 56
180 2.5 127.871513671875 117.49350493482837 508.430908203125 13.1611328125 39.806309530179796 73
190 2.2 144.81221147017047 162.94556088922624 691.56298828125 13.1611328125 62.27192283163265 98
200 2.1 297.05465262276783 261.15917080779195 839.211181640625 13.1611328125 77.40430908203125 120
210 2.8 666.1116943359375 378.292543633657 1328.069091796875 13.1611328125 110.11819003490692 141
220 4.1 1876.2874547446647 841.4494894152566 3114.239990234375 1.54296875 202.23545701969306 169
230 4.4 2326.7726551402707 1170.037024477367 3997.302001953125 1.54296875 529.0741803850447 210
240 5.3 1925.6579958357902 1140.6384475637076 3997.302001953125 1.54296875 840.4865145946113 254
250 8.4 1544.082298642113 1042.331113564206 3997.302001953125 1.54296875 1027.8288224310363 307
260 8.6 1658.8074610510537 524.085742604617 3997.302001953125 1.54296875 1138.737497627278 391
270 8.8 1392.0807078968396 441.6128667252181 3997.302001953125 1.54296875 1232.502732122969 477
280 6.4 1195.0072288513181 481.3867775846414 3997.302001953125 1.54296875 1257.3573548983684 565
290 5 453.1462890625 293.8178367939537 3997.302001953125 1.54296875 1251.0133039174284 629
300 3.3 70.40002071496212 108.7739255104063 3997.302001953125 1.54296875 1192.2602100400404 679
310 2.1 19.30952380952381 12.708262607343196 3997.302001953125 1.54296875 1140.263881040423 712
320 0.5 17.42041015625 8.248239001259288 3997.302001953125 1.54296875 1108.1492268769184 733
330 0.8 16.741241455078125 9.785448288081152 3997.302001953125 1.54296875 1100.7594652460195 738
340 0.4 18.54254150390625 8.761250924968452 3997.302001953125 1.54296875 1089.1346049372694 746
350 0.5 16.13720703125 3.4040246921443886 3997.302001953125 1.54296875 1083.4247805989583 750
360 0.1 13.65185546875 0.0 3997.302001953125 1.54296875 1076.356650972682 755
370 0.3 21.206705729166668 5.495226107955215 3997.302001953125 1.54296875 1074.950956798735 756
380 0.1 20.819091796875 0.0 3997.302001953125 1.54296875 1070.7859597589343 759
383 0 0 0 3997.302001953125 1.54296875 1069.4044244063527 760
