0 1.5 15
10 2.7 42
20 5.9 101
30 4 141
40 12.1 262
50 9.9 361
60 13.1 492
70 16 652
80 15.7 809
90 15.2 961
100 28.6 1247
110 30.2 1549
120 32.8 1877
130 47.4 2351
140 52 2871
150 69 3561
160 87.9 4440
170 99.1 5431
180 131.4 6745
190 188.8 8633
200 177.6 10409
210 180.1 12210
220 182.8 14038
230 197.4 16012
240 184.8 17860
250 160.2 19462
260 179.3 21255
270 228 23535
280 260.2 26137
290 263.3 28770
300 196.2 30732
310 104 31772
320 60.7 32379
330 35.9 32738
340 15.7 32895
350 4 32935
360 2.9 32964
370 0.6 32970
374 0.1 32971
