0 1.2 11.123209635416666 32.175879496533405 117.83203125 0.909912109375 0 0
10 0.7 1.3682338169642858 0.23712968833228054 117.83203125 0.909912109375 11.123209635416666 12
20 1.1 1.3431063565340908 0.29499929373512734 117.83203125 0.863037109375 7.5292711759868425 19
30 1 1.778955078125 0.8591912173646337 117.83203125 0.863037109375 5.2610107421875 30
40 1.7 1.538674747242647 0.6084861835956606 117.83203125 0.863037109375 4.390496826171875 40
50 1.2 1.4079996744791667 0.44994025223769507 117.83203125 0.863037109375 3.539953399122807 57
60 1.9 1.4541658100328947 0.6785441592653588 117.83203125 0.863037109375 3.1691788383152173 69
70 1.5 1.2722330729166667 0.2417464223336383 117.83203125 0.85400390625 2.798891934481534 88
80 2.5 1.2779199218749997 0.2690917913817251 117.83203125 0.85400390625 2.576562974059466 103
90 3.4 1.7807329963235292 1.8244867948497594 117.83203125 0.819091796875 2.3229217529296875 128
100 4.6 1.301168690557065 0.3613498365684645 117.83203125 0.819091796875 2.209129050925926 162
110 3.3 1.2832327178030303 0.28751854338908406 117.83203125 0.807861328125 2.00833012507512 208
120 4.9 1.3973363759566326 0.7215935328338418 117.83203125 0.807861328125 1.9090429282287342 241
130 7.9 1.3460276157041138 0.899679394650264 117.83203125 0.801025390625 1.822582165948276 290
140 9.1 1.468377081902472 1.376933192860373 117.83203125 0.77685546875 1.720555582020664 369
150 10.2 1.3845166973039214 0.7022931973394234 117.83203125 0.77685546875 1.6706680961277174 460
160 15 1.3252815755208334 0.6573011596949351 117.83203125 0.764892578125 1.6187331447397686 562
170 17.3 1.2932086569725432 0.5916751435012946 117.83203125 0.764892578125 1.5569104826852176 712
180 24.8 1.3348772602696573 0.8276110689316968 117.83203125 0.741943359375 1.5053619902012711 885
190 33.5 1.2857195953824616 0.6264593985294603 117.83203125 0.72705078125 1.4680449442850838 1133
200 32.7 1.2739123423165142 0.45916214413922635 117.83203125 0.722900390625 1.426438001585916 1468
210 51.9 2.544913407695086 7.126975859714942 117.83203125 0.72119140625 1.398651990120125 1795
220 58.9 1.3893881313667227 1.3551185991112165 117.83203125 0.72119140625 1.655743466231363 2314
230 59.8 1.3479824512698582 0.9410933541507333 117.83203125 0.72119140625 1.6017016845450824 2903
240 28.4 1.5057639538402288 1.2801134327202017 117.83203125 0.72119140625 1.5583643233629674 3501
250 0.3 1.5419108072916667 0.20494170318840202 117.83203125 0.72119140625 1.554417558516347 3785
260 0.4 1.43426513671875 0.38849641203573615 117.83203125 0.72119140625 1.5544076534863382 3788
270 0.1 1.047119140625 0.0 117.83203125 0.72119140625 1.554280920873714 3792
280 0.4 1.54083251953125 0.3236022223390833 117.83203125 0.72119140625 1.5541472109395595 3793
290 0.3 1.5432942708333333 0.16730460624011 117.83203125 0.72119140625 1.5541331844013364 3797
300 0.6 1.8470865885416667 1.138686589879698 117.83203125 0.72119140625 1.554124627364309 3800
310 0.6 1.4458414713541667 0.2469190621255012 117.83203125 0.72119140625 1.5545864696572844 3806
320 0.8 1.37738037109375 0.23972790526719057 117.83203125 0.72119140625 1.5544153075403329 3812
330 0.4 1.4715576171875 0.30617811468705997 117.83203125 0.72119140625 1.5540445537467276 3820
340 0.6 1.3949788411458333 0.2940411557531925 117.83203125 0.72119140625 1.5539582703402848 3824
350 0.2 1.408447265625 0.238525390625 117.83203125 0.72119140625 1.55370921640421 3830
360 0.1 4.787109375 0.0 117.83203125 0.72119140625 1.5536334011898159 3832
370 0 0 0 117.83203125 0.72119140625 1.5544769900167947 3833
374 0 0 0 117.83203125 0.72119140625 1.5544769900167947 3833
