0 1.6 166.04643249511716 277.5123207432444 748.35791015625 8.64892578125 0 0
10 3.1 270.26975963961706 439.1079843308846 1406.8388671875 7.871826171875 166.04643249511716 16
20 7.4 35.233144399282104 47.05294334054305 1406.8388671875 7.3310546875 234.78947805851072 47
30 4.6 68.58739703634511 124.6007219206558 1406.8388671875 7.3310546875 112.74676160575933 121
40 15.5 47.951614478326604 107.50358013888962 1406.8388671875 6.0 100.5831042992141 167
50 11.5 32.89939070991848 46.27316904566585 1406.8388671875 6.0 75.24807037922167 322
60 16 40.66178741455077 81.23285806626582 1406.8388671875 5.634033203125 64.10368099256294 437
70 19.9 37.254438697393205 80.95858578914533 1406.8388671875 5.634033203125 57.821096449042095 597
80 18.6 67.42161904611893 140.39640066465594 1406.8388671875 5.634033203125 52.679432011129876 796
90 17.1 57.34041626690424 115.36569417967993 1406.8388671875 5.634033203125 55.47174034973269 982
100 35.1 49.79950698896009 107.60694889302306 1406.8388671875 5.634033203125 55.74888135739646 1153
110 36.2 43.544541501208556 89.67431268528378 1406.8388671875 5.634033203125 54.36043029135846 1504
120 37.5 40.223454427083304 61.6737388572355 1406.8388671875 5.634033203125 52.262171051254356 1866
130 55.6 109.23117746037552 364.29315025338394 3629.27197265625 5.634033203125 50.24766023730337 2241
140 61.9 58.53443921016763 112.57560403321294 3629.27197265625 5.634033203125 61.972664018507565 2797
150 82.1 70.53051044124919 167.97963501540906 3629.27197265625 5.634033203125 61.34963674790967 3416
160 105.9 60.34552399632612 136.8787556769356 3629.27197265625 5.634033203125 63.12860708121902 4237
170 117.5 92.11557305518627 174.9699806950514 3629.27197265625 5.634033203125 62.572095565565405 5296
180 156.7 227.52502698478378 466.5090218790953 5178.114013671875 5.546142578125 67.93658112425874 6471
190 227.2 213.83526428652476 323.38984220530256 5724.344970703125 5.546142578125 99.04818782535885 8038
200 210.3 566.3161830058613 487.91225076252084 5724.344970703125 5.546142578125 124.3436522016701 10310
210 211.7 1490.833652126942 590.8827718740777 5724.344970703125 5.546142578125 199.22226593575647 12413
220 242.8 2366.968049553712 1197.4411592756878 5785.7490234375 1.083984375 387.4081781564543 14530
230 365.6 2273.537446871367 1762.266728519743 5920.4951171875 1.083984375 670.8361394580547 16958
240 401.3 2066.616281995628 1721.24895738883 5920.4951171875 1.05615234375 955.0835431595716 20614
250 380.1 2220.2141309827025 1780.2217589369725 5920.4951171875 1.05615234375 1136.209172791646 24627
260 338.5 2505.4148727439474 1356.5270843419526 5920.4951171875 1.05615234375 1281.1473621149967 28428
270 355.9 2013.932133433722 598.5340711130895 5920.4951171875 1.05615234375 1411.413150424147 31813
280 432.9 1204.2517199253052 457.49505300317367 5920.4951171875 1.05615234375 1472.0363852011196 35372
290 476.9 692.868496511488 380.35235237494317 5920.4951171875 1.05615234375 1442.837125334139 39701
300 313.4 286.4480417491382 305.91250276264475 5920.4951171875 1.05615234375 1362.4098622161894 44470
310 146.5 24.653911082817807 40.65751252407151 5920.4951171875 1.05615234375 1291.574126871602 47604
320 82.6 18.44916111389607 15.509140687954524 5920.4951171875 1.05615234375 1253.7490618380662 49069
330 45.6 17.922795881304825 15.644141328723045 5920.4951171875 1.05615234375 1233.298962269008 49895
340 28.8 13.756849500868055 13.689382753396105 5920.4951171875 1.05615234375 1222.2920005031483 50351
350 6.9 11.926347373188406 5.825846433666447 5920.4951171875 1.05615234375 1215.4186790811484 50639
360 6.4 13.24782943725586 6.905122624366969 5920.4951171875 1.05615234375 1213.781048512247 50708
370 0.7 27.360595703125 34.360972774560885 5920.4951171875 1.05615234375 1212.2677316048807 50772
374 0.1 10.204833984375 0.0 5920.4951171875 1.05615234375 1212.104389476219 50779
