20 0.3 48.337972005208336 5.115469298378223 55.463134765625 43.69091796875 0 0
30 0 0 0 55.463134765625 43.69091796875 48.337972005208336 3
40 0 0 0 55.463134765625 43.69091796875 48.337972005208336 3
50 0.1 19.780029296875 0.0 55.463134765625 19.780029296875 48.337972005208336 3
60 0.1 45.248046875 0.0 55.463134765625 19.780029296875 41.198486328125 4
70 0 0 0 55.463134765625 19.780029296875 42.0083984375 5
80 0.3 48.065999348958336 44.92707236316599 111.441162109375 12.4599609375 42.0083984375 5
90 0.2 16.799072265625 0.677978515625 111.441162109375 12.4599609375 44.279998779296875 8
100 0 0 0 111.441162109375 12.4599609375 38.7838134765625 10
110 0.6 14.957234700520834 3.9468839491162733 111.441162109375 11.928955078125 38.7838134765625 10
120 0.3 47.069091796875 47.2793480821917 113.9091796875 11.928955078125 29.848846435546875 16
130 0.5 26.21142578125 11.536226581918001 113.9091796875 11.928955078125 32.56783254523026 19
140 0.3 17.959716796875 8.572736484832685 113.9091796875 11.740966796875 31.243581136067707 24
150 0.6 115.170654296875 87.92779497922825 290.72998046875 11.740966796875 29.76759620949074 27
160 1.4 56.646309988839285 58.39093122744538 290.72998046875 11.740966796875 45.295424952651516 33
170 1 56.0873291015625 68.09356060361061 290.72998046875 11.712158203125 48.67653964428192 47
180 1.4 293.1776646205357 542.5543653096298 2014.009033203125 11.712158203125 49.97667814555921 57
190 1.5 165.70310872395834 128.02106741545643 2014.009033203125 11.712158203125 97.93180223921655 71
200 2.4 414.0930582682292 422.9419971702012 2014.009033203125 10.89208984375 109.75237895167152 86
210 3.2 1438.9806137084963 455.75703916739116 2288.3759765625 10.89208984375 176.15398171164773 110
220 1.3 2226.0159630408652 914.2743802624746 3429.260009765625 7.343994140625 460.7346311757263 142
230 3.3 1471.8788914535985 1656.4058606516594 4355.22607421875 1.77197265625 608.7904848160282 155
240 5.4 1490.4457781756366 1624.3598370853877 4355.22607421875 1.266845703125 760.2900455556018 188
250 4.5 2108.3456759982646 1705.6148648178018 4860.347900390625 1.266845703125 923.2173577931302 242
260 4.9 2316.083854830995 1277.0644149178815 4860.347900390625 1.25 1109.0388711005553 287
270 3.6 2004.236863878038 401.3709090597427 4860.347900390625 1.25 1285.0662645612445 336
280 1.5 1303.0209309895833 448.8979454100677 4860.347900390625 1.25 1354.6634193338373 372
290 0.3 342.856689453125 296.243418997959 4860.347900390625 1.25 1352.6617724987887 387
300 0.4 436.225341796875 320.1028158404791 4860.347900390625 1.25 1344.8940410907453 390
310 0.2 25.030029296875 3.9560546875 4860.347900390625 1.25 1335.6689781537516 394
320 0.1 8.7060546875 0.0 4860.347900390625 1.25 1329.0495895231613 396
330 0 0 0 4860.347900390625 1.25 1325.7237871684115 397
340 0 0 0 4860.347900390625 1.25 1325.7237871684115 397
350 0 0 0 4860.347900390625 1.25 1325.7237871684115 397
360 0 0 0 4860.347900390625 1.25 1325.7237871684115 397
370 0 0 0 4860.347900390625 1.25 1325.7237871684115 397
374 0 0 0 4860.347900390625 1.25 1325.7237871684115 397
