20 0.2 48.7550048828125 11.7840576171875 60.5390625 36.970947265625 0 0
30 0.2 63.544921875 7.193115234375 70.738037109375 36.970947265625 48.7550048828125 2
40 0.5 36.27568359375 13.671572382951117 70.738037109375 23.359130859375 56.14996337890625 4
50 0.7 17.567696707589285 5.703360560849725 70.738037109375 12.966064453125 45.10869683159722 9
60 0.2 14.8565673828125 2.2764892578125 70.738037109375 12.580078125 33.05950927734375 16
70 0.5 20.395263671875 9.299313441181186 70.738037109375 12.580078125 31.03696017795139 18
80 0.4 16.09423828125 6.73444618444149 70.738037109375 11.77490234375 28.72354789402174 23
90 0.9 18.42011176215278 7.296479213542454 70.738037109375 11.77490234375 26.8525390625 27
100 0.9 26.465250651041668 15.344590935988814 70.738037109375 11.77490234375 24.744432237413193 36
110 1.5 20.805696614583333 15.17358965493593 70.738037109375 11.375 25.08859592013889 45
120 1.8 18.245374891493057 5.679925208717862 70.738037109375 11.375 24.01787109375 60
130 1.3 35.40647536057692 29.23785885981028 100.549072265625 11.375 22.685756585536858 78
140 2.2 23.782936789772727 17.986761886372744 100.549072265625 10.97216796875 24.503002124828296 91
150 2.4 49.51667277018229 57.12910218909934 235.921142578125 10.97216796875 24.36281241357854 113
160 2.8 34.7197265625 35.41029599767632 235.921142578125 10.80078125 28.769328096487225 137
170 4.2 61.825125558035715 96.9955366101021 453.489013671875 10.80078125 29.77909268465909 165
180 5.2 174.2273653470552 318.342487244252 1779.9130859375 10.0380859375 36.281186311141305 207
190 7 153.09334193638392 165.5854307568799 1779.9130859375 10.0380859375 63.976944264297764 259
200 8.1 555.4447458526236 420.5279786373375 2060.364013671875 10.0380859375 82.93787993920972 329
210 7.4 1430.8466466955238 504.97431629506553 2489.93505859375 10.0380859375 176.28679735137194 410
220 7.6 2249.758027729235 1175.3932109979041 4389.18212890625 1.447998046875 368.0996668791968 484
230 13.4 2165.3817084013526 1672.9368907841974 4660.2021484375 1.447998046875 623.4675872802734 560
240 18 2209.7631062825517 1641.9609537933018 4660.2021484375 1.296142578125 921.1858757964472 694
250 19.7 2111.4170479556637 1716.7136087089139 4660.2021484375 1.296142578125 1186.5679141116634 874
260 19.4 2596.3746111368396 1160.0263836497186 4660.2021484375 1.244873046875 1356.6848883107932 1071
270 14 2007.8028320312492 566.5290642956322 4660.2021484375 1.244873046875 1546.8033122066454 1265
280 6 1249.1681437174484 362.54189598073407 4660.2021484375 1.244873046875 1592.739207420485 1405
290 2.8 775.5276925223214 417.5959297333067 4660.2021484375 1.244873046875 1578.668037575992 1465
300 1 112.5389404296875 109.51885896416464 4660.2021484375 1.244873046875 1563.605793998294 1493
310 0.3 32.034016927083336 6.530090077945494 4660.2021484375 1.244873046875 1553.9513239146706 1503
320 0 0 0 4660.2021484375 1.244873046875 1550.9196161318268 1506
330 0 0 0 4660.2021484375 1.244873046875 1550.9196161318268 1506
340 0 0 0 4660.2021484375 1.244873046875 1550.9196161318268 1506
350 0 0 0 4660.2021484375 1.244873046875 1550.9196161318268 1506
360 0 0 0 4660.2021484375 1.244873046875 1550.9196161318268 1506
370 0 0 0 4660.2021484375 1.244873046875 1550.9196161318268 1506
374 0 0 0 4660.2021484375 1.244873046875 1550.9196161318268 1506
