20 0.8 16.144866943359375 3.706635137318342 22.614990234375 13.05810546875 0 0
30 0 0 0 22.614990234375 13.05810546875 16.144866943359375 8
40 1.6 16.551528930664063 4.030291845862172 25.47509765625 11.052978515625 16.144866943359375 8
50 0.8 16.7659912109375 0.3094281131736022 25.47509765625 11.052978515625 16.415974934895832 24
60 1.6 16.203048706054688 4.575677137311297 25.819091796875 10.136962890625 16.50347900390625 32
70 2.4 15.281422932942709 3.9940881761305858 25.819091796875 10.136962890625 16.403335571289063 48
80 0.8 14.036590576171875 2.7437056266239477 25.819091796875 10.136962890625 16.02936469184028 72
90 0 0 0 25.819091796875 10.136962890625 15.830087280273437 80
100 3.2 19.554885864257813 13.343355684244079 90.162841796875 10.136962890625 15.830087280273437 80
110 2.4 17.11614990234375 8.339709053544992 90.162841796875 10.136962890625 16.894315447126115 112
120 2 21.241748046875 8.476820408496886 90.162841796875 10.136962890625 16.933462703929226 136
130 3.6 29.87841118706597 17.89413565335885 90.162841796875 10.136962890625 17.485806978665867 156
140 3.5 29.36019810267857 22.59811563184029 116.052978515625 10.136962890625 19.809420267740887 192
150 6.1 38.10447617827868 42.37480350214059 286.16015625 10.136962890625 21.282007158590307 227
160 8.8 21.357338645241477 13.367724945649435 286.16015625 10.136962890625 24.84509955512153 288
170 5.9 76.66049142611227 89.18080373083883 503.660888671875 10.136962890625 24.02881508685173 376
180 10.3 84.03303009329494 198.43885747715598 1692.66015625 10.136962890625 31.16736429148707 435
190 17.3 109.24643667584903 97.49360828594824 1692.66015625 10.136962890625 41.28848618291125 538
200 8.8 327.37384033203114 314.12795598089144 1692.66015625 10.136962890625 57.82396499483564 711
210 5.9 1254.6993801310912 546.4022518370047 2356.807861328125 10.136962890625 87.5115607766544 799
220 5.4 2155.004489474827 1342.6928078868084 4870.11181640625 1.159912109375 167.77272784181963 858
230 10 1479.5971557617188 1662.2583994264 4870.11181640625 1.159912109375 285.4377663595635 912
240 14.5 1614.777337015087 1689.4304584558322 4870.11181640625 1.113037109375 403.4377060238081 1012
250 20.4 1391.095456590839 1700.220017934185 4870.11181640625 1.113037109375 555.2477721376677 1157
260 22 2020.49560324929 1475.5920118369886 4870.11181640625 1.113037109375 680.5328034590834 1361
270 31.1 1868.7555767684898 603.1008529932013 4870.11181640625 1.113037109375 866.9918900839066 1581
280 68.7 1131.8341485569047 427.72210353287437 4870.11181640625 1.113037109375 1031.6581197662033 1892
290 96.8 682.7936734286217 355.8702046245466 4870.11181640625 1.113037109375 1058.343242596452 2579
300 61 343.6106853547645 303.57953660617443 4870.11181640625 1.113037109375 955.8532558599254 3547
310 17.9 28.98757610640714 50.88158499325511 4870.11181640625 1.113037109375 866.0125130145685 4157
320 8.8 15.457830255681818 11.645306191214475 4870.11181640625 1.113037109375 831.4582086541993 4336
330 5.6 15.578730991908483 8.163308240448533 4870.11181640625 1.113037109375 815.2267363894911 4424
340 5.6 11.644701276506696 7.137791477731535 4870.11181640625 1.113037109375 805.2311363220213 4480
350 0.8 5.583953857421875 0.26248022406596677 4870.11181640625 1.113037109375 795.4337729263976 4536
360 1.6 10.461929321289063 3.9065328757560946 4870.11181640625 1.113037109375 794.0431922590227 4544
370 0 0 0 4870.11181640625 1.113037109375 791.2937843188903 4560
374 0 0 0 4870.11181640625 1.113037109375 791.2937843188903 4560
