20 0.1 18.471923828125 0 18.471923828125 18.471923828125 0 0
30 0 0 0 18.471923828125 18.471923828125 18.471923828125 1
40 0.2 18.3741455078125 2.0469970703125 20.421142578125 16.3271484375 18.471923828125 1
50 0.1 20.962890625 0.0 20.962890625 16.3271484375 18.40673828125 3
60 0.2 369.43701171875 353.639892578125 723.076904296875 15.797119140625 19.0457763671875 4
70 0.3 16.005696614583332 1.0500716626472575 723.076904296875 14.533935546875 135.84285481770834 6
80 0.1 911.637939453125 0.0 911.637939453125 14.533935546875 95.89713541666667 9
90 0 0 0 911.637939453125 14.533935546875 177.4712158203125 10
100 0.4 18.7425537109375 4.94708743943545 911.637939453125 13.81298828125 177.4712158203125 10
110 0.3 15.868001302083334 1.1247086383142377 911.637939453125 13.81298828125 132.12016950334822 14
120 0.3 24.307291666666668 2.6159967728226134 911.637939453125 13.81298828125 111.60508099724265 17
130 0.4 20.770263671875 4.817007161915162 911.637939453125 13.81298828125 98.51041259765626 20
140 0.5 28.3580078125 12.144849300643122 911.637939453125 13.81298828125 85.55372111002605 24
150 0.7 52.8134765625 28.911213417906335 911.637939453125 13.81298828125 75.69239123114224 29
160 1.1 31.769819779829547 26.477218068022164 911.637939453125 13.81298828125 71.24371337890625 36
170 0.8 44.286102294921875 25.462879463983242 911.637939453125 13.81298828125 62.005142536569146 47
180 1.4 196.97333635602678 495.98967961152005 1976.024169921875 12.829833984375 59.42782759232954 55
190 2.3 271.1132494055707 215.70832079222694 1976.024169921875 12.829833984375 87.33561197916667 69
200 2.3 548.6543181046195 360.1595582421208 1976.024169921875 12.829833984375 133.28002133576766 92
210 2.3 1531.0109544836957 520.267018125248 2335.3681640625 12.829833984375 216.35488068953805 115
220 1.6 2220.422622680664 1170.6905651881236 3573.289794921875 1.587890625 435.4642263218976 138
230 2.7 2177.493598090277 1859.8836808651365 4552.528076171875 1.462158203125 620.914449320211 154
240 3.1 2167.579574092741 1623.3399053609378 4552.528076171875 1.462158203125 853.1113389157457 181
250 6 2177.043090820313 1698.9268731794148 4657.110107421875 1.461181640625 1045.321316701061 212
260 5 2678.5479443359377 1125.674102837685 4657.110107421875 1.461181640625 1294.9658256979549 272
270 7.4 1940.1558408994936 501.1866021038248 4657.110107421875 1.461181640625 1509.8077695858406 322
280 5.3 1129.2985931972291 439.0081019321242 4657.110107421875 1.461181640625 1590.2263485686951 396
290 4.8 809.7162017822266 396.9214097569561 4657.110107421875 1.461181640625 1535.818395262041 449
300 2.6 260.3354961688702 281.6178069550378 4657.110107421875 1.461181640625 1465.6918252680146 497
310 1.9 18.711721319901315 16.222539674764633 4657.110107421875 1.461181640625 1405.7697133051508 523
320 1.1 19.620649857954547 20.121336011560246 4657.110107421875 1.461181640625 1357.1459091580664 542
330 0.7 22.850864955357142 11.885725775064854 4657.110107421875 1.461181640625 1330.5405242533625 553
340 0.7 13.903250558035714 6.231980152637333 4657.110107421875 1.461181640625 1314.1944035121376 560
350 0.1 9.029052734375 0.0 4657.110107421875 1.461181640625 1298.1414263151732 567
360 0.2 21.6024169921875 6.4954833984375 4657.110107421875 1.461181640625 1295.871862277179 568
370 0 0 0 4657.110107421875 1.461181640625 1291.4007414165299 570
374 0 0 0 4657.110107421875 1.461181640625 1291.4007414165299 570
