10 0.2 188.2813720703125 0.9005126953125 189.181884765625 187.380859375 0 0
20 0.1 162.802001953125 0.0 189.181884765625 162.802001953125 188.2813720703125 2
30 0.3 230.36336263020834 90.20755247610666 357.926025390625 162.802001953125 179.78824869791666 3
40 0.6 161.41988118489584 3.8255596892510995 357.926025390625 153.22998046875 205.0758056640625 6
50 0.4 160.4910888671875 2.532188115120445 357.926025390625 153.22998046875 183.24784342447916 12
60 0.4 193.66156005859375 50.97911644230756 357.926025390625 153.22998046875 177.55865478515625 16
70 0.6 172.272705078125 20.944771806282496 357.926025390625 153.22998046875 180.77923583984375 20
80 0.7 248.56588309151786 138.24638832434422 522.988037109375 153.22998046875 178.8161902794471 26
90 0.7 164.37632533482142 11.002697486059427 522.988037109375 152.839111328125 193.61157966382575 33
100 1.5 210.529443359375 86.72149076580229 522.988037109375 152.839111328125 188.49541015625 40
110 1.6 248.90457153320313 266.9111277379824 1277.251953125 152.839111328125 194.50469193892044 55
120 1.1 198.07643821022728 50.78982345601139 1277.251953125 152.839111328125 206.76381973481514 71
130 1.7 338.18946748621323 270.42107443283055 1277.251953125 152.839111328125 205.5984392863948 82
140 2.7 226.88381618923611 92.91207206739855 1277.251953125 151.111083984375 228.3665956439394 99
150 2.4 318.7426249186198 185.87837967368614 1277.251953125 151.111083984375 228.04885718936012 126
160 3 310.2676676432292 221.65468101288104 1277.251953125 151.111083984375 242.55986002604166 150
170 4.6 370.996534264606 223.99008613389785 1277.251953125 151.111083984375 253.84449462890626 180
180 6.7 771.7543143656716 539.6367695102481 2516.2119140625 151.111083984375 277.6896000414823 226
190 8.2 832.2620254144435 341.09227085560167 2516.2119140625 151.111083984375 390.6668555354096 293
200 9.3 1289.8176873319892 499.60429790583896 2646.713134765625 151.111083984375 487.2289993489583 375
210 10.5 2180.7274111793176 492.68509384414625 3153.498046875 151.111083984375 646.717777089176 468
220 10.8 3131.5350206163193 1402.4348471092173 5786.058837890625 1.80908203125 927.8190189381548 573
230 17.5 2669.4148856026777 2121.1135986403024 5786.058837890625 1.39599609375 1277.3070192042956 681
240 20.8 2502.444286639871 1954.682981127007 5786.058837890625 1.39599609375 1561.9085105824693 856
250 20.9 2968.386377654009 1924.3061733431457 5786.058837890625 1.39599609375 1745.7726472553447 1064
260 12.1 3192.742326720687 1574.0472380989909 5786.058837890625 1.39599609375 1946.5002746342298 1273
270 7 2833.6632010323656 712.8250610314772 5786.058837890625 1.39599609375 2054.6747999588074 1394
280 3 2019.1770182291666 513.1773356441364 5786.058837890625 1.39599609375 2091.921513124893 1464
290 0.6 1512.9944661458333 636.3981497639664 5786.058837890625 1.39599609375 2090.4607802956616 1494
300 0.5 875.52587890625 435.3781920161055 5786.058837890625 1.39599609375 2088.150915039062 1500
310 0.1 23.64892578125 0.0 5786.058837890625 1.39599609375 2084.1222604339696 1505
320 0 0 0 5786.058837890625 1.39599609375 2082.754084248941 1506
330 0 0 0 5786.058837890625 1.39599609375 2082.754084248941 1506
340 0 0 0 5786.058837890625 1.39599609375 2082.754084248941 1506
350 0 0 0 5786.058837890625 1.39599609375 2082.754084248941 1506
360 0 0 0 5786.058837890625 1.39599609375 2082.754084248941 1506
370 0 0 0 5786.058837890625 1.39599609375 2082.754084248941 1506
374 0 0 0 5786.058837890625 1.39599609375 2082.754084248941 1506
