30 0.4 20281.934631347656 7465.354809090922 32745.47509765625 14158.254150390625 0 0
40 0.3 26829.467366536457 8897.976246812623 35005.0390625 14158.254150390625 20281.934631347656 4
50 0.8 33204.12924194336 8938.653660435522 48773.718994140625 14158.254150390625 23088.020089285714 7
60 1.3 46800.656550480766 11471.62146849796 64362.322021484375 14158.254150390625 28483.27830403646 15
70 1.2 36191.87487792969 16446.924057826018 68078.98999023438 7140.537109375 36987.77534702846 28
80 1.3 41074.03277118389 17073.54534297686 80420.40087890625 7140.537109375 36749.005206298825 40
90 1.8 42378.29371473524 14332.812780140166 80420.40087890625 7140.537109375 37809.86102410083 53
100 2.3 44224.639054008156 21160.41915718462 103716.2958984375 7140.537109375 38968.05522736026 71
110 1.4 37310.525826590405 16194.143676003236 103716.2958984375 7140.537109375 40254.24063175283 94
120 3.2 41771.38269042969 20880.56229002457 118151.36791992188 7140.537109375 39872.64797182437 108
130 3.2 39992.31150054932 21047.015685649858 118151.36791992188 7140.537109375 40306.644478934155 140
140 2.6 44024.66418457031 15550.765012463093 118151.36791992188 7140.537109375 40248.16392481604 172
150 3.6 39660.40856255425 17500.38498127578 118151.36791992188 7140.537109375 40744.06799932923 198
160 4.6 43913.04712444802 15487.411412711512 118151.36791992188 7140.537109375 40577.35116290231 234
170 4.2 43748.115437825516 16198.46370772244 118151.36791992188 7140.537109375 41125.358356584824 280
180 4.3 49485.691014489465 15626.983426862276 118151.36791992188 7140.537109375 41467.45710631187 322
190 4.6 49859.05351456352 13529.38165704701 118151.36791992188 7140.537109375 42412.070963987586 365
200 7.4 52644.514295423345 15469.647551938275 118151.36791992188 7140.537109375 43245.553195925524 411
210 12.2 53473.68820840805 16919.17373137115 118151.36791992188 7140.537109375 44679.6214873953 485
220 17.1 53169.715025070815 18425.589217291097 118151.36791992188 7140.537109375 46447.127484040364 607
230 24.7 52677.31377407801 21427.987394694428 118151.36791992188 7140.537109375 47924.71420578356 778
240 31.8 48827.932207215505 19694.337009467243 125581.66796875 7140.537109375 49069.97478467988 1025
250 39 49987.332173978364 17397.761110797597 125581.66796875 7140.537109375 49012.663139383025 1343
260 42.1 52008.30511489107 15334.883651551694 125581.66796875 7140.537109375 49232.00585345815 1733
270 37.1 56717.451312700054 15888.047698018125 125581.66796875 7140.537109375 49774.63444633803 2154
280 40.2 64314.296275580105 14266.214225730928 125581.66796875 7140.537109375 50794.74734036588 2525
290 43.8 69244.95008884932 12583.615841735113 134225.98095703125 7140.537109375 52651.54907318313 2927
300 14.1 76022.4543508976 12055.549690169688 134225.98095703125 7140.537109375 54811.403351002395 3365
310 8.5 88412.30844152112 15557.259598194893 156066.66381835938 7140.537109375 55664.44333702214 3506
320 3.2 95181.50425720215 12585.824771094703 156066.66381835938 7140.537109375 56439.59469705623 3591
330 1.6 109369.20997619629 18486.228365407806 157161.47802734375 7140.537109375 56781.78103598106 3623
340 0.4 120031.14727783203 15231.035556429295 157161.47802734375 7140.537109375 57012.99809095315 3639
350 0 0 0 157161.47802734375 7140.537109375 57082.19177658245 3643
360 0 0 0 157161.47802734375 7140.537109375 57082.19177658245 3643
370 0 0 0 157161.47802734375 7140.537109375 57082.19177658245 3643
380 0.1 167418.64013671875 0.0 167418.64013671875 7140.537109375 57082.19177658245 3643
382 0 0 0 167418.64013671875 7140.537109375 57112.47071411267 3644
