0 3.44453125 3.44453125
10 31.690625 35.13515625
20 36.70390625 71.8390625
30 122.765625 194.6046875
40 195.42109375 390.02578125
50 274.62265625 664.6484375
60 351.67109375 1016.31953125
70 291.9796875 1308.29921875
80 303.0484375 1611.34765625
90 495.91875 2107.26640625
100 587.8265625 2695.09296875
110 502.25 3197.34296875
120 735.13828125 3932.48125
130 883.41484375 4815.89609375
140 826.77109375 5642.6671875
150 1176.34296875 6819.01015625
160 1455.25234375 8274.2625
170 1589.03671875 9863.29921875
180 1718.46875 11581.76796875
190 1669.5796875 13251.34765625
200 2568.5859375 15819.93359375
210 3526.1203125 19346.05390625
220 4343.50859375 23689.5625
230 5312.121875 29001.684375
240 5293.6375 34295.321875
250 5165.52109375 39460.84296875
260 4350.54453125 43811.3875
270 3332.440625 47143.828125
280 3108.61328125 50252.44140625
290 2866.4734375 53118.91484375
300 754.60390625 53873.51875
310 653.67265625 54527.19140625
320 268.48984375 54795.68125
330 99.3234375 54895.0046875
340 43.4953125 54938.5
350 0 54938.5
360 0 54938.5
370 0 54938.5
380 21.91796875 54960.41796875
382 0 54960.41796875
