0 38.94453125 38.94453125
10 91.87578125 130.8203125
20 121.37265625 252.19296875
30 350.88359375 603.0765625
40 475.35859375 1078.43515625
50 509.621875 1588.05703125
60 689.14140625 2277.1984375
70 607.06953125 2884.26796875
80 558.825 3443.09296875
90 1052.61796875 4495.7109375
100 1248.75390625 5744.46484375
110 984.26328125 6728.728125
120 1552.0625 8280.790625
130 1946.62109375 10227.41171875
140 1573.86171875 11801.2734375
150 2299.24765625 14100.52109375
160 2730.26953125 16830.790625
170 2783.6359375 19614.4265625
180 2737.38515625 22351.81171875
190 2716.6546875 25068.46640625
200 3035.565625 28104.03203125
210 3724.90625 31828.93828125
220 4473.78828125 36302.7265625
230 4857.15703125 41159.88359375
240 4481.9875 45641.87109375
250 4367.18828125 50009.059375
260 3964.32890625 53973.38828125
270 3858.2171875 57831.60546875
280 3780.2828125 61611.88828125
290 3668.96171875 65280.85
300 1206.95703125 66487.80703125
310 1135.72265625 67623.5296875
320 392.04453125 68015.57421875
330 181.4734375 68197.04765625
340 59.51171875 68256.559375
350 0 68256.559375
360 0 68256.559375
370 0 68256.559375
380 67.8875 68324.446875
382 0 68324.446875
