0 0.3 106.15657552083333 4.267126400587475 112.14697265625 102.52978515625 0 0
10 0.3 103.99739583333333 14.461108651783618 124.22607421875 91.278076171875 106.15657552083333 3
20 0.4 104.071533203125 7.2504113939735 124.22607421875 91.278076171875 105.07698567708333 6
30 0.7 146.50498744419642 73.04512633033556 314.9140625 91.278076171875 104.6748046875 10
40 1.4 125.55690220424107 69.3771372965092 369.5419921875 89.56591796875 121.89899758731617 17
50 0.8 263.7460632324219 317.5469639681729 1048.779052734375 88.01416015625 123.5509545110887 31
60 1 115.7227783203125 16.75088947064231 1048.779052734375 88.01416015625 152.30892553084936 39
70 0.7 159.78934151785714 97.9274641160259 1048.779052734375 88.01416015625 144.84236487563774 49
80 1.2 122.98288981119792 30.360134256040112 1048.779052734375 86.283203125 146.71073695591517 56
90 1.8 165.46504720052084 157.28789558269466 1048.779052734375 86.283203125 142.5234698127298 68
100 2.1 753.1380673363095 1330.8198484275424 4362.80712890625 86.283203125 147.3251953125 86
110 1.8 182.09080674913196 112.4576323476201 4362.80712890625 86.283203125 266.2230487003505 107
120 2.5 236.365751953125 161.89896286540798 4362.80712890625 86.283203125 254.10800585937503 125
130 3.1 173.8514364919355 86.31431923522115 4362.80712890625 86.283203125 251.15096354166667 150
140 4.1 273.5048649485518 208.09283130434525 4362.80712890625 86.283203125 237.91181802486187 181
150 6.4 700.5118370056152 638.4363022370934 5131.5439453125 86.283203125 244.48530867293076 222
160 7.5 981.8979817708337 374.351357391315 5131.5439453125 86.283203125 346.533203125 286
170 5.7 1082.453733209978 450.88478414860174 5131.5439453125 86.283203125 478.53419591845574 361
180 8.6 2162.01222690316 822.3536517993883 5131.5439453125 4.161865234375 560.8868600945724 418
190 13.3 3105.2475347303807 1878.3722126032335 5391.468017578125 1.488037109375 834.0947599865138 504
200 15.7 2068.094961372911 1976.3999878778259 5391.468017578125 1.39306640625 1308.2914931747937 637
210 26.2 1359.7441965350663 1857.876831250427 5412.22900390625 1.367919921875 1458.5297104381493 794
220 30.3 1175.773302134901 1667.5422312765588 5412.22900390625 1.323974609375 1434.0204257387104 1056
230 29.5 970.4025349245237 1426.4925278048042 5412.22900390625 1.283935546875 1376.4421487321215 1359
240 15.2 1444.5653268914461 1460.0157857547078 5412.22900390625 1.283935546875 1304.022749655192 1654
250 0.4 2039.1917724609375 1254.41495748352 5412.22900390625 1.283935546875 1315.851360806859 1806
260 0 0 0 5412.22900390625 1.283935546875 1317.4499031530559 1810
270 0 0 0 5412.22900390625 1.283935546875 1317.4499031530559 1810
280 0 0 0 5412.22900390625 1.283935546875 1317.4499031530559 1810
290 0 0 0 5412.22900390625 1.283935546875 1317.4499031530559 1810
300 0 0 0 5412.22900390625 1.283935546875 1317.4499031530559 1810
310 0 0 0 5412.22900390625 1.283935546875 1317.4499031530559 1810
320 0 0 0 5412.22900390625 1.283935546875 1317.4499031530559 1810
330 0 0 0 5412.22900390625 1.283935546875 1317.4499031530559 1810
340 0 0 0 5412.22900390625 1.283935546875 1317.4499031530559 1810
350 0 0 0 5412.22900390625 1.283935546875 1317.4499031530559 1810
360 0 0 0 5412.22900390625 1.283935546875 1317.4499031530559 1810
370 0 0 0 5412.22900390625 1.283935546875 1317.4499031530559 1810
380 0 0 0 5412.22900390625 1.283935546875 1317.4499031530559 1810
382 0 0 0 5412.22900390625 1.283935546875 1317.4499031530559 1810
