30 1.2 32.333719889322914 24.140776979706327 83.280029296875 12.64501953125 0 0
40 1.2 30.88616943359375 23.099641726982863 88.655029296875 9.76318359375 32.333719889322914 12
50 2 23.76416015625 21.780500284561604 95.10498046875 9.60888671875 31.609944661458332 24
60 2 16.438378906249994 7.593881508351735 95.10498046875 9.60888671875 28.043678977272727 44
70 0.8 19.37152099609375 6.586493617694092 95.10498046875 9.60888671875 24.417022705078125 64
80 0.8 21.5965576171875 12.326049775069054 95.10498046875 9.60888671875 23.85641140407986 72
90 4.9 27.837536870216837 32.46230147267113 181.034912109375 9.60888671875 23.630426025390626 80
100 5.5 37.561803089488635 63.06281130871231 408.2900390625 9.60888671875 25.228475881177324 129
110 1.6 16.30938720703125 8.038140422231791 408.2900390625 9.60888671875 28.915068253226902 184
120 5.6 30.829781668526785 35.6482186755965 408.2900390625 9.580078125 27.90661376953125 200
130 6.6 18.794614849668555 11.018823475787762 408.2900390625 9.580078125 28.546056747436523 256
140 2.2 35.47869318181819 23.570014289546517 408.2900390625 9.580078125 26.54731399820458 322
150 6.3 175.35479058159726 183.46377433111786 877.99609375 9.580078125 27.118506852970565 344
160 7.9 341.8732817444619 255.60340521297994 902.654052734375 9.580078125 50.06417239327396 407
170 7.5 596.0978483072917 378.6416218618025 1725.8310546875 9.580078125 97.49816341949585 486
180 3.7 1384.1691960515202 682.3769428739652 2848.39697265625 9.580078125 164.15587530289102 561
190 4.4 1765.1629860617898 1866.625673830621 4494.4169921875 1.421875 239.64164932914403 598
200 9.8 1213.989795918368 1604.6744784098373 4494.4169921875 1.31494140625 344.1945135288892 642
210 21 724.071441359747 1350.7377804285986 4494.4169921875 1.31494140625 459.38361849398234 740
220 35.5 770.8788024042697 1272.6355601797861 4494.4169921875 1.31494140625 517.8935582853619 950
230 49.2 500.982140021595 953.474373278132 4494.4169921875 1.2919921875 586.7132990226894 1305
240 48 637.381771850586 993.0876326112625 4494.4169921875 1.2919921875 563.2409950557787 1797
250 51.8 666.030970039515 693.4637927449114 4494.4169921875 1.275146484375 578.8701443142361 2277
260 56.1 856.1911303406305 638.1552482728277 4494.4169921875 1.26904296875 595.0237427849676 2795
270 49.2 1102.6259681267468 246.7200615478755 4494.4169921875 1.26904296875 638.6813424329791 3356
280 66.8 913.163394037121 230.22778876197248 4494.4169921875 1.26904296875 698.000665676569 3848
290 86.8 339.9821076986428 210.0422501920952 4494.4169921875 1.26904296875 729.8272162843743 4516
300 8.8 14.869836980646307 14.483870857282149 4494.4169921875 1.26904296875 666.9770018987103 5384
310 15.2 10.521678723787007 6.128052392041931 4494.4169921875 1.26904296875 656.4898983693263 5472
320 6.4 8.095840454101566 4.82593469312406 4494.4169921875 1.26904296875 639.0312978383658 5624
330 2.4 8.497100830078123 4.6460903692377515 4494.4169921875 1.26904296875 631.9321647032406 5688
340 1.6 7.1693115234375 2.4720937667641834 4494.4169921875 1.26904296875 629.31268964495 5712
350 0 0 0 4494.4169921875 1.26904296875 627.5748589798061 5728
360 0 0 0 4494.4169921875 1.26904296875 627.5748589798061 5728
370 0 0 0 4494.4169921875 1.26904296875 627.5748589798061 5728
380 0.8 14.7371826171875 3.52203980443596 4494.4169921875 1.26904296875 627.5748589798061 5728
382 0 0 0 4494.4169921875 1.26904296875 626.7201341871107 5736
