0 1.5 15
10 2.4 39
20 4.5 84
30 6.6 150
40 13.3 283
50 11.5 398
60 15.4 552
70 17.1 723
80 19.1 914
90 21.4 1128
100 21.6 1344
110 28.7 1631
120 31.1 1942
130 24.8 2190
140 27 2460
150 29.5 2755
160 30.6 3061
170 29.7 3358
180 22.5 3583
190 28.2 3865
200 21 4075
210 25.1 4326
220 27.8 4604
230 24.3 4847
240 25.9 5106
250 28.7 5393
260 30.9 5702
270 24.7 5949
280 25.6 6205
290 26.1 6466
300 25.5 6721
310 20.5 6926
320 24.5 7171
330 25.9 7430
340 34.1 7771
350 25.5 8026
360 21.5 8241
370 22.1 8462
380 22.5 8687
390 27 8957
400 33.4 9291
410 28.6 9577
420 19.3 9770
430 12.7 9897
440 6.9 9966
450 3.2 9998
460 1.1 10009
470 2 10029
480 0.1 10030
490 0.3 10033
493 0 10033
