10 0.6 6
20 0.6 12
30 1.6 28
40 1.3 41
50 1.4 55
60 1.2 67
70 1.7 84
80 1.7 101
90 1.3 114
100 3.2 146
110 3 176
120 2.4 200
130 3.2 232
140 3.2 264
150 3.3 297
160 4.8 345
170 7.8 423
180 10.2 525
190 11 635
200 10.9 744
210 12.2 866
220 14.4 1010
230 11 1120
240 9.8 1218
250 12 1338
260 11.5 1453
270 14.1 1594
280 14 1734
290 13.7 1871
300 14.6 2017
310 19.6 2213
320 23.2 2445
330 20.8 2653
340 14.8 2801
350 13.5 2936
360 13.2 3068
370 15.5 3223
380 15.9 3382
390 23.3 3615
400 21.9 3834
410 15 3984
420 0.5 3989
430 6.9 4058
440 0 4058
450 0 4058
460 0 4058
470 0 4058
480 0 4058
490 0 4058
493 0 4058
