0 0 0
10 0 0
20 0.1 1
30 0.6 7
40 1 17
50 0.4 21
60 1 31
70 1.1 42
80 1.4 56
90 1.5 71
100 1.1 82
110 1.9 101
120 2.6 127
130 1 137
140 2.1 158
150 4.1 199
160 5.8 257
170 6 317
180 9.8 415
190 11.3 528
200 13.2 660
210 15.5 815
220 14.9 964
230 14 1104
240 17.7 1281
250 16.4 1445
260 17.1 1616
270 17.7 1793
280 19.1 1984
290 20.5 2189
300 21.8 2407
310 21.8 2625
320 16.1 2786
330 11.5 2901
340 12.2 3023
350 12.7 3150
360 10.9 3259
370 10 3359
380 7.4 3433
390 6.2 3495
400 7.3 3568
410 7.5 3643
420 4 3683
430 3.5 3718
440 2.2 3740
450 0.7 3747
460 0.5 3752
470 0.1 3753
480 0.1 3754
490 0.1 3755
493 0 3755
