0 0.1 0.0 0 0.0 0.0 0 0
10 0.1 0.0 0.0 0.0 0.0 0.0 1
20 0.1 0.0 0.0 0.0 0.0 0.0 2
30 0.1 0.0 0.0 0.0 0.0 0.0 3
40 0.1 0.0 0.0 0.0 0.0 0.0 4
50 0.1 0.0 0.0 0.0 0.0 0.0 5
60 0.1 0.0 0.0 0.0 0.0 0.0 6
70 0.1 0.0 0.0 0.0 0.0 0.0 7
80 0.1 0.0 0.0 0.0 0.0 0.0 8
90 0.1 0.0 0.0 0.0 0.0 0.0 9
100 0.1 0.0 0.0 0.0 0.0 0.0 10
110 0.1 0.0 0.0 0.0 0.0 0.0 11
120 0.1 0.0 0.0 0.0 0.0 0.0 12
130 0.1 0.0 0.0 0.0 0.0 0.0 13
140 0.1 0.0 0.0 0.0 0.0 0.0 14
150 0.1 0.078125 0.0 0.078125 0.0 0.0 15
160 0.1 0.0703125 0.0 0.078125 0.0 0.0048828125 16
170 0.1 0.05859375 0.0 0.078125 0.0 0.008731617647058824 17
180 0.1 0.05078125 0.0 0.078125 0.0 0.011501736111111112 18
190 0.1 0.12109375 0.0 0.12109375 0.0 0.013569078947368422 19
200 0.1 0.1796875 0.0 0.1796875 0.0 0.0189453125 20
210 0.1 0.1484375 0.0 0.1796875 0.0 0.02659970238095238 21
220 0.1 0.2109375 0.0 0.2109375 0.0 0.03213778409090909 22
230 0.1 0.171875 0.0 0.2109375 0.0 0.039911684782608696 23
240 0.1 0.1484375 0.0 0.2109375 0.0 0.04541015625 24
250 0.1 0.19921875 0.0 0.2109375 0.0 0.04953125 25
260 0.1 0.171875 0.0 0.2109375 0.0 0.055288461538461536 26
270 0.1 0.23046875 0.0 0.23046875 0.0 0.05960648148148148 27
280 0.1 0.19140625 0.0 0.23046875 0.0 0.06570870535714286 28
290 0.1 0.23828125 0.0 0.23828125 0.0 0.07004310344827586 29
300 0.1 0.19921875 0.0 0.23828125 0.0 0.07565104166666667 30
310 0.1 0.25 0.0 0.25 0.0 0.07963709677419355 31
320 0.1 0.2109375 0.0 0.25 0.0 0.0849609375 32
330 0.1 0.26171875 0.0 0.26171875 0.0 0.08877840909090909 33
340 0.1 0.21875 0.0 0.26171875 0.0 0.09386488970588236 34
350 0.1 0.1796875 0.0 0.26171875 0.0 0.09743303571428572 35
360 0.1 0.16015625 0.0 0.26171875 0.0 0.09971788194444445 36
370 0.1 0.12890625 0.0 0.26171875 0.0 0.10135135135135136 37
380 0.1 0.109375 0.0 0.26171875 0.0 0.1020764802631579 38
390 0.1 0.08984375 0.0 0.26171875 0.0 0.10226362179487179 39
400 0.1 0.078125 0.0 0.26171875 0.0 0.101953125 40
410 0.1 0.0703125 0.0 0.26171875 0.0 0.1013719512195122 41
420 0.1 0.05859375 0.0 0.26171875 0.0 0.10063244047619048 42
430 0.1 0.05078125 0.0 0.26171875 0.0 0.09965479651162791 43
440 0.1 0.0390625 0.0 0.26171875 0.0 0.09854403409090909 44
450 0.1 0.0390625 0.0 0.26171875 0.0 0.09722222222222222 45
460 0.1 0.03125 0.0 0.26171875 0.0 0.09595788043478261 46
470 0.1 0.03125 0.0 0.26171875 0.0 0.0945811170212766 47
480 0.1 0.01953125 0.0 0.26171875 0.0 0.09326171875 48
490 0.1 0.01953125 0.0 0.26171875 0.0 0.09175701530612244 49
