0 1.5 15.867301432291667 26.12787191507214 112.8818359375 6.952880859375 0 0
10 2.4 291.86475626627606 549.8104868490486 2415.403076171875 6.952880859375 15.867301432291667 15
20 4.5 37.724707031250006 61.94321627196582 2415.403076171875 5.559814453125 185.71188902243588 39
30 6.4 249.17370605468744 473.5854253492115 2638.7490234375 5.559814453125 106.43304152715774 84
40 13.1 59.82892265028626 116.98678386036646 2638.7490234375 5.559814453125 168.15873429581924 148
50 11.3 80.25283894496683 144.09418860500193 2638.7490234375 5.559814453125 117.29419907874103 279
60 15 46.92735839843749 80.95795243211415 2638.7490234375 5.559814453125 106.61646006058673 392
70 16.5 95.90854196259468 207.34147721205215 2638.7490234375 5.559814453125 90.09733598434617 542
80 18.6 107.7583821614583 198.6945992319606 2638.7490234375 5.559814453125 91.45355803018919 707
90 21.1 49.670228497111985 82.94030093370179 2638.7490234375 5.559814453125 94.84963562080067 893
100 21.1 442.3870658693722 561.5589329133192 2664.092041015625 5.559814453125 86.2148032810377 1104
110 28.1 915.7779762566726 600.0950203099031 3231.621826171875 5.559814453125 143.3648773541469 1315
120 30.1 1003.7071658923378 546.4859790403106 3231.621826171875 5.559814453125 279.3599154441279 1596
130 24.8 2182.9715054419744 1129.6169776335746 5727.682861328125 1.2060546875 394.29324300602104 1897
140 38.7 2612.9789200026235 2123.070944556261 7910.39794921875 0.637939453125 601.0961376839308 2145
150 65.5 1649.7492716781965 1949.9236753420907 7910.39794921875 0.572998046875 908.5995487255319 2532
160 92.4 1168.9091603993313 1606.286399308011 7910.39794921875 0.554931640625 1060.9224444061078 3187
170 105.9 1030.2658631466145 1469.7664787152085 7910.39794921875 0.554931640625 1085.1938444493428 4111
180 154.9 710.2768551535271 1360.7248552214573 7910.39794921875 0.554931640625 1073.9426389948767 5170
190 184.8 661.2925777022451 1126.391494366348 7910.39794921875 0.48486328125 990.1030350106156 6719
200 182.8 1074.5282113306937 1648.450742836097 7910.39794921875 0.48486328125 919.1748541881727 8567
210 196.6 1382.6618996326217 2239.5730669772556 14313.638916015625 0.48486328125 946.4943286332452 10395
220 186.7 1626.023686609743 2900.6993019091074 21023.85205078125 0.48486328125 1015.8661791780858 12361
230 183.3 1830.7578721699392 4077.1392987956233 36678.761962890625 0.48486328125 1095.9311262103395 14228
240 188.1 2386.1934297228054 5451.187289555022 39319.236083984375 0.48486328125 1179.794984335235 16061
250 189.5 3309.184841637121 7896.5279802178875 39319.236083984375 0.48486328125 1306.271156209832 17942
260 200 3762.826836181641 9716.064015957092 67573.8759765625 0.48486328125 1497.6066118676792 19837
270 209.3 5568.5275776257595 15128.776582871798 69709.39697265625 0.48486328125 1705.0728594579125 21837
280 208.9 6288.632010190094 17802.793454232287 71832.59521484375 0.48486328125 2042.9838801484811 23930
290 201.1 7154.276052269161 19210.228264928883 71832.59521484375 0.48486328125 2383.856278920799 26019
300 206.5 6844.270784584032 18774.770663358147 92581.88208007813 0.48486328125 2726.107943715788 28030
310 214.4 918.4019221974826 4730.894965784373 92581.88208007813 0.48486328125 3008.6800077261864 30095
320 145.2 1113.812491761094 6218.2046301398805 119839.44799804688 0.48486328125 2869.669609904494 32239
330 136.8 1138.596451073362 6268.896428139294 124016.72485351563 0.48486328125 2793.996446877448 33691
340 122.1 1456.1930674459984 8622.637253255461 128664.505859375 0.48486328125 2729.402841975426 35059
350 121.5 1459.7849583252967 8426.031883341 128664.505859375 0.48486328125 2686.553086333187 36280
360 101.7 1033.1529227737856 1435.9645428136535 128664.505859375 0.48486328125 2646.800498640706 37495
370 79.7 1316.7679218210833 1400.2875663032198 128664.505859375 0.48486328125 2604.188336596235 38512
380 57.2 1817.0528380920837 1189.0110298421625 128664.505859375 0.48486328125 2578.0855593549977 39309
390 64.5 1422.009648664607 867.219704210091 128664.505859375 0.48486328125 2567.170318599691 39881
400 62.6 980.6792682489253 402.94615266091466 128664.505859375 0.48486328125 2548.944275266815 40526
410 47.5 265.1414951685854 243.22399341899416 128664.505859375 0.48486328125 2525.087988952828 41152
420 21.7 14.584411902361756 19.28198760931937 128664.505859375 0.48486328125 2499.3000488046664 41627
430 20.4 16.205237295113367 17.70668217960957 128664.505859375 0.48486328125 2486.41449070296 41844
440 7.4 12.61097181165541 8.480139266456991 128664.505859375 0.48486328125 2474.4300280009243 42048
450 3.3 7.914883700284093 2.102650345107031 128664.505859375 0.48486328125 2470.105100168485 42122
460 1.1 9.779607599431818 6.451041593864537 128664.505859375 0.48486328125 2468.177635404081 42155
470 1.9 21.53163548519737 7.069053906734145 128664.505859375 0.48486328125 2467.5363040398097 42166
480 0.1 7.598876953125 0.0 128664.505859375 0.48486328125 2466.4346307269607 42185
490 0.3 11.5986328125 4.900317126022311 128664.505859375 0.48486328125 2466.3763451404207 42186
493 0 0 0 128664.505859375 0.48486328125 2466.201789376193 42189
