10 0.1 97 0 97 97 0 0
20 0.1 164.0 0.0 164 97 97.0 1
30 0.1 239.0 0.0 239 97 130.5 2
40 0.1 411.0 0.0 411 97 166.66666666666666 3
50 0.1 576.0 0.0 576 97 227.75 4
60 0.1 609.0 0.0 609 97 297.4 5
70 0.1 718.0 0.0 718 97 349.3333333333333 6
80 0.1 878.0 0.0 878 97 402.0 7
90 0.1 973.0 0.0 973 97 461.5 8
100 0.1 997.0 0.0 997 97 518.3333333333334 9
110 0.1 1322.0 0.0 1322 97 566.2 10
120 0.1 1424.0 0.0 1424 97 634.9090909090909 11
130 0.1 1606.0 0.0 1606 97 700.6666666666666 12
140 0.1 1486.0 0.0 1606 97 770.3076923076923 13
150 0.1 2023.0 0.0 2023 97 821.4285714285714 14
160 0.1 3009.0 0.0 3009 97 901.5333333333333 15
170 0.1 3989.0 0.0 3989 97 1033.25 16
180 0.1 3996.0 0.0 3996 97 1207.1176470588234 17
190 0.1 6279.0 0.0 6279 97 1362.0555555555557 18
200 0.1 6868.0 0.0 6868 97 1620.842105263158 19
210 0.1 7377.0 0.0 7377 97 1883.2 20
220 0.1 9039.0 0.0 9039 97 2144.809523809524 21
230 0.1 8653.0 0.0 9039 97 2458.181818181818 22
240 0.1 9042.0 0.0 9042 97 2727.521739130435 23
250 0.1 7927.0 0.0 9042 97 2990.625 24
260 0.1 7325.0 0.0 9042 97 3188.08 25
270 0.1 7279.0 0.0 9042 97 3347.1923076923076 26
280 0.1 7891.0 0.0 9042 97 3492.814814814815 27
290 0.1 7191.0 0.0 9042 97 3649.8928571428573 28
300 0.1 7471.0 0.0 9042 97 3772.0 29
310 0.1 7710.0 0.0 9042 97 3895.3 30
320 0.1 5430.0 0.0 9042 97 4018.3548387096776 31
330 0.1 4871.0 0.0 9042 97 4062.46875 32
340 0.1 4690.0 0.0 9042 97 4086.969696969697 33
350 0.1 5087.0 0.0 9042 97 4104.705882352941 34
360 0.1 3848.0 0.0 9042 97 4132.771428571428 35
370 0.1 3246.0 0.0 9042 97 4124.861111111111 36
380 0.1 2671.0 0.0 9042 97 4101.108108108108 37
390 0.1 2516.0 0.0 9042 97 4063.4736842105262 38
400 0.1 2668.0 0.0 9042 97 4023.7948717948716 39
410 0.1 2728.0 0.0 9042 97 3989.9 40
420 0.1 1182.0 0.0 9042 97 3959.121951219512 41
430 0.1 953.0 0.0 9042 97 3893.0 42
440 0.1 493.0 0.0 9042 97 3824.6279069767443 43
450 0.1 270.0 0.0 9042 97 3748.909090909091 44
460 0.1 110.0 0.0 9042 97 3671.6 45
470 0.1 85.0 0.0 9042 85 3594.1739130434785 46
480 0.1 12.0 0.0 9042 12 3519.5106382978724 47
490 0.1 5.0 0.0 9042 5 3446.4375 48
