20 0.1 17578.35400390625 0 17578.35400390625 17578.35400390625 0 0
30 0.6 18692.364868164063 5732.654724666998 29123.13916015625 12970.317138671875 17578.35400390625 1
40 1 21977.10500488281 12579.889695232592 42503.1669921875 2519.01416015625 18533.220458984375 7
50 0.4 22338.234252929688 8589.973289745818 42503.1669921875 2519.01416015625 20559.034897748163 17
60 1 32127.170190429686 20918.641748236554 65972.27685546875 2519.01416015625 20897.930013020832 21
70 1.1 28518.462468927555 18323.27417689864 67794.1669921875 2519.01416015625 24520.265554120462 31
80 1.4 43424.64489746094 23106.854261775254 81095.50805664063 2519.01416015625 25567.41236514137 42
90 1.5 36339.794108072914 22257.298556701284 81095.50805664063 2519.01416015625 30031.72049822126 56
100 1.1 29994.115966796875 22119.73535989236 81095.50805664063 2519.01416015625 31364.4121059364 71
110 1.9 37751.34836297286 21897.751209683433 81095.50805664063 2519.01416015625 31180.59189214939 82
120 2.6 43892.050884540266 25555.208765397485 88205.369140625 2519.01416015625 32416.67479260133 101
130 1 36724.68369140625 23219.779919213317 88205.369140625 2519.01416015625 34765.964386226624 127
140 2.1 44195.55300176711 22207.899575402364 96789.048828125 2519.01416015625 34908.93659828353 137
150 4.1 41523.645942501906 21533.77404039526 99019.23706054688 2519.01416015625 36143.23371520224 158
160 5.8 38903.659768992446 24480.787838951946 101630.03881835938 2519.01416015625 37251.760857510206 199
170 6 41872.49877115886 24648.157927228338 107679.53100585938 2519.01416015625 37624.56294648285 257
180 9.8 33482.76398327884 20503.91788382121 107679.53100585938 2519.01416015625 38428.588654623425 317
190 11.3 36091.46656569759 23874.54549880055 110401.48901367188 2519.01416015625 37260.658973197475 415
200 13.2 34413.14475689514 21822.366891730286 123747.2900390625 2519.01416015625 37010.434082956024 528
210 15.5 39494.9009875882 24115.401943438585 123747.2900390625 2519.01416015625 36490.976217743846 660
220 14.9 49372.43298257918 23006.39862733809 142526.60791015625 2519.01416015625 37062.274793603814 815
230 14 48655.556964983254 23620.550516992294 142526.60791015625 2519.01416015625 38964.98596596619 964
240 17.7 54647.71655273438 23350.24162082681 142526.60791015625 2519.01416015625 40193.86272308792 1104
250 16.4 55930.34845417304 22161.843534479154 142526.60791015625 2519.01416015625 42190.99943491261 1281
260 17.1 63423.865234375 24835.04461889502 155103.81298828125 2519.01416015625 43750.344237098565 1445
270 17.7 66262.1431284759 21134.32831289356 155103.81298828125 2519.01416015625 45832.13389708264 1616
280 19.1 73724.40585630722 20510.31436243695 155103.81298828125 2519.01416015625 47848.92789259664 1793
290 20.5 78413.36880121 17953.823501127765 158991.00610351563 2519.01416015625 50339.96432962725 1984
300 21.8 86688.39885410694 17211.3971731329 159362.65795898438 2519.01416015625 52969.0405821053 2189
310 21.8 92668.91803146509 16513.061265913384 176141.81396484375 2519.01416015625 56022.97498314243 2407
320 16.1 99907.32636294156 15037.706924691383 176141.81396484375 2519.01416015625 59066.333301060266 2625
330 11.5 110906.2422596807 13653.953137002662 176141.81396484375 2519.01416015625 61426.491191570996 2786
340 12.2 123594.5816630379 19542.72219933284 219608.8779296875 2519.01416015625 63387.942888514335 2901
350 12.7 133557.23458838274 18539.697386013882 219608.8779296875 2519.01416015625 65817.71792341075 3023
360 10.9 142706.3015405498 16835.90221516536 219608.8779296875 2519.01416015625 68548.80319847469 3150
370 10 151934.40218994138 14476.560289401858 222303.537109375 2519.01416015625 71029.06319211882 3259
380 7.4 158721.8108537004 10345.456437760746 222303.537109375 2519.01416015625 73437.67703545977 3359
390 6.2 170601.11681341357 11429.26259842805 222303.537109375 2519.01416015625 75276.01839944166 3433
400 7.3 181260.84185038527 12393.264614307074 222303.537109375 2519.01416015625 76967.05018818736 3495
410 7.5 192306.66712890627 9674.485524344951 222303.537109375 2519.01416015625 79100.86375078278 3568
420 4 201910.16063842774 9119.80328196835 222303.537109375 2519.01416015625 81431.48007067278 3643
430 3.5 213097.02158203124 8892.013900584534 232587.44604492188 2519.01416015625 82739.96424735217 3683
440 2.2 219189.65661621094 8613.247136446422 234104.09399414063 2519.01416015625 83967.10168864152 3718
450 0.7 232993.2587890625 12145.236291703071 255509.63500976563 2519.01416015625 84762.5284823331 3740
460 0.5 235465.36293945313 6323.584803091371 255509.63500976563 2519.01416015625 85039.44738069101 3747
470 0.1 270464.8410644531 0.0 270464.8410644531 2519.01416015625 85239.90835558275 3752
480 0.1 258734.61499023438 0.0 270464.8410644531 2519.01416015625 85289.26218790593 3753
490 0.1 284068.41015625 0.0 284068.41015625 2519.01416015625 85335.46499898806 3754
493 0 0 0 284068.41015625 2519.01416015625 85388.38988451596 3755
