0 3.39140625 3.39140625
10 13.19375 16.58515625
20 24.75625 41.34140625
30 44.9765625 86.31796875
40 99.14375 185.46171875
50 80.915625 266.37734375
60 114.43828125 380.815625
70 136.5921875 517.4078125
80 149.696875 667.1046875
90 149.13359375 816.23828125
100 167.69453125 983.9328125
110 203.01484375 1186.94765625
120 224.97265625 1411.9203125
130 188.4703125 1600.390625
140 237.81796875 1838.20859375
150 383.16796875 2221.3765625
160 537.66875 2759.0453125
170 557.44375 3316.4890625
180 787.68359375 4104.17265625
190 943.03515625 5047.2078125
200 929.8140625 5977.021875
210 945.81328125 6922.83515625
220 842.35546875 7765.190625
230 821.51796875 8586.70859375
240 823.55625 9410.26484375
250 897.59921875 10307.8640625
260 979.9171875 11287.78125
270 1096.67890625 12384.46015625
280 1109.26875 13493.72890625
290 1024.834375 14518.56328125
300 1098.98125 15617.54453125
310 1346.21640625 16963.7609375
320 869.81015625 17833.57109375
330 829.640625 18663.21171875
340 635.609375 19298.82109375
350 701.9140625 20000.73515625
360 569.25703125 20569.9921875
370 523.77734375 21093.76953125
380 378.63828125 21472.4078125
390 450.74609375 21923.15390625
400 457.290625 22380.44453125
410 357.1296875 22737.57421875
420 153.0703125 22890.64453125
430 167.15234375 23057.796875
440 55.41484375 23113.21171875
450 23.53515625 23136.746875
460 9.19296875 23145.93984375
470 19.3671875 23165.30703125
480 0.728125 23166.03515625
490 2.5765625 23168.61171875
493 0 23168.61171875
