20 0.1 29.411865234375 0 29.411865234375 29.411865234375 0 0
30 0.3 274.1904296875 203.68719946985507 535.279052734375 29.411865234375 29.411865234375 1
40 0.5 48.487841796875 21.75880320207376 535.279052734375 28.21484375 212.99578857421875 4
50 0.2 33.907958984375 4.947998046875 535.279052734375 28.21484375 121.60248480902777 9
60 0.2 114.2579345703125 5.0928955078125 535.279052734375 28.21484375 105.65802556818181 11
70 0.3 96.897216796875 52.01725919376969 535.279052734375 28.21484375 106.98108849158653 13
80 0.2 45.5994873046875 9.1575927734375 535.279052734375 28.21484375 105.09036254882813 16
90 0.3 69.14957682291667 1.2814485711358596 535.279052734375 28.21484375 98.48026529947917 18
100 0.4 450.70355224609375 171.72689521702955 640.450927734375 28.21484375 94.29016694568452 21
110 0.7 720.9232700892857 155.5789582686447 927.136962890625 28.21484375 151.31630859375 25
120 0.7 877.7486049107143 237.24271381589872 1316.675048828125 28.21484375 275.91783142089844 32
130 0.2 2393.3751220703125 331.4129638671875 2724.7880859375 28.21484375 383.9387394831731 39
140 0.9 2618.1885036892363 1437.055910644124 4083.39306640625 2.570068359375 481.9600264386433 41
150 1.3 880.1596116286057 1318.8914166529844 4083.39306640625 0.68798828125 866.48115234375 50
160 2.4 1503.5655314127605 1386.7088100859637 4083.39306640625 0.68798828125 869.3036915612599 63
170 1.4 859.937726702009 1147.2203892013904 4083.39306640625 0.68798828125 1044.2724749685704 87
180 3 572.6410481770833 1136.988137262108 4083.39306640625 0.68798828125 1018.7211237237005 101
190 3.3 347.36859315814394 800.9414533505842 4083.39306640625 0.678955078125 916.5653812321087 131
200 4.1 688.8691227610517 1089.7118975426529 4083.39306640625 0.661865234375 802.0318811928354 164
210 4.7 397.5741875831117 805.136564714099 4083.39306640625 0.619873046875 779.3993295064787 205
220 3.1 606.0467568674395 930.1697230586175 4083.39306640625 0.619873046875 708.1859101795014 252
230 3.3 516.9943107836172 912.0061889091877 4083.39306640625 0.619873046875 696.9975223608657 283
240 3.3 701.1017178622159 993.4309072852822 4083.39306640625 0.619873046875 678.1997186202037 316
250 2.7 854.073097511574 1024.0424838728736 4083.39306640625 0.619873046875 680.3652371731733 349
260 3.3 713.6306226325758 872.9754950591611 4083.39306640625 0.617919921875 692.8389399102393 376
270 2.9 587.8720703125 943.1390921851985 4083.39306640625 0.617919921875 694.5165084428484 409
280 2.7 759.5634313512732 906.1215217987232 4083.39306640625 0.617919921875 687.455575324629 438
290 3.4 748.4680463005515 1019.9200700016287 4083.39306640625 0.575927734375 691.642483093918 465
300 4 579.4930053710938 884.0975824035221 4083.39306640625 0.575927734375 695.5143651560934 499
310 3.4 778.0980009191177 1054.9153284082681 4083.39306640625 0.575927734375 686.9042456915295 539
320 2.5 903.013916015625 831.5376501720991 4083.39306640625 0.575927734375 692.3153934711769 573
330 0.6 988.7890625 705.1217301978077 4083.39306640625 0.575927734375 701.1238601327341 598
340 0.8 573.1952819824219 728.2078072041068 4083.39306640625 0.575927734375 703.9814614807533 604
350 1.3 457.8642578125 824.2204602234801 4083.39306640625 0.575927734375 702.2718382193373 612
360 2.2 786.1149680397727 1149.2205400923276 4083.39306640625 0.575927734375 697.1881605468751 625
370 1.4 771.4110107421875 1030.9079873855533 4083.39306640625 0.575927734375 700.2119468913013 647
380 1.4 1240.4345528738838 937.0240411268777 4083.39306640625 0.575927734375 701.7199452179464 661
390 0.4 1972.8212280273438 300.85729323356975 4083.39306640625 0.575927734375 712.8932852285881 675
400 0.1 1208.27099609375 0.0 4083.39306640625 0.575927734375 720.3155411508193 679
410 0 0 0 4083.39306640625 0.575927734375 721.033122702206 680
420 0 0 0 4083.39306640625 0.575927734375 721.033122702206 680
430 0.1 29.907958984375 0.0 4083.39306640625 0.575927734375 721.033122702206 680
440 0 0 0 4083.39306640625 0.575927734375 720.0182546203883 681
450 0 0 0 4083.39306640625 0.575927734375 720.0182546203883 681
460 0 0 0 4083.39306640625 0.575927734375 720.0182546203883 681
470 0 0 0 4083.39306640625 0.575927734375 720.0182546203883 681
480 0 0 0 4083.39306640625 0.575927734375 720.0182546203883 681
490 0 0 0 4083.39306640625 0.575927734375 720.0182546203883 681
493 0 0 0 4083.39306640625 0.575927734375 720.0182546203883 681
