20 0.2 89.7169189453125 81.9439697265625 171.660888671875 7.77294921875 0 0
30 0.2 14.6300048828125 6.9681396484375 171.660888671875 7.661865234375 89.7169189453125 2
40 0.4 9.3712158203125 2.9771253223919536 171.660888671875 7.48095703125 52.1734619140625 4
50 0.8 12.06610107421875 6.907134137316616 171.660888671875 7.48095703125 30.7723388671875 8
60 0.5 19.907373046875 7.223443274441011 171.660888671875 7.48095703125 21.419219970703125 16
70 0.4 9.0892333984375 1.3656746532308532 171.660888671875 7.48095703125 21.059256417410715 21
80 1.3 46.40516075721154 47.88647087602996 171.660888671875 7.034912109375 19.144052734375 25
90 1 32.832861328125 38.63966063869838 171.660888671875 6.28515625 28.47022126850329 38
100 0.2 762.199462890625 447.83544921875 1210.034912109375 6.28515625 29.379104614257813 48
110 1.2 558.2359212239584 208.0170573330003 1210.034912109375 6.28515625 58.6919189453125 50
120 0.7 851.0705217633929 178.60317977463708 1210.034912109375 6.28515625 155.3778548702117 62
130 0.7 2019.193603515625 698.7276607206834 3087.22705078125 6.28515625 225.955371801404 69
140 0.7 1823.3234165736608 1612.4955871258344 3743.626953125 0.81298828125 391.12205103824016 76
150 1.9 1809.6550678453948 1402.926139481218 3743.626953125 0.679931640625 511.91011801110693 83
160 2.7 868.7338957609953 1231.8514231594365 3743.626953125 0.679931640625 753.6469223920037 102
170 3.9 593.6476549979968 945.4070029961852 3743.626953125 0.6640625 777.7348935622578 129
180 4.7 459.5801612367021 947.578652070343 3743.626953125 0.653076171875 735.0003560384115 168
190 5.8 413.65492827316797 850.9669827213872 3743.626953125 0.653076171875 674.7922204305959 215
200 8.8 466.6116027832031 822.9521512355304 3743.626953125 0.653076171875 619.312502682864 273
210 10.6 591.2891776606721 953.711981956632 5519.5029296875 0.637939453125 582.0890146186807 361
220 8.1 570.7900330343363 1209.8836005898818 8264.405029296875 0.621826171875 584.1772743241435 467
230 8.1 430.32729612750774 806.7225899973827 8264.405029296875 0.621826171875 582.1985032575844 548
240 6.6 712.4814749053031 1332.7353202417657 8549.426025390625 0.621826171875 562.6411617988623 629
250 7.8 553.997805864383 829.750062013337 8549.426025390625 0.621826171875 576.8706016046538 695
260 8.7 622.442236889368 951.3963731327982 8549.426025390625 0.621826171875 574.5626092789861 773
270 7.3 472.62491639019674 797.436575222068 8549.426025390625 0.621826171875 579.4062460256177 860
280 7.9 627.421460888054 786.3746473043495 8549.426025390625 0.621826171875 571.0514367401025 933
290 6.4 537.9005775451659 802.1814548952071 8549.426025390625 0.621826171875 575.4518635263556 1012
300 7.1 761.5045286366635 2284.526578662799 18830.255126953125 0.621826171875 573.2183297876975 1076
310 8.4 1254.4903157552083 6871.033470758575 63452.330078125 0.621826171875 584.8733604052011 1147
320 7.3 591.4978495558647 645.0265688358998 63452.330078125 0.621826171875 630.5661502097507 1231
330 5.4 725.2852873625578 755.7994160808142 63452.330078125 0.621826171875 628.3790444216114 1304
340 2.8 5122.23579624721 23525.567488981236 127316.38623046875 0.621826171875 632.2324590893662 1358
350 3.3 935.9415616122159 907.2999156039292 127316.38623046875 0.621826171875 722.9395972137671 1386
360 2.6 699.1324275090144 1067.7108532738532 127316.38623046875 0.621826171875 727.893131269545 1419
370 3.4 1185.38576372932 950.7224090241938 127316.38623046875 0.621826171875 727.3756376378676 1445
380 3.3 1448.2774177320075 710.9876691749139 127316.38623046875 0.621826171875 737.9046060537631 1479
390 3 1055.8756917317708 471.64311320599074 127316.38623046875 0.621826171875 753.4087745626136 1512
400 2 829.258837890625 133.81663685977293 127316.38623046875 0.621826171875 759.2933449355545 1542
410 1.1 261.2032359730114 163.06668662433367 127316.38623046875 0.621826171875 760.189189915773 1562
420 0.4 13.20465087890625 10.744744854912307 127316.38623046875 0.621826171875 756.699777650439 1573
430 0.2 29.6083984375 22.177490234375 127316.38623046875 0.621826171875 754.8139307848169 1577
440 0 0 0 127316.38623046875 0.621826171875 753.8953677292789 1579
450 0.1 7.466064453125 0.0 127316.38623046875 0.621826171875 753.8953677292789 1579
460 0 0 0 127316.38623046875 0.621826171875 753.4229441196104 1580
470 0 0 0 127316.38623046875 0.621826171875 753.4229441196104 1580
480 0 0 0 127316.38623046875 0.621826171875 753.4229441196104 1580
490 0 0 0 127316.38623046875 0.621826171875 753.4229441196104 1580
493 0 0 0 127316.38623046875 0.621826171875 753.4229441196104 1580
