40 0.1 295.7578125 0 295.7578125 295.7578125 0 0
50 0 0 0 295.7578125 295.7578125 295.7578125 1
60 0.3 12.549072265625 2.5753244004331237 295.7578125 10.314208984375 295.7578125 1
70 0.5 95.404296875 69.46972424145318 295.7578125 10.314208984375 83.35125732421875 4
80 0.6 24.5150146484375 20.178763258643006 295.7578125 9.916015625 90.04739040798611 9
90 0.4 16.30377197265625 5.622045006694234 295.7578125 9.916015625 63.83444010416667 15
100 0.7 421.45699637276783 464.5194878544063 1291.85986328125 9.916015625 53.82798365542763 19
110 1.2 624.3284098307291 159.45009413839037 1291.85986328125 9.916015625 152.8050255408654 26
120 0.8 785.7106323242188 165.11660318831903 1291.85986328125 9.916015625 301.7071468955592 38
130 0.1 1888.162109375 0.0 1888.162109375 9.916015625 385.8816661005435 46
140 0.7 2224.4264090401784 1436.984314962986 3816.00390625 0.735107421875 417.84507978723406 47
150 1 1780.888916015625 1465.5062038712206 3816.00390625 0.735107421875 652.0315483940972 54
160 0.7 1124.980922154018 1300.8941426470185 3816.00390625 0.735107421875 828.4155120849609 64
170 1.1 10.608820134943182 16.33101544976737 3816.00390625 0.735107421875 857.654355331206 71
180 1.9 360.96707956414474 819.999080588268 3816.00390625 0.735107421875 744.0262957317074 82
190 2.1 337.2633463541667 806.8776960239953 3816.00390625 0.735107421875 671.9656511061262 101
200 3.4 380.59948012408086 737.8103027638552 3816.00390625 0.679931640625 614.3529593045595 122
210 4.6 560.6229194972827 882.674727135634 3816.00390625 0.658935546875 563.4066882011218 156
220 5.7 892.6477778919956 922.3094993010932 3816.00390625 0.651123046875 562.772760674505 202
230 7.5 483.2098535156252 804.8112591183335 3816.00390625 0.621826171875 635.3707374366554 259
240 9.5 437.2403166118423 828.7554312164079 3816.00390625 0.595947265625 601.2028742807354 334
250 7.1 487.1836522062061 795.0843806246551 3816.00390625 0.595947265625 564.8941493890225 429
260 9.1 498.01185825892856 775.2342425385142 3816.00390625 0.595947265625 553.8592587890626 500
270 7.4 731.1027963999155 4037.4124019539345 34787.947998046875 0.595947265625 545.2600820576882 591
280 8.5 420.19104147518385 720.8828181710761 34787.947998046875 0.595947265625 565.9403239544173 665
290 8.5 1174.9630342371324 7190.993470019515 66641.52319335938 0.595947265625 549.4220719401042 750
300 9 1935.9386935763898 9683.744762613256 66641.52319335938 0.595947265625 613.0998944493825 835
310 5.4 477.81114366319446 795.7151837517257 66641.52319335938 0.595947265625 741.8085343644427 925
320 6.9 641.2849474920743 723.5607301726083 66641.52319335938 0.595947265625 727.2468805361818 979
330 7.1 710.0695353763206 703.0403817252542 66641.52319335938 0.595947265625 721.5871731124763 1048
340 7.5 2668.1966666666676 14500.188892934711 127272.28295898438 0.595947265625 720.8563846591545 1119
350 6.8 969.9053847369025 944.4551117934058 127272.28295898438 0.595947265625 843.1767541319882 1194
360 5.3 949.1820137455778 1154.4176302924177 127272.28295898438 0.595947265625 850.0052381899393 1262
370 4.5 1163.3792046440974 973.3883706219334 127272.28295898438 0.595947265625 854.002477052638 1315
380 2.9 1344.2982640759699 840.5215423671002 127272.28295898438 0.595947265625 864.2392070097084 1360
390 3 1264.127042643229 472.8905216031581 127272.28295898438 0.595947265625 874.2620382947491 1389
400 3.9 751.2296612079327 106.24265485161871 127272.28295898438 0.595947265625 882.5044273930256 1419
410 4 204.8917724609375 182.62291074245906 127272.28295898438 0.595947265625 878.9929624539182 1458
420 3.4 13.015646541819853 7.1998915464594 127272.28295898438 0.595947265625 860.9929306784047 1498
430 2.3 15.395359205163043 15.122525683166524 127272.28295898438 0.595947265625 842.1735914743291 1532
440 1.4 12.293753487723214 6.616288191520061 127272.28295898438 0.595947265625 829.9447172992867 1555
450 0.7 9.869210379464286 3.6817013166987533 127272.28295898438 0.595947265625 822.6489152002671 1569
460 0.2 20.1885986328125 9.8114013671875 127272.28295898438 0.595947265625 819.0388530595656 1576
470 0.1 8.69384765625 0.0 127272.28295898438 0.595947265625 818.0263685799372 1578
480 0 0 0 127272.28295898438 0.595947265625 817.5138084020248 1579
490 0.1 18.575927734375 0.0 127272.28295898438 0.595947265625 817.5138084020248 1579
493 0 0 0 127272.28295898438 0.595947265625 817.0081515155263 1580
