10 0.1 52.02490234375 0 52.02490234375 52.02490234375 0 0
20 0.3 8.319661458333334 0.371678602001329 52.02490234375 7.798095703125 52.02490234375 1
30 0.1 8.33984375 0.0 52.02490234375 7.798095703125 19.2459716796875 4
40 0.8 41.976776123046875 69.520420693314 223.2099609375 7.798095703125 17.06474609375 5
50 0.5 31.865185546875 39.25273965258152 223.2099609375 7.798095703125 32.39522611177885 13
60 0.5 27.386572265625 21.374337082114252 223.2099609375 7.798095703125 32.24799262152778 18
70 0.9 37.19439019097222 23.479556113388696 223.2099609375 7.798095703125 31.191162109375 23
80 1.2 46.659749348958336 47.300074616796294 223.2099609375 7.798095703125 32.87957000732422 32
90 0.4 49.8778076171875 28.251105656392024 223.2099609375 7.798095703125 36.6378007368608 44
100 0.6 280.8878173828125 286.4967395135067 902.10595703125 7.798095703125 37.74113464355469 48
110 1 624.3396240234375 262.8559862136753 971.918212890625 7.798095703125 64.75743272569444 54
120 1.2 680.3229777018229 220.7217403585484 1115.464111328125 7.798095703125 152.1921501159668 64
130 0.5 1929.83779296875 663.9339873444719 3176.7919921875 7.798095703125 235.58122815583883 76
140 1.4 2194.8014613560267 1425.9664953536487 3822.400146484375 1.762939453125 340.164966724537 81
150 2.6 1407.5733360877405 1413.3165064894565 3822.400146484375 0.69189453125 613.4798185649671 95
160 3.1 1569.4439027847782 1334.9028152360652 3822.400146484375 0.69189453125 784.1114834872159 121
170 4.9 874.064846739477 1173.588461538662 3822.400146484375 0.680908203125 944.2779637386924 152
180 5 490.20416992187495 1028.6869959492176 3822.400146484375 0.65380859375 927.1613332264459 201
190 8.3 555.129497482116 948.8600631866694 3822.400146484375 0.637939453125 840.1180736040214 251
200 10.7 632.1049644969331 953.9922946720683 4501.4150390625 0.637939453125 769.297559178518 334
210 8.6 514.0587754360465 844.8840821604588 4501.4150390625 0.637939453125 736.0104670448909 441
220 8.1 518.5599380304784 770.8545048428937 4501.4150390625 0.634033203125 699.7906464028404 527
230 7.6 558.4318205180922 847.8607801622339 4501.4150390625 0.612060546875 675.6464237413908 608
240 7 608.9659388950895 925.5681633431832 4501.4150390625 0.612060546875 662.622578938802 684
250 8.4 616.0858444940476 809.5661226508739 4501.4150390625 0.612060546875 657.6411932583512 754
260 7.9 1089.2204188093353 4077.260577643635 36194.38720703125 0.612060546875 653.4757406375858 838
270 8 348.38300781249984 693.530651061832 36194.38720703125 0.612060546875 691.0153584953483 917
280 6.8 1317.5379387350642 7948.383811052439 66150.60107421875 0.612060546875 663.5222912389512 997
290 6.3 514.8382471478175 801.9616342527639 66150.60107421875 0.612060546875 705.2810368067782 1065
300 7.9 578.9918877323973 1360.250702543999 66150.60107421875 0.612060546875 694.6446044056128 1128
310 8.3 432.6208849068147 729.8551695720316 66150.60107421875 0.612060546875 687.0749568354521 1207
320 6.4 535.2446594238281 691.4392105251476 66150.60107421875 0.612060546875 670.7031056958576 1290
330 3 847.3493570963542 702.9462066102413 66150.60107421875 0.612060546875 664.3003430951118 1354
340 2.7 5511.970232928241 23893.292780281947 127292.44213867188 0.612060546875 668.2681685431156 1384
350 2.4 6096.425557454427 25294.344758960895 127323.30200195313 0.612060546875 760.9541754448861 1411
360 3.3 597.971894235322 991.7989974813754 127323.30200195313 0.612060546875 850.1885400220492 1435
370 4 987.2958862304688 948.9347730125553 127323.30200195313 0.612060546875 844.5188197829743 1468
380 3.4 1148.4912109375 899.5001348170334 127323.30200195313 0.612060546875 848.3060098744197 1508
390 2.1 1135.4342331659225 557.5080413528282 127323.30200195313 0.612060546875 854.9248794179637 1542
400 1.1 850.3773748224431 124.79641793072632 127323.30200195313 0.612060546875 858.6937191036368 1563
410 0.3 345.4349772135417 239.50080437501362 127323.30200195313 0.612060546875 858.6355997979869 1574
420 0.2 20.636474609375 2.142578125 127323.30200195313 0.612060546875 857.6593145299124 1577
430 0.1 8.579833984375 0.0 127323.30200195313 0.612060546875 856.5991209391327 1579
440 0 0 0 127323.30200195313 0.612060546875 856.0623998714399 1580
450 0 0 0 127323.30200195313 0.612060546875 856.0623998714399 1580
460 0 0 0 127323.30200195313 0.612060546875 856.0623998714399 1580
470 0 0 0 127323.30200195313 0.612060546875 856.0623998714399 1580
480 0 0 0 127323.30200195313 0.612060546875 856.0623998714399 1580
490 0 0 0 127323.30200195313 0.612060546875 856.0623998714399 1580
493 0 0 0 127323.30200195313 0.612060546875 856.0623998714399 1580
