40 0.2 12.4864501953125 0.4273681640625 12.913818359375 12.05908203125 0 0
50 0.1 112.416015625 0.0 112.416015625 12.05908203125 12.4864501953125 2
60 0.2 23.5936279296875 11.0794677734375 112.416015625 12.05908203125 45.796305338541664 3
70 0.3 82.708984375 50.02545687922629 125.14208984375 12.05908203125 36.915234375 5
80 0.2 74.595458984375 61.367431640625 135.962890625 12.05908203125 54.087890625 8
90 0.2 32.2630615234375 10.6290283203125 135.962890625 12.05908203125 58.189404296875 10
100 0.3 379.6953938802083 420.05741354529096 973.0009765625 12.05908203125 53.86834716796875 12
110 0.5 774.542822265625 78.07845018964575 973.0009765625 12.05908203125 119.03375651041667 15
120 0.5 938.52958984375 316.0475306210399 1338.18994140625 12.05908203125 282.91102294921876 20
130 0.2 1276.905517578125 21.3564453125 1338.18994140625 12.05908203125 414.034736328125 25
140 0.4 2667.008056640625 1592.3659362234348 3922.274169921875 1.302001953125 477.9510904947917 27
150 0.9 751.3050130208334 1390.9081763252657 3922.274169921875 1.076904296875 760.4100538684476 31
160 1.2 641.4215698242188 1083.7063217527486 3922.274169921875 1.076904296875 758.3614196777344 40
170 0.7 978.0353655133929 1121.1121969458477 3922.274169921875 0.967041015625 731.3753004807693 52
180 2.1 335.6787574404762 818.5501851153083 3922.274169921875 0.8388671875 760.6400539592161 59
190 3.3 325.3290053858901 761.7943377177011 3922.274169921875 0.8388671875 649.0877136230469 80
200 3.5 459.74480329241084 772.7652140502893 3922.274169921875 0.8388671875 554.5387103325497 113
210 2.6 548.1477708082932 807.0592498759233 3922.274169921875 0.786865234375 532.1212323163006 148
220 2.4 388.2306416829427 657.7853270866545 3922.274169921875 0.786865234375 534.5160024357938 174
230 2.2 432.5852716619318 707.1476816288839 3922.274169921875 0.786865234375 516.7844435566603 198
240 2.8 556.5546439034598 873.6273939679945 3922.274169921875 0.786865234375 508.3645263671875 220
250 2.3 885.6016898777174 945.2655015134474 3922.274169921875 0.786865234375 513.8053460890247 248
260 3.3 862.4794256036931 2113.3506819126965 11041.538818359375 0.786865234375 545.3600173330835 271
270 3.4 372.0052921070772 736.4748477354141 11041.538818359375 0.786865234375 579.7841636256168 304
280 2.3 574.3955608865489 932.0543885128974 11041.538818359375 0.786865234375 558.8833303959412 338
290 2.9 1141.1934435614223 1362.684877604805 11041.538818359375 0.786865234375 559.8716442499135 361
300 2.9 824.9697854929957 1354.4129877779942 11041.538818359375 0.786865234375 603.0981370192309 390
310 4.1 436.80488400342995 766.9232927661375 11041.538818359375 0.786865234375 618.4544086319735 419
320 2.6 706.959726186899 717.2697421026058 11041.538818359375 0.786865234375 602.2639075237772 460
330 2.3 3140.1281419836955 12799.015547634226 63108.13916015625 0.786865234375 607.864918398759 486
340 0.8 898.7536926269531 701.2507570944896 63108.13916015625 0.786865234375 722.2893862621255 509
350 1.6 994.5199127197264 993.5056973757597 63108.13916015625 0.786865234375 725.0199751420455 517
360 1.6 1147.7334289550781 1192.918419273541 63108.13916015625 0.786865234375 733.110029553383 533
370 1.7 993.5183536305148 956.4019709239391 63108.13916015625 0.786865234375 745.1937716124488 549
380 0.9 1537.485568576389 568.0355639753104 63108.13916015625 0.786865234375 752.6522837932034 566
390 1.2 1094.2297973632813 446.0836018382082 63108.13916015625 0.786865234375 764.936630859375 575
400 0.5 767.716259765625 164.57600877244934 63108.13916015625 0.786865234375 771.6683480621806 587
410 0.5 197.775390625 180.87009653083 63108.13916015625 0.786865234375 771.6349689380543 592
420 0.2 19.6285400390625 8.3045654296875 63108.13916015625 0.786865234375 766.8287748148293 597
430 0.5 12.137841796875 12.382591271190188 63108.13916015625 0.786865234375 764.3339493230906 599
440 0.1 21.176025390625 0.0 63108.13916015625 0.786865234375 758.1071603535026 604
450 0 0 0 63108.13916015625 0.786865234375 756.8890923618285 605
460 0 0 0 63108.13916015625 0.786865234375 756.8890923618285 605
470 0.1 21.906005859375 0.0 63108.13916015625 0.786865234375 756.8890923618285 605
480 0 0 0 63108.13916015625 0.786865234375 755.6762489847617 606
490 0 0 0 63108.13916015625 0.786865234375 755.6762489847617 606
493 0 0 0 63108.13916015625 0.786865234375 755.6762489847617 606
