10 0.4 227.2342529296875 69.3667305379115 326.28515625 160.094970703125 0 0
20 0.2 155.1219482421875 0.4730224609375 326.28515625 154.64892578125 227.2342529296875 4
30 0.6 819.0769449869791 713.4404229725188 2277.93994140625 154.64892578125 203.19681803385416 6
40 0.6 252.19331868489584 125.74554436764546 2277.93994140625 154.64892578125 511.1368815104167 12
50 0.6 383.6643880208333 206.1359229518474 2277.93994140625 154.64892578125 424.8223605685764 18
60 0.6 315.6478271484375 147.23207243798242 2277.93994140625 154.64892578125 414.5328674316406 24
70 1 573.0572998046875 534.3756678526877 2277.93994140625 154.64892578125 394.755859375 30
80 0.7 687.9742954799107 350.0140087865103 2277.93994140625 154.64892578125 439.3312194824219 40
90 0.4 349.41278076171875 136.31827695142968 2277.93994140625 154.64892578125 476.36316697140956 47
100 1.3 1061.9552283653845 589.4981928023166 2277.93994140625 154.64892578125 466.4062739353554 51
110 1.3 1545.2842548076924 226.18616728735716 2277.93994140625 154.64892578125 587.3771553039551 64
120 0.9 1502.9014214409722 107.32951810461385 2277.93994140625 154.64892578125 749.1017305448457 77
130 1.4 2323.285714285714 947.1696196388741 3832.241943359375 1.6650390625 827.9877447083938 86
140 2 2308.02587890625 1940.4837434640515 4461.422119140625 0.73193359375 1037.3294604492187 100
150 3.7 1627.7758987014358 1805.6324087620417 4461.422119140625 0.697021484375 1249.112196858724 120
160 4.3 1332.2825445130813 1549.6611781255394 4461.422119140625 0.675048828125 1338.3514132165606 157
170 5.3 856.6026404038915 1326.453025463409 4461.422119140625 0.675048828125 1337.0466064453126 200
180 6.9 911.4220837579253 1401.7495729628645 4461.422119140625 0.675048828125 1236.400242017663 253
190 9.5 591.747998046875 1055.761768025964 4461.422119140625 0.675048828125 1166.7620652477194 322
200 10.7 697.2550927278041 1036.5295211156526 4461.422119140625 0.675048828125 1035.7636566528029 417
210 8.3 811.375741246235 1265.474226658243 5609.486083984375 0.675048828125 966.640724706286 524
220 6.9 455.4921344259509 871.7713910241646 5609.486083984375 0.675048828125 945.4100927010402 607
230 7.4 636.8318201013514 971.3427010948785 5609.486083984375 0.675048828125 895.4036738830207 676
240 9 1373.2542833116327 3115.204144234133 20644.7490234375 0.675048828125 869.8912509765627 750
250 7.6 490.6794015984788 1110.455037574117 20644.7490234375 0.675048828125 923.8230044410345 840
260 7.4 629.258191907728 876.5180248877294 20644.7490234375 0.6708984375 887.8853256025692 916
270 7.2 741.4919128417969 999.414923848991 20644.7490234375 0.661865234375 868.5536004577023 990
280 5.9 512.3728979078389 812.8498642079948 20644.7490234375 0.64990234375 859.939248754929 1062
290 8.2 1855.380817692454 8117.697138480878 66249.84692382813 0.64990234375 841.6462829208716 1121
300 7 655.0963692801339 980.96341082838 66249.84692382813 0.64990234375 910.7453950166903 1203
310 7.6 782.2441984477795 994.3983607933375 66249.84692382813 0.64990234375 896.6877109620485 1273
320 3.5 801.0798479352678 880.5735877773709 66249.84692382813 0.64990234375 890.2401891302587 1349
330 2.6 881.1329251802885 929.3247947430706 66249.84692382813 0.64990234375 887.9854117156455 1384
340 1.6 478.54246520996094 856.1780112456191 66249.84692382813 0.64990234375 887.8590538079013 1410
350 3.6 694.6365627712673 1128.8574687951664 66249.84692382813 0.64990234375 883.2664413131138 1426
360 4.8 1085.153813680013 1439.4182510716541 66249.84692382813 0.64990234375 878.6216563421791 1462
370 3.6 1555.2774454752605 1246.8806223483064 66249.84692382813 0.64990234375 885.1869169727858 1510
380 1.9 2222.6858038651317 779.3690682018517 66249.84692382813 0.64990234375 900.7905774036325 1546
390 0.6 1715.6741129557292 587.686379378556 66249.84692382813 0.64990234375 916.839145648213 1565
400 0.6 1184.2915852864583 538.5387711001827 66249.84692382813 0.64990234375 919.8900748677197 1571
410 0.2 131.656005859375 126.114013671875 66249.84692382813 0.64990234375 920.8960412992432 1577
420 0.1 238.9970703125 0.0 66249.84692382813 0.64990234375 919.8963705767101 1579
430 0 0 0 66249.84692382813 0.64990234375 919.4654216524922 1580
440 0 0 0 66249.84692382813 0.64990234375 919.4654216524922 1580
450 0 0 0 66249.84692382813 0.64990234375 919.4654216524922 1580
460 0 0 0 66249.84692382813 0.64990234375 919.4654216524922 1580
470 0 0 0 66249.84692382813 0.64990234375 919.4654216524922 1580
480 0 0 0 66249.84692382813 0.64990234375 919.4654216524922 1580
490 0 0 0 66249.84692382813 0.64990234375 919.4654216524922 1580
493 0 0 0 66249.84692382813 0.64990234375 919.4654216524922 1580
