0 0.2 9.607421875 0.41455078125 10.02197265625 9.19287109375 0 0
10 0.2 13.0599365234375 3.5509033203125 16.61083984375 9.19287109375 9.607421875 2
20 0.5 11.12294921875 3.3073405899073847 17.724853515625 9.19287109375 11.33367919921875 4
30 0.5 74.469970703125 22.32796205337041 94.15283203125 9.19287109375 11.216606987847221 9
40 0.9 21.90033637152778 13.872377560574218 94.15283203125 9.18994140625 33.807094029017854 14
50 1 22.0322265625 10.069278784138243 94.15283203125 9.18994140625 29.147927989130434 23
60 1.1 29.04256924715909 16.355273174891014 94.15283203125 8.512939453125 26.991654829545453 33
70 0.8 24.899078369140625 17.717679706226313 94.15283203125 8.512939453125 27.504383433948863 44
80 0.4 82.1099853515625 126.29821564878272 300.864013671875 8.512939453125 27.10356727013221 52
90 0.7 16.414341517857142 8.36339406310466 300.864013671875 8.512939453125 31.032597133091517 56
100 1.3 211.19347205528845 185.4000819081935 684.43896484375 8.512939453125 29.40834650917659 63
110 1 630.4091064453125 207.15241665575823 953.126220703125 8.512939453125 60.50317061574835 76
120 1.8 791.1155734592014 189.10650520326078 1131.22412109375 8.512939453125 126.77130268895348 86
130 1.8 1713.6560194227432 797.619857935723 2979.35693359375 1.863037109375 241.75396493765024 104
140 3 1914.1807861328127 1502.2273545276187 3844.963134765625 0.804931640625 458.9198418288934 122
150 5.7 1745.357546086897 1452.0997552324313 3844.963134765625 0.783935546875 746.1423966257196 152
160 6.1 913.7283995581455 1217.3906217863846 3844.963134765625 0.77392578125 1018.6556192060407 209
170 6.3 682.2498294890875 1045.7332281576194 3844.963134765625 0.735107421875 994.949839952257 270
180 9.2 677.2345209536344 1146.1160254314905 3844.963134765625 0.735107421875 935.7903785132789 333
190 12.5 560.9560156249997 939.5811051728502 3844.963134765625 0.721923828125 879.8206399356618 425
200 8.3 630.1602415521461 1016.8117011729979 3844.963134765625 0.721923828125 807.3514071377841 550
210 6 859.2328165690104 1913.5621881431439 11699.31201171875 0.721923828125 784.1178103864287 633
220 8.3 1040.938197124435 1708.956207366926 11699.31201171875 0.721923828125 790.6212741251803 693
230 8 869.1716674804687 1526.2471625184974 11699.31201171875 0.721923828125 817.3948625387604 776
240 8.5 866.2215561810661 1803.7147646236754 12567.5849609375 0.721923828125 822.2338162716304 856
250 7 1582.9758370535717 3365.6709448371817 20645.6591796875 0.721923828125 826.2072040424083 941
260 7.1 1941.0245034661095 5907.58374241691 35172.686767578125 0.721923828125 878.60463659511 1011
270 6.6 3848.478822650331 13788.670412027239 67263.85595703125 0.721923828125 948.3198034600277 1082
280 7.2 6066.747867160373 15968.123539985389 67263.85595703125 0.721923828125 1115.0536843542438 1148
290 7.7 2763.3632717380274 10574.341080002892 67263.85595703125 0.721923828125 1407.2848164542777 1220
300 7.4 4846.121921848607 15238.069465033203 67263.85595703125 0.721923828125 1487.7921727047394 1297
310 3.6 4405.907063802083 14297.020763569759 67263.85595703125 0.721923828125 1669.0586945403675 1371
320 0.7 964.0447126116071 838.5255825396382 67263.85595703125 0.721923828125 1739.0846656088975 1407
330 1.8 14560.631903754342 39853.29163814994 127286.68798828125 0.721923828125 1735.2478341584158 1414
340 4.7 976.1358460771277 707.1072130136541 127286.68798828125 0.721923828125 1896.4607624075265 1432
350 5.8 9521.507277916218 32201.621773885316 129352.2509765625 0.721923828125 1867.2144668919561 1479
360 3.8 7758.23484400699 28519.22214520785 129976.51708984375 0.721923828125 2156.055705043815 1537
370 0.5 396.958251953125 785.5582431780462 129976.51708984375 0.721923828125 2291.219392206101 1575
380 0 0 0 129976.51708984375 0.721923828125 2285.224894926819 1580
390 0 0 0 129976.51708984375 0.721923828125 2285.224894926819 1580
400 0 0 0 129976.51708984375 0.721923828125 2285.224894926819 1580
410 0 0 0 129976.51708984375 0.721923828125 2285.224894926819 1580
420 0 0 0 129976.51708984375 0.721923828125 2285.224894926819 1580
430 0 0 0 129976.51708984375 0.721923828125 2285.224894926819 1580
440 0 0 0 129976.51708984375 0.721923828125 2285.224894926819 1580
450 0 0 0 129976.51708984375 0.721923828125 2285.224894926819 1580
460 0 0 0 129976.51708984375 0.721923828125 2285.224894926819 1580
470 0 0 0 129976.51708984375 0.721923828125 2285.224894926819 1580
480 0 0 0 129976.51708984375 0.721923828125 2285.224894926819 1580
490 0 0 0 129976.51708984375 0.721923828125 2285.224894926819 1580
493 0 0 0 129976.51708984375 0.721923828125 2285.224894926819 1580
