30 0.2 62.1343994140625 21.4444580078125 83.578857421875 40.68994140625 0 0
40 0 0 0 83.578857421875 40.68994140625 62.1343994140625 2
50 0.1 114.049072265625 0.0 114.049072265625 40.68994140625 62.1343994140625 2
60 0.2 52.7425537109375 7.9783935546875 114.049072265625 40.68994140625 79.43929036458333 3
70 0.3 89.19905598958333 53.48349657983316 164.01611328125 40.68994140625 68.760595703125 5
80 0.3 185.79036458333334 60.957386513056086 271.373046875 40.68994140625 76.42501831054688 8
90 0.1 49.669921875 0.0 271.373046875 40.68994140625 106.25193093039773 11
100 0.1 276.69091796875 0.0 276.69091796875 40.68994140625 101.53676350911458 12
110 0.2 607.075439453125 116.810546875 723.885986328125 40.68994140625 115.01016000600961 13
120 0.4 921.6405029296875 248.26791602331514 1318.43701171875 40.68994140625 180.61886393229167 15
130 0.5 1433.78134765625 223.35424738970724 1675.458984375 40.68994140625 336.6234195106908 19
140 0.1 3834.875 0.0 3834.875 40.68994140625 565.197987874349 24
150 0.7 1455.8128138950892 1686.0567652276563 3834.875 0.660888671875 695.985068359375 25
160 0.8 292.3592224121094 759.3945187539787 3834.875 0.632080078125 862.1973876953125 32
170 1.7 645.5131548713235 998.8195629678186 3834.875 0.606201171875 748.2297546386719 40
180 2.6 401.34056678185095 947.7989148070507 3834.875 0.5830078125 717.5949792694627 57
190 2.5 449.955302734375 814.8044638895703 3834.875 0.5830078125 618.5273319841867 83
200 3.1 363.90011498235884 739.4352616819874 3834.875 0.5830078125 579.5060289171007 108
210 3.4 541.435209386489 833.155767401271 3834.875 0.5751953125 531.4212567446043 139
220 2.9 568.2402175377155 794.5540476291709 3834.875 0.5751953125 533.3893168013909 173
230 2.5 720.7091015625 964.0614919560933 3834.875 0.5751953125 538.3926639368038 202
240 1.8 460.6644694010417 860.4908174969194 3834.875 0.5751953125 558.471566759017 227
250 2.8 429.49440220424106 749.1348266921669 3834.875 0.5751953125 551.285739198023 245
260 2 616.6883911132812 1112.046253486361 4514.8779296875 0.5751953125 538.7943200191735 273
270 2.1 3803.685721261161 10200.394090480238 35147.882080078125 0.5751953125 544.1113214590443 293
280 2.3 510.3420728600544 770.8727400152326 35147.882080078125 0.5751953125 762.1083354585489 314
290 3 452.14647623697925 760.48733484327 35147.882080078125 0.5751953125 744.9254748064262 337
300 2.7 364.92451533564815 677.4685299171509 35147.882080078125 0.5751953125 720.9925866399864 367
310 1.8 740.3864203559028 795.8697388700267 35147.882080078125 0.5751953125 696.591982768877 394
320 2 846.3755126953125 787.2634474373048 35147.882080078125 0.5751953125 698.505331983844 412
330 1.3 387.8786808894231 575.7318228501775 35147.882080078125 0.5751953125 705.351173683449 432
340 1 13416.377465820313 38403.55667008133 128610.23510742188 0.5751953125 696.0766963658708 445
350 0.7 1487.0197056361608 638.4597611821658 128610.23510742188 0.5751953125 975.6437462439903 455
360 0.5 1001.903564453125 820.4664173249687 128610.23510742188 0.5751953125 983.3918668408414 462
370 0.8 1097.0861511230469 859.6174987870414 128610.23510742188 0.5751953125 983.5900648880822 467
380 0.9 1481.5228678385417 797.719476430469 128610.23510742188 0.5751953125 985.5015779194079 475
390 1.3 1181.5619365985576 402.2346765573531 128610.23510742188 0.5751953125 994.7251143022017 484
400 1.1 866.1325017755681 147.9922506187826 128610.23510742188 0.5751953125 999.6121941610601 497
410 0.4 159.27197265625 237.33881868905056 128610.23510742188 0.5751953125 996.7218858613743 508
420 0 0 0 128610.23510742188 0.5751953125 990.1793084144592 512
430 0 0 0 128610.23510742188 0.5751953125 990.1793084144592 512
440 0 0 0 128610.23510742188 0.5751953125 990.1793084144592 512
450 0 0 0 128610.23510742188 0.5751953125 990.1793084144592 512
460 0 0 0 128610.23510742188 0.5751953125 990.1793084144592 512
470 0 0 0 128610.23510742188 0.5751953125 990.1793084144592 512
480 0 0 0 128610.23510742188 0.5751953125 990.1793084144592 512
490 0 0 0 128610.23510742188 0.5751953125 990.1793084144592 512
493 0 0 0 128610.23510742188 0.5751953125 990.1793084144592 512
