10 0.1 1
20 0.4 5
30 0.3 8
40 0.2 10
50 0.3 13
60 0.5 18
70 1 28
80 1 38
90 0.9 47
100 1.1 58
110 1.6 74
120 1.9 93
130 2.6 119
140 3.6 155
150 3.5 190
160 6.6 256
170 6.6 322
180 8.3 405
190 10.9 514
200 11.7 631
210 12.8 759
220 11.8 877
230 11.9 996
240 10.1 1097
250 12.6 1223
260 12.8 1351
270 14.9 1500
280 14 1640
290 13.5 1775
300 21.6 1991
310 12.1 2112
320 6.8 2180
330 4.5 2225
340 5.5 2280
350 1.3 2293
360 2.8 2321
370 1.3 2334
380 2 2354
390 0.1 2355
400 0.1 2356
410 0 2356
420 0 2356
430 0 2356
440 0 2356
450 0 2356
460 0 2356
470 0 2356
473 0 2356
