30 1.6 16
40 2.4 40
50 1.6 56
60 0.8 64
70 2.4 88
80 2.4 112
90 1.6 128
100 2.4 152
110 4.8 200
120 4 240
130 6.4 304
140 4.8 352
150 8.8 440
160 9.4 534
170 17.8 712
180 17.6 888
190 19.8 1086
200 22 1306
210 37.5 1681
220 33.8 2019
230 28.7 2306
240 32.5 2631
250 25.7 2888
260 29.9 3187
270 38.3 3570
280 30.7 3877
290 38.1 4258
300 43.9 4697
310 40.9 5106
320 27.4 5380
330 17.5 5555
340 17.8 5733
350 9.2 5825
360 6.6 5891
370 9.6 5987
380 6.1 6048
390 7.5 6123
400 0 6123
410 1.6 6139
420 3.2 6171
430 1.6 6187
440 0.8 6195
450 0 6195
460 0 6195
470 0.8 6203
473 0 6203
