0 0 0
10 0 0
20 0 0
30 0.6 6
40 0.9 15
50 0.6 21
60 0.5 26
70 0.7 33
80 1.3 46
90 1.7 63
100 1.5 78
110 2 98
120 1.9 117
130 3.1 148
140 2.8 176
150 4.4 220
160 5.2 272
170 8.7 359
180 8.8 447
190 10.1 548
200 14.3 691
210 17 861
220 19.8 1059
230 18.8 1247
240 21.1 1458
250 19.2 1650
260 23.3 1883
270 21.4 2097
280 21.1 2308
290 22.7 2535
300 27.4 2809
310 20.7 3016
320 17.3 3189
330 16.1 3350
340 12.1 3471
350 7.7 3548
360 3.2 3580
370 3.2 3612
380 2.3 3635
390 4.4 3679
400 1.3 3692
410 0.9 3701
420 0.5 3706
430 1 3716
440 0.1 3717
450 0 3717
460 0 3717
470 0.1 3718
473 0 3718
