0 0.1 0.0 0 0.0 0.0 0 0
10 0.1 0.0 0.0 0.0 0.0 0.0 1
20 0.1 0.0 0.0 0.0 0.0 0.0 2
30 0.1 0.0 0.0 0.0 0.0 0.0 3
40 0.1 0.0 0.0 0.0 0.0 0.0 4
50 0.1 0.0 0.0 0.0 0.0 0.0 5
60 0.1 0.0 0.0 0.0 0.0 0.0 6
70 0.1 0.0 0.0 0.0 0.0 0.0 7
80 0.1 0.0 0.0 0.0 0.0 0.0 8
90 0.1 0.0 0.0 0.0 0.0 0.0 9
100 0.1 0.0 0.0 0.0 0.0 0.0 10
110 0.1 0.0 0.0 0.0 0.0 0.0 11
120 0.1 0.0 0.0 0.0 0.0 0.0 12
130 0.1 0.0 0.0 0.0 0.0 0.0 13
140 0.1 0.0 0.0 0.0 0.0 0.0 14
150 0.1 0.0 0.0 0.0 0.0 0.0 15
160 0.1 0.0 0.0 0.0 0.0 0.0 16
170 0.1 0.0 0.0 0.0 0.0 0.0 17
180 0.1 0.078125 0.0 0.078125 0.0 0.0 18
190 0.1 0.140625 0.0 0.140625 0.0 0.004111842105263158 19
200 0.1 0.12109375 0.0 0.140625 0.0 0.0109375 20
210 0.1 0.1796875 0.0 0.1796875 0.0 0.016183035714285716 21
220 0.1 0.21875 0.0 0.21875 0.0 0.02361505681818182 22
230 0.1 0.26953125 0.0 0.26953125 0.0 0.032099184782608696 23
240 0.1 0.30859375 0.0 0.30859375 0.0 0.0419921875 24
250 0.1 0.41015625 0.0 0.41015625 0.0 0.05265625 25
260 0.1 0.4296875 0.0 0.4296875 0.0 0.06640625 26
270 0.1 0.55859375 0.0 0.55859375 0.0 0.0798611111111111 27
280 0.1 0.46875 0.0 0.55859375 0.0 0.09695870535714286 28
290 0.1 0.3984375 0.0 0.55859375 0.0 0.1097790948275862 29
300 0.1 0.48828125 0.0 0.55859375 0.0 0.11940104166666667 30
310 0.1 0.421875 0.0 0.55859375 0.0 0.13130040322580644 31
320 0.1 0.3515625 0.0 0.55859375 0.0 0.140380859375 32
330 0.1 0.30078125 0.0 0.55859375 0.0 0.14678030303030304 33
340 0.1 0.25 0.0 0.55859375 0.0 0.15130974264705882 34
350 0.1 0.2890625 0.0 0.55859375 0.0 0.15412946428571428 35
360 0.1 0.23828125 0.0 0.55859375 0.0 0.15787760416666666 36
370 0.1 0.2109375 0.0 0.55859375 0.0 0.16005067567567569 37
380 0.1 0.171875 0.0 0.55859375 0.0 0.16138980263157895 38
390 0.1 0.1484375 0.0 0.55859375 0.0 0.16165865384615385 39
400 0.1 0.12109375 0.0 0.55859375 0.0 0.161328125 40
410 0.1 0.109375 0.0 0.55859375 0.0 0.1603467987804878 41
420 0.1 0.08984375 0.0 0.55859375 0.0 0.15913318452380953 42
430 0.1 0.078125 0.0 0.55859375 0.0 0.15752180232558138 43
440 0.1 0.05859375 0.0 0.55859375 0.0 0.15571732954545453 44
450 0.1 0.05078125 0.0 0.55859375 0.0 0.15355902777777775 45
460 0.1 0.05078125 0.0 0.55859375 0.0 0.15132472826086954 46
470 0.1 0.0390625 0.0 0.55859375 0.0 0.14918550531914893 47
