10 0.1 206 0 206 206 0 0
20 0.1 409.0 0.0 409 206 206.0 1
30 0.1 426.0 0.0 426 206 307.5 2
40 0.1 659.0 0.0 659 206 347.0 3
50 0.1 764.0 0.0 764 206 425.0 4
60 0.1 728.0 0.0 764 206 492.8 5
70 0.1 821.0 0.0 821 206 532.0 6
80 0.1 1093.0 0.0 1093 206 573.2857142857143 7
90 0.1 1270.0 0.0 1270 206 638.25 8
100 0.1 1381.0 0.0 1381 206 708.4444444444445 9
110 0.1 1786.0 0.0 1786 206 775.7 10
120 0.1 2143.0 0.0 2143 206 867.5454545454545 11
130 0.1 3078.0 0.0 3078 206 973.8333333333334 12
140 0.1 3879.0 0.0 3879 206 1135.6923076923076 13
150 0.1 4394.0 0.0 4394 206 1331.642857142857 14
160 0.1 6087.0 0.0 6087 206 1535.8 15
170 0.1 7771.0 0.0 7771 206 1820.25 16
180 0.1 10267.0 0.0 10267 206 2170.294117647059 17
190 0.1 12352.0 0.0 12352 206 2620.1111111111113 18
200 0.1 16363.0 0.0 16363 206 3132.315789473684 19
210 0.1 19048.0 0.0 19048 206 3793.85 20
220 0.1 20707.0 0.0 20707 206 4520.238095238095 21
230 0.1 21006.0 0.0 21006 206 5256.0 22
240 0.1 20356.0 0.0 21006 206 5940.782608695652 23
250 0.1 20201.0 0.0 21006 206 6541.416666666667 24
260 0.1 20569.0 0.0 21006 206 7087.8 25
270 0.1 21309.0 0.0 21309 206 7606.307692307692 26
280 0.1 20968.0 0.0 21309 206 8113.814814814815 27
290 0.1 19920.0 0.0 21309 206 8572.892857142857 28
300 0.1 20354.0 0.0 21309 206 8964.172413793103 29
310 0.1 17492.0 0.0 21309 206 9343.833333333334 30
320 0.1 11636.0 0.0 21309 206 9606.677419354839 31
330 0.1 8196.0 0.0 21309 206 9670.09375 32
340 0.1 5813.0 0.0 21309 206 9625.424242424242 33
350 0.1 3998.0 0.0 21309 206 9513.29411764706 34
360 0.1 3582.0 0.0 21309 206 9355.714285714286 35
370 0.1 2224.0 0.0 21309 206 9195.333333333334 36
380 0.1 2268.0 0.0 21309 206 9006.918918918918 37
390 0.1 2152.0 0.0 21309 206 8829.578947368422 38
400 0.1 614.0 0.0 21309 206 8658.358974358975 39
410 0.1 423.0 0.0 21309 206 8457.25 40
420 0.1 286.0 0.0 21309 206 8261.292682926829 41
430 0.1 286.0 0.0 21309 206 8071.4047619047615 42
440 0.1 245.0 0.0 21309 206 7890.3488372093025 43
450 0.1 106.0 0.0 21309 106 7716.590909090909 44
460 0.1 10.0 0.0 21309 10 7547.466666666666 45
470 0.1 0.0 0.0 21309 0 7383.608695652174 46
