10 0.1 166 0 166 166 0 0
20 0.1 346.0 0.0 346 166 166.0 1
30 0.1 378.0 0.0 378 166 256.0 2
40 0.1 529.0 0.0 529 166 296.6666666666667 3
50 0.1 624.0 0.0 624 166 354.75 4
60 0.1 600.0 0.0 624 166 408.6 5
70 0.1 688.0 0.0 688 166 440.5 6
80 0.1 908.0 0.0 908 166 475.85714285714283 7
90 0.1 1038.0 0.0 1038 166 529.875 8
100 0.1 1157.0 0.0 1157 166 586.3333333333334 9
110 0.1 1497.0 0.0 1497 166 643.4 10
120 0.1 1718.0 0.0 1718 166 721.0 11
130 0.1 2424.0 0.0 2424 166 804.0833333333334 12
140 0.1 3080.0 0.0 3080 166 928.6923076923077 13
150 0.1 3399.0 0.0 3399 166 1082.357142857143 14
160 0.1 4962.0 0.0 4962 166 1236.8 15
170 0.1 6302.0 0.0 6302 166 1469.625 16
180 0.1 8027.0 0.0 8027 166 1753.8823529411766 17
190 0.1 9897.0 0.0 9897 166 2102.3888888888887 18
200 0.1 12323.0 0.0 12323 166 2512.6315789473683 19
210 0.1 13642.0 0.0 13642 166 3003.15 20
220 0.1 15256.0 0.0 15256 166 3509.7619047619046 21
230 0.1 16067.0 0.0 16067 166 4043.681818181818 22
240 0.1 15706.0 0.0 16067 166 4566.434782608696 23
250 0.1 14596.0 0.0 16067 166 5030.583333333333 24
260 0.1 14254.0 0.0 16067 166 5413.2 25
270 0.1 14469.0 0.0 16067 166 5753.2307692307695 26
280 0.1 14767.0 0.0 16067 166 6076.037037037037 27
290 0.1 14094.0 0.0 16067 166 6386.428571428572 28
300 0.1 14004.0 0.0 16067 166 6652.206896551724 29
310 0.1 12083.0 0.0 16067 166 6897.266666666666 30
320 0.1 8782.0 0.0 16067 166 7064.548387096775 31
330 0.1 6363.0 0.0 16067 166 7118.21875 32
340 0.1 4570.0 0.0 16067 166 7095.333333333333 33
350 0.1 3241.0 0.0 16067 166 7021.058823529412 34
360 0.1 2812.0 0.0 16067 166 6913.057142857143 35
370 0.1 1.7e3 0.0 16067 166 6799.138888888889 36
380 0.1 1705.0 0.0 16067 166 6661.324324324324 37
390 0.1 1611.0 0.0 16067 166 6530.894736842105 38
400 0.1 491.0 0.0 16067 166 6404.74358974359 39
410 0.1 312.0 0.0 16067 166 6256.9 40
420 0.1 223.0 0.0 16067 166 6111.90243902439 41
430 0.1 221.0 0.0 16067 166 5971.690476190476 42
440 0.1 176.0 0.0 16067 166 5837.953488372093 43
450 0.1 76.0 0.0 16067 76 5709.272727272727 44
460 0.1 5.0 0.0 16067 5 5584.0888888888885 45
470 0.1 0.0 0.0 16067 0 5462.804347826086 46
