30 0.6 24200.05049641927 8387.485931022988 35748.81201171875 12142.997802734375 0 0
40 0.9 28865.022026909723 13077.473078682804 42788.02587890625 3170.498046875 24200.05049641927 6
50 0.6 46395.12951660156 6454.19851686491 53784.31298828125 3170.498046875 26999.03341471354 15
60 0.5 33565.46357421875 14297.542478989828 53784.31298828125 3170.498046875 32540.77515811012 21
70 0.7 35086.15628487723 15976.092652399739 57470.656005859375 3170.498046875 32737.830622746395 26
80 1.3 33781.56961763822 15232.632926951066 64591.0029296875 3170.498046875 33235.96030865294 33
90 1.7 42781.495002297794 18715.98384209903 85511.01000976563 3170.498046875 33390.15424380095 46
100 1.5 45944.447021484375 17850.780515658953 85511.01000976563 3170.498046875 35924.32555958581 63
110 2 38172.28470458984 17244.9626704798 85511.01000976563 3170.498046875 37851.271994566305 78
120 1.9 40805.54089997944 15922.26819176908 85511.01000976563 3170.498046875 37916.78479253029 98
130 3.1 36776.9978578629 15733.926964142887 85511.01000976563 3170.498046875 38385.89903220152 117
140 2.8 30159.45468575614 12975.393584472973 85511.01000976563 3170.498046875 38048.899461900866 148
150 4.4 35144.07106711648 16288.753170601325 89658.40209960938 3170.498046875 36793.76052024148 176
160 5.2 34297.6338688777 14218.78527054424 89658.40209960938 3170.498046875 36463.82262961648 220
170 8.7 36472.266298491384 16531.35477459402 89658.40209960938 3170.498046875 36049.69830771053 272
180 8.8 35868.291675914414 16307.640694239019 89658.40209960938 3170.498046875 36152.103363972186 359
190 10.1 37206.79734636061 14807.888717503743 89658.40209960938 3170.498046875 36096.22992202793 447
200 14.3 40581.377692375994 18097.695747089554 105674.70703125 3170.498046875 36300.914794030854 548
210 17 40747.25898437498 16838.387534800608 114542.912109375 3170.498046875 37186.741414093594 691
220 19.8 40288.27965075559 14692.230079760426 114542.912109375 3170.498046875 37889.74720613521 861
230 18.8 43794.39676487699 15814.374747691145 114542.912109375 3170.498046875 38338.198031474996 1059
240 21.1 47024.26844245224 14096.123893929484 114542.912109375 3170.498046875 39160.78452857169 1247
250 19.2 49873.726495107054 14832.887828758041 114542.912109375 3170.498046875 40298.77842831709 1458
260 23.3 53274.550331737875 16446.249102993235 121224.837890625 3170.498046875 41412.95420336174 1650
270 21.4 55400.15149724372 15869.699458282057 121702.51293945313 3170.498046875 42880.692863962715 1883
280 21.1 60668.43065943424 14998.415339648005 154718.15600585938 3170.498046875 44158.310483191206 2097
290 22.7 68791.76816857963 14357.92035702257 157665.59106445313 3170.498046875 45667.68455476282 2308
300 27.4 79407.23955095945 12670.491448437324 159894.6748046875 3170.498046875 47738.36186456022 2535
310 20.7 89459.70684961881 12031.530585038847 159894.6748046875 3170.498046875 50827.45851321575 2809
320 17.3 98404.52839651825 11969.569653065713 162495.53100585938 3170.498046875 53478.94240102591 3016
330 16.1 108808.99234975495 10076.161787764295 162495.53100585938 3170.498046875 55916.109656347384 3189
340 12.1 119631.52840707322 11004.575489724111 178890.8330078125 3170.498046875 58458.12580967234 3350
350 7.7 127276.77392261059 9231.582001675037 178890.8330078125 3170.498046875 60590.647190912765 3471
360 3.2 139743.67568969727 11673.95246789913 178890.8330078125 3170.498046875 62037.89402246314 3548
370 3.2 150527.1471557617 7711.711374658666 178890.8330078125 3170.498046875 62732.470841835064 3580
380 2.3 160554.94178838315 9424.611315016351 195613.56201171875 3170.498046875 63510.27528315446 3612
390 4.4 170042.8872625178 6455.365328860668 195613.56201171875 3170.498046875 64124.31306296746 3635
400 1.3 180992.15010892428 3681.7745658557283 195613.56201171875 3170.498046875 65391.07502675659 3679
410 0.9 186538.42304144966 3516.854958764918 195613.56201171875 3170.498046875 65798.12106577831 3692
420 0.5 201039.2661621094 5517.939779583843 205963.90307617188 3170.498046875 66091.73433726738 3701
430 1 210663.51401367187 3268.474219678335 214751.5419921875 3170.498046875 66273.80062413306 3706
440 0.1 218448.6630859375 0.0 218448.6630859375 3170.498046875 66662.36282378198 3716
450 0 0 0 218448.6630859375 3170.498046875 66703.19852468651 3717
460 0 0 0 218448.6630859375 3170.498046875 66703.19852468651 3717
470 0.1 253730.85717773438 0.0 253730.85717773438 3170.498046875 66703.19852468651 3717
473 0 0 0 253730.85717773438 3170.498046875 66753.50182179599 3718
