0 0.9 58.726101345486114 8.855829185614308 76.64697265625 51.662109375 0 0
10 0.7 55.23301478794643 2.128829490136297 76.64697265625 51.662109375 58.726101345486114 9
20 0.3 53.010335286458336 0.806841891110399 76.64697265625 51.662109375 57.1978759765625 16
30 0.4 56.65826416015625 4.208570566657005 76.64697265625 51.662109375 56.5366853412829 19
40 0.7 54.859305245535715 3.4026183038115976 76.64697265625 51.662109375 56.55782948369565 23
50 0.7 60.156459263392854 8.024097054614073 76.64697265625 51.662109375 56.16150716145833 30
60 0.7 58.128871372767854 3.962950257546098 76.64697265625 51.662109375 56.917308910472975 37
70 0.6 53.747151692708336 2.133929874789406 76.64697265625 51.412109375 57.11005748401988 44
80 0.9 57.45068359375 5.1057241087821055 76.64697265625 51.412109375 56.7065087890625 50
90 1.4 57.048165457589285 5.758224323529893 76.64697265625 50.794189453125 56.82002697960805 59
100 1.4 54.712646484375 1.8465176169934894 76.64697265625 50.794189453125 56.86377956442637 73
110 1.9 57.21242804276316 6.393501338319735 76.64697265625 50.794189453125 56.517620218211206 87
120 3.5 59.676541573660714 6.885811420453987 79.586181640625 50.794189453125 56.64216124336674 106
130 3.8 60.782766241776315 7.665126406838028 80.836181640625 50.794189453125 57.395376218971634 141
140 3.7 58.666972392314186 5.778528077751068 80.836181640625 50.794189453125 58.11448695006983 179
150 4.5 61.60764431423611 8.429810854853681 90.70703125 50.794189453125 58.20912566008391 216
160 7.8 64.23550806290064 9.316636186604375 106.85302734375 50.794189453125 58.79507715217912 261
170 8.7 70.46339854974859 12.22370286649677 115.365966796875 50.794189453125 60.046857715707965 339
180 11.2 75.06607709612169 16.887955016972054 136.39208984375 50.794189453125 62.17417943533598 426
190 14.9 99.64045623164851 28.96896742299348 172.859130859375 50.794189453125 64.8579945617449 538
200 14.1 135.27986480496457 123.02607015485911 1318.8359375 0.64990234375 72.40178901416942 687
210 6.9 400.7559478317482 973.4717407259075 5015.18310546875 0.64990234375 83.10928742781932 828
220 10.6 692.0494753279775 1590.9482710253624 7066.9150390625 0.60498046875 107.54364592042924 897
230 12.4 649.3759647492441 1668.5552780814319 12367.72802734375 0.60498046875 169.31594693458686 1003
240 12 540.7867960611978 1130.2572956146726 12367.72802734375 0.60498046875 222.13532777666094 1127
250 11.4 2073.0220112047714 5103.0737583772225 35531.988037109375 0.60498046875 252.79946265568614 1247
260 10.3 1548.4028344015474 5088.153938130482 36586.094970703125 0.60498046875 405.26483409918046 1361
270 10.2 3270.998951631433 9697.482351603483 64973.576904296875 0.60498046875 485.69052674340435 1464
280 8.1 2008.528874903549 10256.63477561564 66334.5 0.60498046875 667.1090831537358 1566
290 11.7 2614.908662192841 10939.535196440092 67388.26000976563 0.60498046875 733.0805483217594 1647
300 5.1 2666.0295697380516 12255.4733840893 67388.26000976563 0.60498046875 857.8956783234127 1764
310 0 0 0 67388.26000976563 0.60498046875 908.702746346634 1815
320 0 0 0 67388.26000976563 0.60498046875 908.702746346634 1815
330 0 0 0 67388.26000976563 0.60498046875 908.702746346634 1815
340 0.4 31885.08251953125 55125.62338995612 127365.462890625 0.60498046875 908.702746346634 1815
350 4.4 11633.97635165128 36594.970524046956 127389.7158203125 0.60498046875 976.8201290254347 1819
360 0.6 55.1634521484375 2.0027846071945015 127389.7158203125 0.60498046875 1228.5189340686645 1863
370 0 0 0 127389.7158203125 0.60498046875 1224.7521427944423 1869
380 0 0 0 127389.7158203125 0.60498046875 1224.7521427944423 1869
390 0 0 0 127389.7158203125 0.60498046875 1224.7521427944423 1869
400 0 0 0 127389.7158203125 0.60498046875 1224.7521427944423 1869
410 0 0 0 127389.7158203125 0.60498046875 1224.7521427944423 1869
420 0 0 0 127389.7158203125 0.60498046875 1224.7521427944423 1869
430 0 0 0 127389.7158203125 0.60498046875 1224.7521427944423 1869
440 0 0 0 127389.7158203125 0.60498046875 1224.7521427944423 1869
450 0 0 0 127389.7158203125 0.60498046875 1224.7521427944423 1869
460 0 0 0 127389.7158203125 0.60498046875 1224.7521427944423 1869
470 0 0 0 127389.7158203125 0.60498046875 1224.7521427944423 1869
473 0 0 0 127389.7158203125 0.60498046875 1224.7521427944423 1869
