30 0.2 33.3389892578125 1.0599365234375 34.39892578125 32.279052734375 0 0
40 0 0 0 34.39892578125 32.279052734375 33.3389892578125 2
50 0 0 0 34.39892578125 32.279052734375 33.3389892578125 2
60 0.1 30.533203125 0.0 34.39892578125 30.533203125 33.3389892578125 2
70 0 0 0 34.39892578125 30.533203125 32.403727213541664 3
80 0.7 36.623953683035715 8.636513343685111 56.481201171875 30.18408203125 32.403727213541664 3
90 0.3 33.701741536458336 1.2771641523666761 56.481201171875 30.18408203125 35.3578857421875 10
100 0.4 34.2769775390625 3.1339380259190754 56.481201171875 30.18408203125 34.97569861778846 13
110 0.6 39.2254638671875 6.485466056785368 56.481201171875 30.18408203125 34.81129365808823 17
120 1 36.6573486328125 6.141687670331683 56.481201171875 30.18408203125 35.96281632133152 23
130 1.4 34.604806082589285 2.413379014123026 56.481201171875 30.18408203125 36.17328065814394 33
140 1.7 39.23045438878677 6.34716307035282 56.481201171875 30.18408203125 35.706075465425535 47
150 1.7 37.340217141544116 6.994837146314985 60.09619140625 30.18408203125 36.64223861694336 64
160 2.1 39.79042271205357 4.375529996449303 60.09619140625 30.18408203125 36.7887279369213 81
170 3.4 43.17072610294118 8.24597683142209 64.998046875 30.18408203125 37.40672392003677 102
180 3.7 49.862027554898646 12.066572389085248 90.5361328125 30.18408203125 38.84772446576287 136
190 3.7 73.6775100295608 31.744195356423834 147.072021484375 30.18408203125 41.20338466401735 173
200 5.5 98.94924094460227 38.92670979483096 221.3369140625 30.18408203125 46.925016276041674 210
210 5.2 104.56109619140625 31.79255207662965 221.3369140625 30.18408203125 57.72249686762972 265
220 7 187.97926897321426 46.785862469649615 314.925048828125 0.652099609375 65.40580022673501 317
230 6.7 240.66922953591418 46.02037667444825 365.4638671875 0.652099609375 87.5767118863049 387
240 5.6 591.3345075334821 2622.6584452792663 20037.8828125 0.652099609375 110.16966052622521 454
250 7.1 329.18003479863563 769.4755526984551 20037.8828125 0.652099609375 163.00344764859068 510
260 6.7 638.3204327483676 2607.2977246967657 20037.8828125 0.652099609375 183.3107414311263 581
270 5.5 823.3921297940342 4761.163198593452 35807.635009765625 0.652099609375 230.35649655189044 648
280 6.1 1340.192454853996 8366.205604064296 65933.244140625 0.652099609375 276.75330996343797 703
290 5.5 124.32169300426136 104.39127946859372 65933.244140625 0.64794921875 361.66140922825997 764
300 6.5 143.48662484975958 48.651034283998094 65933.244140625 0.64794921875 345.7228446466728 819
310 6.3 45.564329117063494 10.031073529499029 65933.244140625 0.64794921875 330.852534367488 884
320 3.8 40.70306717722039 5.810119155719865 65933.244140625 0.64794921875 311.8734879780722 947
330 2.9 36.059797615840516 5.215747724230746 65933.244140625 0.64794921875 301.4120910334708 985
340 1.8 38.7850341796875 5.506262710597272 65933.244140625 0.64794921875 293.8231201171875 1014
350 0.7 39.239990234375 11.209426240280902 65933.244140625 0.64794921875 289.3747814089753 1032
360 0.6 34.834065755208336 4.1685637327753415 65933.244140625 0.64794921875 287.6895614491849 1039
370 0.9 32.41172960069444 1.0478934975667915 65933.244140625 0.64794921875 286.2377595600329 1045
380 0.8 33.578887939453125 2.8628666421114985 65933.244140625 0.64794921875 284.0703646173061 1054
390 0.4 35.5797119140625 2.872301356346145 65933.244140625 0.64794921875 282.1834231734051 1062
400 0.3 32.072916666666664 1.3162614470448315 65933.244140625 0.64794921875 281.25808091727254 1066
410 0.1 35.237060546875 0.0 65933.244140625 0.64794921875 280.5587773693288 1069
420 0 0 0 65933.244140625 0.64794921875 280.3295047367845 1070
430 0.1 30.865966796875 0.0 65933.244140625 0.64794921875 280.3295047367845 1070
440 0 0 0 65933.244140625 0.64794921875 280.09657893105157 1071
450 0 0 0 65933.244140625 0.64794921875 280.09657893105157 1071
460 0 0 0 65933.244140625 0.64794921875 280.09657893105157 1071
470 0 0 0 65933.244140625 0.64794921875 280.09657893105157 1071
473 0 0 0 65933.244140625 0.64794921875 280.09657893105157 1071
