0 0.9 23.42694769965278 38.821795268807605 132.343994140625 6.162841796875 0 0
10 0.9 9.547526041666666 2.857836623912986 132.343994140625 6.06005859375 23.42694769965278 9
20 0.2 6.9364013671875 0.2335205078125 132.343994140625 6.06005859375 16.48723687065972 18
30 0.4 8.12274169921875 1.9862202330913121 132.343994140625 5.9169921875 15.5321533203125 20
40 0.6 8.686319986979166 1.6883154559883526 132.343994140625 5.9169921875 14.297251383463541 24
50 0.9 7.734510633680555 1.7609250732539685 132.343994140625 5.756103515625 13.175065104166666 30
60 0.5 8.66494140625 2.549393498530589 132.343994140625 5.756103515625 11.919552534054487 39
70 0.7 7.709019252232143 2.436851877912616 132.343994140625 5.756103515625 11.549710360440342 44
80 1.1 7.715043501420454 2.0375475590665686 132.343994140625 5.756103515625 11.02255667892157 51
90 1.5 8.016552734375 2.09241480448425 132.343994140625 5.756103515625 10.43573982484879 62
100 1.3 7.397329477163462 1.599236787894152 132.343994140625 5.68505859375 9.964469612418831 77
110 1.9 8.1103515625 2.2152434607788756 132.343994140625 5.68505859375 9.593660481770833 90
120 4.1 8.299012719131097 2.3537594359794456 132.343994140625 5.68505859375 9.335102046301605 109
130 3.8 7.938348067434212 1.9309820938774325 132.343994140625 5.68505859375 9.051904296875 150
140 3.2 8.220619201660156 1.924931472761297 132.343994140625 5.68505859375 8.826823782413564 188
150 5.7 8.43845942982456 2.160494845458565 132.343994140625 5.68505859375 8.738648570667614 220
160 8.3 8.657638365963855 2.1980633033133437 132.343994140625 5.68505859375 8.676876798003159 277
170 8.2 10.745790062881099 7.642874827618613 132.343994140625 5.68505859375 8.67244127061632 360
180 11.8 14.49507580773305 11.179687637865012 132.343994140625 5.68505859375 9.05708968909078 442
190 16.2 29.80195222077546 23.82353727271438 132.343994140625 5.68505859375 10.202951049804687 560
200 12.5 409.51848242187504 544.3512526374063 2176.06103515625 5.68505859375 14.600510869329986 722
210 9.6 4197.376930236816 1079.1347238867077 6143.184814453125 5.68505859375 72.88238388475871 847
220 10.4 6093.410909799429 1459.2674542712227 13490.77294921875 5.68505859375 492.76730058655886 943
230 13 6796.69433218149 3592.1154208758953 21088.531005859375 5.68505859375 1049.0872006420875 1047
240 12.5 7096.2736738281255 4433.410580450815 21088.531005859375 5.68505859375 1683.9121174646214 1177
250 11.4 27001.191862407482 9243.235849851504 38538.9169921875 5.68505859375 2203.5320825532835 1302
260 9.8 34211.67936363997 4085.2164376605333 38538.9169921875 5.68505859375 4199.9538444906975 1416
270 8 44073.16967773439 13159.876066572057 65247.12109375 5.68505859375 6142.588653524138 1514
280 8.9 66717.80030119818 1129.2054657304432 69068.0498046875 5.68505859375 8046.256459005205 1594
290 10.4 67564.45843740608 1551.9522191243643 69880.46484375 5.68505859375 11148.910886786058 1683
300 3.3 63509.43631628788 312.1919759782019 69880.46484375 5.68505859375 14432.188416312907 1787
310 0 0 0 69880.46484375 5.68505859375 15322.050603510255 1820
320 0 0 0 69880.46484375 5.68505859375 15322.050603510255 1820
330 0 0 0 69880.46484375 5.68505859375 15322.050603510255 1820
340 1 127275.31977539063 43.63294565080509 127345.2041015625 5.68505859375 15322.050603510255 1820
350 3.9 127268.33913636819 44.757646714262066 127352.53393554688 5.68505859375 15933.817101717252 1830
360 0 0 0 127352.53393554688 5.68505859375 18257.0093753135 1869
370 0 0 0 127352.53393554688 5.68505859375 18257.0093753135 1869
380 0 0 0 127352.53393554688 5.68505859375 18257.0093753135 1869
390 0 0 0 127352.53393554688 5.68505859375 18257.0093753135 1869
400 0 0 0 127352.53393554688 5.68505859375 18257.0093753135 1869
410 0 0 0 127352.53393554688 5.68505859375 18257.0093753135 1869
420 0 0 0 127352.53393554688 5.68505859375 18257.0093753135 1869
430 0 0 0 127352.53393554688 5.68505859375 18257.0093753135 1869
440 0 0 0 127352.53393554688 5.68505859375 18257.0093753135 1869
450 0 0 0 127352.53393554688 5.68505859375 18257.0093753135 1869
460 0 0 0 127352.53393554688 5.68505859375 18257.0093753135 1869
470 0 0 0 127352.53393554688 5.68505859375 18257.0093753135 1869
473 0 0 0 127352.53393554688 5.68505859375 18257.0093753135 1869
