10 0.7 12.401785714285714 2.8202549505133607 18.7998046875 10.321044921875 0 0
20 0.7 11.477469308035714 1.5544340044169287 18.7998046875 10.005126953125 12.401785714285714 7
30 0.4 11.03302001953125 0.6556748498115028 18.7998046875 10.005126953125 11.939627511160714 14
40 0.2 10.8145751953125 0.0904541015625 18.7998046875 10.005126953125 11.7381591796875 18
50 0.7 11.340436662946429 1.94741618622448 18.7998046875 10.005126953125 11.64580078125 20
60 0.5 11.792578125 1.1090378004361823 18.7998046875 10.005126953125 11.56663230613426 27
70 1.2 10.942423502604166 1.0529397627686683 18.7998046875 9.925048828125 11.601936340332031 32
80 0.5 12.001416015625 2.31993374491499 18.7998046875 9.925048828125 11.422069202769887 44
90 1 11.1043212890625 1.1756266345895439 18.7998046875 9.925048828125 11.481186224489797 49
100 1.3 11.247596153846153 1.5952809917383857 18.7998046875 9.925048828125 11.417310811705509 59
110 1.3 11.940561147836538 2.7349105890852172 20.567138671875 9.925048828125 11.386667887369791 72
120 1.4 11.787772042410714 1.5944326403469495 20.567138671875 9.925048828125 11.471380974264706 85
130 2.9 12.451003502155173 2.140864399532532 20.567138671875 9.925048828125 11.516123145517676 99
140 3.7 12.379196579391891 2.917668047553568 27.408935546875 9.925048828125 11.72793197631836 128
150 4 12.476708984375 2.1434638932101 27.408935546875 9.925048828125 11.873973129734848 165
160 4.1 12.891274056783537 2.7399799502680606 27.408935546875 9.925048828125 11.991580125762194 205
170 7.2 15.222547743055555 6.515733791260404 42.866943359375 9.925048828125 12.141529114265753 246
180 7.6 17.68019184313322 8.779328280064773 54.139892578125 9.925048828125 12.83911823776533 318
190 10 34.537587890625 23.95229579634737 112.85400390625 9.925048828125 13.772929390069796 394
200 12.5 64.612408203125 45.80269921835405 199.3740234375 0.85107421875 17.97630155617409 494
210 12.9 112.88718432049414 397.3425505416916 4595.3798828125 0.816162109375 27.393932139160945 619
220 10.5 205.8744791666667 529.9573984581309 5588.907958984375 0.816162109375 42.13808926669033 748
230 10.1 261.23534189356434 576.8082678614201 5989.748046875 0.816162109375 62.29321346305319 853
240 11 245.26086425781236 331.5892634451072 5989.748046875 0.816162109375 83.35522077068593 954
250 11.7 386.2569590511485 1858.7874182861851 19929.463134765625 0.816162109375 100.0935861687911 1064
260 11.8 875.1308800648835 4626.950654189803 35950.501953125 0.787109375 128.44338686924482 1181
270 12.1 197.6397251097624 371.62475664680244 35950.501953125 0.787109375 196.2718119632289 1299
280 9.1 185.1629571600275 756.3140636493677 35950.501953125 0.787109375 196.38837357641947 1420
290 9.2 915.3344116210938 7165.478766512945 68986.48706054688 0.787109375 195.712322687014 1511
300 10 110.18218994140621 47.10921955228971 68986.48706054688 0.787109375 237.01315374249455 1603
310 7.9 20.527278851859176 11.999612111456827 68986.48706054688 0.787109375 229.5656514640983 1703
320 2.6 13.341627854567308 3.5888660311657707 68986.48706054688 0.787109375 220.2985182225905 1782
330 0.3 11.837646484375 3.442989410991637 68986.48706054688 0.787109375 217.32236825048395 1808
340 0.3 42447.263916015625 60014.37224276558 127320.40307617188 0.787109375 216.98197390189296 1811
350 0.9 11.93142361111111 1.659118696904104 127320.40307617188 0.787109375 286.8225724831174 1814
360 3 11.6082763671875 1.6188082741591299 127320.40307617188 0.787109375 285.4654576505074 1823
370 1.3 10.957557091346153 1.1448815310094316 127320.40307617188 0.787109375 281.03172023091776 1853
380 0.2 10.611572265625 0.24853515625 127320.40307617188 0.787109375 279.1501746141898 1866
390 0.1 13.197021484375 0.0 127320.40307617188 0.787109375 278.86266005064743 1868
400 0 0 0 127320.40307617188 0.787109375 278.7205168518426 1869
410 0 0 0 127320.40307617188 0.787109375 278.7205168518426 1869
420 0 0 0 127320.40307617188 0.787109375 278.7205168518426 1869
430 0 0 0 127320.40307617188 0.787109375 278.7205168518426 1869
440 0 0 0 127320.40307617188 0.787109375 278.7205168518426 1869
450 0 0 0 127320.40307617188 0.787109375 278.7205168518426 1869
460 0 0 0 127320.40307617188 0.787109375 278.7205168518426 1869
470 0 0 0 127320.40307617188 0.787109375 278.7205168518426 1869
473 0 0 0 127320.40307617188 0.787109375 278.7205168518426 1869
