0 0.5 8.96875 0.6997574249669574 9.94091796875 8.10498046875 0 0
10 0.7 12.61181640625 10.401412989348767 38.044921875 7.716796875 8.96875 5
20 0.5 8.22177734375 1.5967796147892426 38.044921875 7.239990234375 11.0938720703125 12
30 0.3 8.21142578125 0.7391909691285788 38.044921875 7.239990234375 10.249138327205882 17
40 0.5 8.54423828125 0.5355724949068241 38.044921875 7.239990234375 9.9434814453125 20
50 0.9 7.55078125 0.5867659638822043 38.044921875 7.14111328125 9.6636328125 25
60 0.5 8.308935546875 1.4713401081685142 38.044921875 7.14111328125 9.104348575367647 34
70 1 7.697607421875 0.2830704413723686 38.044921875 7.14111328125 9.002372546073717 39
80 0.3 7.969563802083333 0.723409101323827 38.044921875 7.14111328125 8.736093949298468 49
90 1.4 10.080025809151786 6.379368095093205 38.044921875 7.14111328125 8.691871056189903 52
100 1.6 8.583602905273438 1.345697557880059 38.044921875 7.070068359375 8.986328125 66
110 1.6 9.265594482421875 2.019391397903944 38.044921875 7.070068359375 8.907747594321647 82
120 1.9 8.489039370888158 1.30460820020419 38.044921875 7.070068359375 8.966171576052297 98
130 4.8 11.5098876953125 14.969343907812656 112.595947265625 7.070068359375 8.888688568376068 117
140 3.4 9.728573069852942 3.094278352253487 112.595947265625 7.070068359375 9.651219223484848 165
150 4.2 9.845185779389883 2.3736279016167545 112.595947265625 7.070068359375 9.664435458542712 199
160 6.5 10.387766676682693 2.366929712264297 112.595947265625 7.070068359375 9.695935514457988 241
170 7.1 13.80987978653169 8.598716484209184 112.595947265625 7.070068359375 9.842893114276961 306
180 10.3 14.871153007433248 9.806712582654418 112.595947265625 7.070068359375 10.589991400033156 377
190 12.7 32.094259427288385 26.949167014374346 112.595947265625 7.070068359375 11.508657328287761 480
200 15.2 65.2935887386924 68.45229057470104 689.94189453125 0.7060546875 15.815694340764002 607
210 10.1 139.96184396271664 504.10793803753745 4631.092041015625 0.7060546875 25.724310873682473 759
220 9.5 154.28588610197363 42.849170597574734 4631.092041015625 0.7060546875 39.140579294603924 860
230 10.9 493.7557765015771 1196.0770190539808 6622.952880859375 0.6220703125 50.59482447439463 955
240 12.2 238.83266761654713 348.03756214042505 6622.952880859375 0.6220703125 95.99383177793118 1064
250 11.4 416.94233355605803 1891.412830506986 19443.2080078125 0.6220703125 110.68720274952574 1186
260 12 358.706903076172 1925.384156327078 20903.39990234375 0.6220703125 137.54342191256012 1300
270 9.3 217.1030509702622 532.7731463237899 20903.39990234375 0.6220703125 156.2332935601893 1420
280 9.4 41.28731195977395 26.583374177834997 20903.39990234375 0.6220703125 159.9747921980854 1513
290 9.7 877.0115073292527 6909.461764794224 68373.52392578125 0.60302734375 153.03227624139512 1607
300 8.8 1725.8411421342332 9538.955653400735 68373.52392578125 0.60302734375 194.24470899698326 1704
310 2.2 11.796031605113637 5.929041875304576 68373.52392578125 0.60302734375 269.45703383854465 1792
320 0.1 16.926025390625 0.0 68373.52392578125 0.60302734375 266.3321484751844 1814
330 0 0 0 68373.52392578125 0.60302734375 266.19473463326455 1815
340 0 0 0 68373.52392578125 0.60302734375 266.19473463326455 1815
350 3 9.27203776041667 3.69177553240247 68373.52392578125 0.60302734375 266.19473463326455 1815
360 2.4 8.388854980468748 1.4566123337170818 68373.52392578125 0.60302734375 262.0171298060638 1845
370 0 0 0 68373.52392578125 0.60302734375 258.76026592387313 1869
380 0 0 0 68373.52392578125 0.60302734375 258.76026592387313 1869
390 0 0 0 68373.52392578125 0.60302734375 258.76026592387313 1869
400 0 0 0 68373.52392578125 0.60302734375 258.76026592387313 1869
410 0 0 0 68373.52392578125 0.60302734375 258.76026592387313 1869
420 0 0 0 68373.52392578125 0.60302734375 258.76026592387313 1869
430 0 0 0 68373.52392578125 0.60302734375 258.76026592387313 1869
440 0 0 0 68373.52392578125 0.60302734375 258.76026592387313 1869
450 0 0 0 68373.52392578125 0.60302734375 258.76026592387313 1869
460 0 0 0 68373.52392578125 0.60302734375 258.76026592387313 1869
470 0 0 0 68373.52392578125 0.60302734375 258.76026592387313 1869
473 0 0 0 68373.52392578125 0.60302734375 258.76026592387313 1869
