30 1.6 5.0128631591796875 0.8722562077836484 7.169921875 4.465087890625 0 0
40 2.4 5.000722249348959 0.9616662223615418 8.68701171875 4.465087890625 5.0128631591796875 16
50 1.6 4.9219512939453125 1.0764355196995168 9.074951171875 4.465087890625 5.00557861328125 40
60 0.8 4.54779052734375 0.12323442425587199 9.074951171875 4.406982421875 4.981685093470982 56
70 2.4 5.060577392578124 1.2863391184798008 10.465087890625 4.406982421875 4.927448272705078 64
80 2.4 5.169158935546876 1.2287434088552263 10.465087890625 4.406982421875 4.963756214488637 88
90 1.6 5.373931884765625 1.2816292529283224 10.465087890625 4.406982421875 5.007771083286831 112
100 2.4 4.694315592447917 0.565572585161918 10.465087890625 4.376953125 5.05354118347168 128
110 4.8 5.086898803710937 1.0245424588439649 10.465087890625 4.347900390625 4.9968213533100325 152
120 4 5.542633056640625 1.1786191064638647 10.465087890625 4.347900390625 5.01843994140625 200
130 6.4 5.986228942871094 3.682706639020758 28.46484375 4.347900390625 5.105805460611979 240
140 4.8 6.071502685546875 1.8072249453068874 28.46484375 4.347900390625 5.29115777266653 304
150 8.8 6.02280495383523 1.8489061888664458 28.46484375 4.347900390625 5.397568442604759 352
160 9.4 6.0491579745678195 1.5848673791474464 28.46484375 4.347900390625 5.522615744850852 440
170 17.8 7.508931706460674 3.9476188364434854 30.51416015625 4.347900390625 5.615302953827247 534
180 17.6 8.660880348899148 6.30569557439208 45.630859375 4.347900390625 6.088710141985604 712
190 19.8 23.02414032907197 19.94431216022817 101.10205078125 4.347900390625 6.598509642454955 888
200 22 47.047703968394906 34.16103661660911 183.266845703125 0.9638671875 9.593237889186234 1086
210 38.9 102.76077984415166 424.2934428604158 5079.69482421875 0.697021484375 15.902566018915106 1306
220 33.5 156.70862581623138 300.0677040932371 5591.69189453125 0.697021484375 35.83639798234697 1695
230 29.5 220.52957577462925 369.00168115244276 5591.69189453125 0.697021484375 55.78329272340671 2030
240 32.7 216.71318105528488 274.07892469467185 5591.69189453125 0.697021484375 76.68658455141129 2325
250 25.9 180.3857714089648 306.9536220820294 5591.69189453125 0.697021484375 93.95230742349526 2652
260 30.7 168.73147235087538 323.56534968219944 5591.69189453125 0.697021484375 101.64254004879125 2911
270 37.1 169.93949260865904 390.360160688668 5591.69189453125 0.697021484375 108.0428825648695 3218
280 29.6 40.99101298564194 30.148449162209744 5591.69189453125 0.697021484375 114.44122258332754 3589
290 35.7 88.17647332370444 161.77286353331334 5591.69189453125 0.676025390625 108.84501613778959 3885
300 44.7 83.81034970550196 56.77908707196157 5591.69189453125 0.672119140625 107.10558431680224 4242
310 41.2 8.607984820615899 6.348729108920991 5591.69189453125 0.672119140625 104.88486137560982 4689
320 27.6 6.2895171676856885 2.2344991287016835 5591.69189453125 0.672119140625 97.10872470816079 5101
330 18.4 5.6398036790930695 1.6556373624329037 5591.69189453125 0.672119140625 92.4469986004481 5377
340 19.1 5.353919543520941 1.3007893332962255 5591.69189453125 0.672119140625 89.57475909936389 5561
350 8.8 5.907140558416196 1.8905168337011942 5591.69189453125 0.672119140625 86.77813525458537 5752
360 6.4 4.972072601318361 0.9456545683938612 5591.69189453125 0.672119140625 85.55953122491707 5840
370 9.6 5.309745788574218 1.3867215061174352 5591.69189453125 0.672119140625 84.68595443766938 5904
380 6.9 5.213516898777174 1.3057636572144304 5591.69189453125 0.672119140625 83.41593509928386 6000
390 7.5 5.102952473958333 1.1190966887478537 5591.69189453125 0.672119140625 82.52683197589698 6069
400 0 0 0 5591.69189453125 0.672119140625 81.58171625932059 6144
410 1.6 5.08367919921875 1.2151380302105126 5591.69189453125 0.672119140625 81.58171625932059 6144
420 3.2 4.676536560058595 0.6680031967186951 5591.69189453125 0.672119140625 81.38302005916448 6160
430 1.6 5.320709228515625 1.3300775784926897 5591.69189453125 0.672119140625 80.98660412376859 6192
440 0.8 5.584259033203125 1.6421655798514367 5591.69189453125 0.672119140625 80.79158893073958 6208
450 0 0 0 5591.69189453125 0.672119140625 80.69479700036952 6216
460 0 0 0 5591.69189453125 0.672119140625 80.69479700036952 6216
470 0.8 4.50714111328125 0.11975898676999616 5591.69189453125 0.672119140625 80.69479700036952 6216
473 0 0 0 5591.69189453125 0.672119140625 80.59686942210848 6224
