10 0.4 4
20 0.6 10
30 0.4 14
40 1.2 26
50 1 36
60 1.4 50
70 1.2 62
80 1.2 74
90 2 94
100 2.3 117
110 3.1 148
120 2.6 174
130 2.9 203
140 2.9 232
150 3.6 268
160 4.1 309
170 7.8 387
180 9.4 481
190 10 581
200 13.5 716
210 13.1 847
220 16.1 1008
230 15 1158
240 14.3 1301
250 13.6 1437
260 12.1 1558
270 12.3 1681
280 13.6 1817
290 14.7 1964
300 16.1 2125
310 14.4 2269
320 16.6 2435
330 15.9 2594
340 18.5 2779
350 16.2 2941
360 12.2 3063
370 12.4 3187
380 14.2 3329
390 15.7 3486
400 15.1 3637
410 16.4 3801
420 3.5 3836
430 0.1 3837
440 0.1 3838
450 1.7 3855
460 0 3855
470 0 3855
480 0 3855
490 0 3855
492 0 3855
