50 0.8 8
60 0.8 16
70 0 16
80 0.8 24
90 2.4 48
100 2.4 72
110 0.4 76
120 1.1 87
130 0.4 91
140 0.5 96
150 1.5 111
160 2 131
170 4.3 174
180 5.9 233
190 5.5 288
200 9.2 380
210 10.5 485
220 13.2 617
230 14.1 758
240 12.3 881
250 10.8 989
260 13.1 1120
270 12.4 1244
280 11.5 1359
290 15.6 1515
300 14.1 1656
310 12.1 1777
320 15.5 1932
330 18.9 2121
340 25.4 2375
350 19 2565
360 12.5 2690
370 9.3 2783
380 9 2873
390 9.3 2966
400 7.6 3042
410 8.9 3131
420 2.2 3153
430 0.3 3156
440 0.8 3164
450 0 3164
460 0 3164
470 0 3164
480 0 3164
490 0 3164
492 0 3164
