140 9.1 91
150 25.2 343
160 50.2 845
170 71 1555
180 101.2 2567
190 150.1 4068
200 152.5 5593
210 156.6 7159
220 153.4 8693
230 162 10313
240 174.4 12057
250 168.7 13744
260 173.2 15476
270 211.5 17591
280 202.8 19619
290 156.6 21185
300 166.5 22850
310 191.6 24766
320 121.5 25981
330 70.5 26686
340 16.9 26855
350 50.3 27358
360 44.3 27801
370 23 28031
380 7.6 28107
390 0 28107
400 0 28107
410 0 28107
420 0 28107
430 0 28107
440 0 28107
450 0 28107
460 0 28107
470 0 28107
480 0 28107
490 0 28107
492 0 28107
