0 2 2
10 14 12
20 21 7
30 25 4
40 34 9
50 42 8
60 48 6
70 65 17
80 74 9
90 85 11
100 104 19
110 122 18
120 153 31
130 210 57
140 275 65
150 352 77
160 468 116
170 562 94
180 716 154
190 925 209
200 1017 92
210 1022 5
220 1038 16
230 1033 -5
240 1037 4
250 1047 10
260 1009 -38
270 990 -19
280 1009 19
290 1016 7
300 986 -30
310 789 -197
320 608 -181
330 482 -126
340 407 -75
350 421 14
360 364 -57
370 312 -52
380 247 -65
390 197 -50
400 145 -52
410 74 -71
420 43 -31
430 27 -16
440 17 -10
450 13 -4
460 8 -5
470 3 -5
480 2 -1
490 1 -1
492 0 -1
