0 0 0
10 0.1 1
20 0.2 3
30 0.2 5
40 0.2 7
50 0.5 12
60 1 22
70 0.9 31
80 0.6 37
90 1.3 50
100 2.1 71
110 1.6 87
120 1.5 102
130 1.5 117
140 1.6 133
150 2.9 162
160 3.8 200
170 7.4 274
180 7.3 347
190 11.9 466
200 15.9 625
210 14.7 772
220 13.6 908
230 17 1078
240 16.5 1243
250 18.6 1429
260 18.7 1616
270 21.1 1827
280 20.8 2035
290 17.8 2213
300 18.1 2394
310 21 2604
320 18 2784
330 13.1 2915
340 10.4 3019
350 10 3119
360 10.4 3223
370 6 3283
380 6.9 3352
390 5.1 3403
400 5.1 3454
410 7.1 3525
420 3 3555
430 1.6 3571
440 1 3581
450 0.5 3586
460 0.5 3591
470 0.5 3596
480 0.1 3597
490 0.2 3599
492 0 3599
