0 0.1 0.01171875 0 0.01171875 0.01171875 0 0
10 0.1 0.01171875 0.0 0.01171875 0.01171875 0.01171875 1
20 0.1 0.01171875 0.0 0.01171875 0.01171875 0.01171875 2
30 0.1 0.01171875 0.0 0.01171875 0.01171875 0.01171875 3
40 0.1 0.01171875 0.0 0.01171875 0.01171875 0.01171875 4
50 0.1 0.0 0.0 0.01171875 0.0 0.01171875 5
60 0.1 0.0 0.0 0.01171875 0.0 0.009765625 6
70 0.1 0.0 0.0 0.01171875 0.0 0.008370535714285714 7
80 0.1 0.0 0.0 0.01171875 0.0 0.00732421875 8
90 0.1 0.0 0.0 0.01171875 0.0 0.006510416666666667 9
100 0.1 0.0 0.0 0.01171875 0.0 0.005859375 10
110 0.1 0.078125 0.0 0.078125 0.0 0.005326704545454545 11
120 0.1 0.0703125 0.0 0.078125 0.0 0.011393229166666666 12
130 0.1 0.05859375 0.0 0.078125 0.0 0.015925480769230768 13
140 0.1 0.05078125 0.0 0.078125 0.0 0.018973214285714284 14
150 0.1 0.0390625 0.0 0.078125 0.0 0.02109375 15
160 0.1 0.0390625 0.0 0.078125 0.0 0.022216796875 16
170 0.1 0.1015625 0.0 0.1015625 0.0 0.023207720588235295 17
180 0.1 0.08984375 0.0 0.1015625 0.0 0.027560763888888888 18
190 0.1 0.0703125 0.0 0.1015625 0.0 0.030838815789473683 19
200 0.1 0.05859375 0.0 0.1015625 0.0 0.0328125 20
210 0.1 0.05078125 0.0 0.1015625 0.0 0.03404017857142857 21
220 0.1 0.12890625 0.0 0.12890625 0.0 0.03480113636363636 22
230 0.1 0.109375 0.0 0.12890625 0.0 0.03889266304347826 23
240 0.1 0.171875 0.0 0.171875 0.0 0.041829427083333336 24
250 0.1 0.21875 0.0 0.21875 0.0 0.04703125 25
260 0.1 0.1796875 0.0 0.21875 0.0 0.053635817307692304 26
270 0.1 0.23828125 0.0 0.23828125 0.0 0.05830439814814815 27
280 0.1 0.19921875 0.0 0.23828125 0.0 0.06473214285714286 28
290 0.1 0.171875 0.0 0.23828125 0.0 0.06936961206896551 29
300 0.1 0.140625 0.0 0.23828125 0.0 0.07278645833333333 30
310 0.1 0.12109375 0.0 0.23828125 0.0 0.07497479838709678 31
320 0.1 0.1796875 0.0 0.23828125 0.0 0.076416015625 32
330 0.1 0.1484375 0.0 0.23828125 0.0 0.07954545454545454 33
340 0.1 0.12890625 0.0 0.23828125 0.0 0.08157169117647059 34
350 0.1 0.19140625 0.0 0.23828125 0.0 0.08292410714285714 35
360 0.1 0.16015625 0.0 0.23828125 0.0 0.0859375 36
370 0.1 0.140625 0.0 0.23828125 0.0 0.08794341216216216 37
380 0.1 0.12109375 0.0 0.23828125 0.0 0.0893297697368421 38
390 0.1 0.1015625 0.0 0.23828125 0.0 0.09014423076923077 39
400 0.1 0.16015625 0.0 0.23828125 0.0 0.0904296875 40
410 0.1 0.140625 0.0 0.23828125 0.0 0.09213033536585366 41
420 0.1 0.12109375 0.0 0.23828125 0.0 0.09328497023809523 42
430 0.1 0.1015625 0.0 0.23828125 0.0 0.09393168604651163 43
440 0.1 0.078125 0.0 0.23828125 0.0 0.09410511363636363 44
450 0.1 0.0703125 0.0 0.23828125 0.0 0.09375 45
460 0.1 0.05859375 0.0 0.23828125 0.0 0.09324048913043478 46
470 0.1 0.05078125 0.0 0.23828125 0.0 0.09250332446808511 47
480 0.1 0.0390625 0.0 0.23828125 0.0 0.09163411458333333 48
490 0.1 0.0390625 0.0 0.23828125 0.0 0.09056122448979592 49
