10 0.1 26 0 26 26 0 0
20 0.1 167.0 0.0 167 26 26.0 1
30 0.1 278.0 0.0 278 26 96.5 2
40 0.1 217.0 0.0 278 26 157.0 3
50 0.1 606.0 0.0 606 26 172.0 4
60 0.1 643.0 0.0 643 26 258.8 5
70 0.1 832.0 0.0 832 26 322.8333333333333 6
80 0.1 908.0 0.0 908 26 395.57142857142856 7
90 0.1 819.0 0.0 908 26 459.625 8
100 0.1 1617.0 0.0 1617 26 499.55555555555554 9
110 0.1 1698.0 0.0 1698 26 611.3 10
120 0.1 1651.0 0.0 1698 26 710.0909090909091 11
130 0.1 1539.0 0.0 1698 26 788.5 12
140 0.1 1908.0 0.0 1908 26 846.2307692307693 13
150 0.1 1791.0 0.0 1908 26 922.0714285714286 14
160 0.1 2543.0 0.0 2543 26 980.0 15
170 0.1 3222.0 0.0 3222 26 1077.6875 16
180 0.1 4152.0 0.0 4152 26 1203.8235294117646 17
190 0.1 4725.0 0.0 4725 26 1367.611111111111 18
200 0.1 5894.0 0.0 5894 26 1544.3157894736842 19
210 0.1 6032.0 0.0 6032 26 1761.8 20
220 0.1 6120.0 0.0 6120 26 1965.142857142857 21
230 0.1 6038.0 0.0 6120 26 2154.0 22
240 0.1 6563.0 0.0 6563 26 2322.8695652173915 23
250 0.1 6622.0 0.0 6622 26 2499.541666666667 24
260 0.1 6509.0 0.0 6622 26 2664.44 25
270 0.1 7043.0 0.0 7043 26 2812.3076923076924 26
280 0.1 7019.0 0.0 7043 26 2969.0 27
290 0.1 7118.0 0.0 7118 26 3113.6428571428573 28
300 0.1 6806.0 0.0 7118 26 3251.7241379310344 29
310 0.1 7464.0 0.0 7464 26 3370.2 30
320 0.1 6437.0 0.0 7464 26 3502.2580645161293 31
330 0.1 4866.0 0.0 7464 26 3593.96875 32
340 0.1 4380.0 0.0 7464 26 3632.5151515151515 33
350 0.1 4648.0 0.0 7464 26 3654.5 34
360 0.1 4088.0 0.0 7464 26 3682.885714285714 35
370 0.1 2935.0 0.0 7464 26 3694.1388888888887 36
380 0.1 2606.0 0.0 7464 26 3673.6216216216217 37
390 0.1 2873.0 0.0 7464 26 3645.5263157894738 38
400 0.1 2993.0 0.0 7464 26 3625.7179487179487 39
410 0.1 3219.0 0.0 7464 26 3609.9 40
420 0.1 1906.0 0.0 7464 26 3600.3658536585367 41
430 0.1 755.0 0.0 7464 26 3560.0238095238096 42
440 0.1 621.0 0.0 7464 26 3494.7906976744184 43
450 0.1 326.0 0.0 7464 26 3429.4772727272725 44
460 0.1 107.0 0.0 7464 26 3360.511111111111 45
470 0.1 113.0 0.0 7464 26 3289.782608695652 46
480 0.1 71.0 0.0 7464 26 3222.191489361702 47
490 0.1 160.0 0.0 7464 26 3156.5416666666665 48
