10 0.1 5444.763916015625 0 5444.763916015625 5444.763916015625 0 0
20 0.2 10610.799072265625 1571.31591796875 12182.114990234375 5444.763916015625 5444.763916015625 1
30 0.2 26130.367431640625 1835.17041015625 27965.537841796875 5444.763916015625 8888.787353515625 3
40 0.2 29293.18505859375 3644.72802734375 32937.9130859375 5444.763916015625 15785.419384765624 5
50 0.5 28458.71259765625 14723.301432775 47824.4150390625 5444.763916015625 19644.781005859375 7
60 1 26965.73957519531 13494.0594449809 59385.847900390625 5444.763916015625 23317.252502441406 12
70 0.9 32775.477918836805 15972.712865790434 59385.847900390625 5444.763916015625 24975.655717329544 22
80 0.6 35736.063639322914 19138.286806220778 64587.225830078125 5444.763916015625 27240.120227444557 31
90 1.3 35626.77724984975 18249.465295107864 69579.23193359375 5444.763916015625 28617.84078072213 37
100 2.1 44367.06125604539 25568.700558586715 88491.80688476563 5444.763916015625 30440.16426269531 50
110 1.6 36302.729553222656 25786.21186890782 103929.787109375 5444.763916015625 34559.38731706646 71
120 1.5 31585.750439453128 13910.300849633093 103929.787109375 5444.763916015625 34880.00198118714 87
130 1.5 50117.064697265625 18488.532998143288 103929.787109375 5444.763916015625 34395.553225049785 102
140 1.6 29766.77555847168 10652.242323878136 103929.787109375 5444.763916015625 36411.13161892361 117
150 2.9 45793.42640422951 28868.49447351895 133750.38500976563 5444.763916015625 35611.810589094806 133
160 3.8 39704.27636076274 20713.337491799713 133750.38500976563 5444.763916015625 37434.4455189646 162
170 7.4 38108.750310124575 24427.67926173098 133750.38500976563 5209.39794921875 37865.71337890625 200
180 7.3 35353.97402410638 21193.422112065204 133750.38500976563 4758.5419921875 37931.35109025719 274
190 11.9 41474.527893579325 28090.701367604473 139913.13696289063 3739.738037109375 37389.13631841566 347
200 15.9 31670.044820533607 22458.21884383188 139913.13696289063 3739.738037109375 38432.4015489832 466
210 14.7 36091.19283621651 22394.179143921312 139913.13696289063 3739.738037109375 36712.05799726563 625
220 13.6 41299.11994844323 21053.812303228868 139913.13696289063 3739.738037109375 36593.836263231664 772
230 17 45458.91585908778 22569.79106394683 139913.13696289063 3739.738037109375 37298.592409915334 908
240 16.5 47468.55188950046 22677.925938448567 139913.13696289063 3739.738037109375 38585.470875925836 1078
250 18.6 51177.246177755376 23332.427399269043 139913.13696289063 3739.738037109375 39764.640921975566 1243
260 18.7 58310.861701516544 25047.4060858933 150290.2080078125 3739.738037109375 41250.11648360961 1429
270 21.1 63739.600966611746 23473.34090609688 164347.92504882813 3739.738037109375 43224.348758206506 1616
280 20.8 67368.8700361985 22074.30115677058 164347.92504882813 3739.738037109375 45593.65265310169 1827
290 17.8 74945.04562412218 19706.44630590793 164876.77783203125 3739.738037109375 47819.3259777622 2035
300 18.1 83158.30230409397 19795.568598622052 164876.77783203125 3739.738037109375 50001.15069400806 2213
310 21 90247.15136137462 17425.012230975135 164876.77783203125 3739.738037109375 52508.01971715992 2394
320 18 96757.2316921658 14618.919417531142 164876.77783203125 3739.738037109375 55551.498075564334 2604
330 13.1 103074.48248710339 10735.548740145116 164876.77783203125 3739.738037109375 58215.66188698253 2784
340 10.4 114876.81200467623 11308.859672169452 164876.77783203125 3739.738037109375 60231.61574585589 2915
350 10 125478.34565673828 16517.241026522282 196692.09985351563 3739.738037109375 62114.06040001863 3019
360 10.4 135356.8599337065 13226.828096492829 209652.54296875 3739.738037109375 64145.61811905421 3119
370 6 145073.25407714848 10980.748276170369 209652.54296875 3739.738037109375 66443.46768428035 3223
380 6.9 156371.86766516638 13511.317053678518 209652.54296875 3739.738037109375 67880.5030737327 3283
390 5.1 161988.66964901195 10134.347754553359 209652.54296875 3739.738037109375 69702.07352624134 3352
400 5.1 175732.88101734835 13023.930043402328 218095.25512695313 3739.738037109375 71085.15210463137 3403
410 7.1 187468.3583778059 12602.546216604766 242813.23608398438 3739.738037109375 72630.32702488283 3454
420 3 195835.84506022136 10053.131140473995 242813.23608398438 3739.738037109375 74943.3767344027 3525
430 1.6 206737.0785522461 7420.400250958533 242813.23608398438 3739.738037109375 75963.56634052776 3555
440 1 214318.63239746093 8002.640071971659 242813.23608398438 3739.738037109375 76549.5019875139 3571
450 0.5 222585.5408203125 5540.468991858063 242813.23608398438 3739.738037109375 76934.2244963381 3581
460 0.5 231448.30537109374 3900.6820627152897 242813.23608398438 3739.738037109375 77137.30775947805 3586
470 0.5 247216.64741210936 1799.0148183088465 249169.76904296875 3739.738037109375 77352.16573443156 3591
480 0.1 254476.27783203125 0.0 254476.27783203125 3739.738037109375 77588.35105378318 3596
490 0.2 264049.47692871094 2188.6500244140625 266238.126953125 3739.738037109375 77637.52756942906 3597
492 0 0 0 266238.126953125 3739.738037109375 77741.11853878682 3599
