0 2.5296875 2.5296875
10 48.80078125 51.33046875
20 86.96796875 138.2984375
30 70.3953125 208.69375
40 110.62109375 319.31484375
50 223.0546875 542.36953125
60 253.328125 795.69765625
70 223.46953125 1019.1671875
80 276.246875 1295.4140625
90 448.92109375 1744.33515625
100 532.39296875 2276.728125
110 455.28515625 2732.01328125
120 461.246875 3193.26015625
130 481.859375 3675.11953125
140 483.4125 4158.53203125
150 604.20546875 4762.7375
160 703.0125 5465.75
170 892.77265625 6358.52265625
180 949.3265625 7307.84921875
190 1188.184375 8496.03359375
200 1225.934375 9721.96796875
210 1148.45078125 10870.41875
220 1184.69609375 12055.11484375
230 1246.41953125 13301.534375
240 1330.46328125 14631.99765625
250 1227.04453125 15859.0421875
260 1261.41328125 17120.45546875
270 1379.3640625 18499.81953125
280 1307.51953125 19807.3390625
290 1318.559375 21125.8984375
300 1303.2421875 22429.140625
310 1298.7328125 23727.8734375
320 1129.5984375 24857.471875
330 915.1484375 25772.6203125
340 934.778125 26707.3984375
350 952.9671875 27660.365625
360 755.20625 28415.571875
370 604.02109375 29019.59296875
380 655.8703125 29675.46328125
390 682.84921875 30358.3125
400 732.021875 31090.334375
410 854.04609375 31944.38046875
420 262.0359375 32206.41640625
430 95.67265625 32302.0890625
440 115.68828125 32417.77734375
450 42.66328125 32460.440625
460 16.36875 32476.809375
470 21.28828125 32498.09765625
480 8.478125 32506.57578125
490 1.82890625 32508.4046875
492 1.82890625 32510.23359375
