10 0.1 108.81494140625 0 108.81494140625 108.81494140625 0 0
20 0.1 62.548095703125 0.0 108.81494140625 62.548095703125 108.81494140625 1
30 0.1 244.238037109375 0.0 244.238037109375 62.548095703125 85.6815185546875 2
40 0.2 73.8599853515625 4.3280029296875 244.238037109375 62.548095703125 138.53369140625 3
50 0.1 430.56005859375 0.0 430.56005859375 62.548095703125 112.664208984375 5
60 0.3 98.38248697916667 9.941245911176855 430.56005859375 62.548095703125 165.6468505859375 6
70 0.2 86.450927734375 10.864990234375 430.56005859375 62.548095703125 143.22539605034723 9
80 0 0 0 430.56005859375 62.548095703125 132.9027654474432 11
90 0.2 303.217041015625 242.14208984375 545.359130859375 61.074951171875 132.9027654474432 11
100 0.4 525.8950805664063 110.23165049486043 676.655029296875 61.074951171875 159.10496168870193 13
110 0.6 612.2420654296875 360.7082152802986 1212.76611328125 61.074951171875 245.4085190716912 17
120 0.6 677.1235758463541 469.0778699672892 1477.85205078125 61.074951171875 341.10422681725544 23
130 0.3 2312.9055989583335 64.63529461796114 2384.30908203125 61.074951171875 410.6254714439655 29
140 0.8 2315.466278076172 1859.9505734084325 4334.538818359375 0.697021484375 588.9642333984375 32
150 1.4 2381.445085797991 1810.105675092351 4433.445068359375 0.697021484375 934.2646423339844 40
160 1.1 602.8913130326705 1273.3029005656017 4433.445068359375 0.697021484375 1309.4595721209491 54
170 2.9 1279.2467335668102 1180.1174837032297 4433.445068359375 0.671142578125 1189.8864821213942 65
180 2.1 1083.571963355655 1151.020109396115 4433.445068359375 0.671142578125 1217.455070333278 94
190 3 638.4489990234378 972.0466131820419 4433.445068359375 0.671142578125 1193.0068507982337 115
200 7.3 595.5514200288956 885.5632620645089 4433.445068359375 0.632080078125 1078.2707435344828 145
210 3.9 428.1006485376603 999.1272332818952 4799.93603515625 0.632080078125 916.6261994248136 218
220 3.7 525.9173550992399 809.9407078211564 4799.93603515625 0.632080078125 842.4919718582806 257
230 3.5 706.3189383370536 846.8747292981379 4799.93603515625 0.632080078125 802.6509486607143 294
240 4.4 559.1741943359375 870.9198432109614 4799.93603515625 0.632080078125 792.4028624560696 329
250 4.1 523.7521496284298 850.6059536959443 4799.93603515625 0.632080078125 764.8906335089226 373
260 5.2 518.7970487154448 860.1263813187143 4799.93603515625 0.632080078125 741.0097691632699 414
270 4.8 410.4390614827474 807.805710158409 4799.93603515625 0.632080078125 716.2134999287487 466
280 3.7 1097.671875 3061.10289043525 18537.4189453125 0.632080078125 687.6586885563594 514
290 3 536.0916015625 745.4495809411609 18537.4189453125 0.6279296875 715.1913344699977 551
300 3.2 481.8145294189453 763.6845593307237 18537.4189453125 0.6279296875 705.9434997243438 581
310 3.2 541.9256591796875 921.7079525675114 18537.4189453125 0.6279296875 694.2434555974714 613
320 2.8 531.0002790178571 771.8578208723148 18537.4189453125 0.6279296875 686.6866036821706 645
330 1 573.3722412109375 870.6678691491871 18537.4189453125 0.6279296875 680.2093123142645 673
340 0.3 1294.7235514322917 288.2095346438178 18537.4189453125 0.6279296875 678.645079940863 683
350 0.6 783.8695475260416 788.7121261724088 18537.4189453125 0.6279296875 681.3393006616709 686
360 1.1 1236.3084827769887 938.0239813267817 18537.4189453125 0.6279296875 682.2282912414198 692
370 1 1880.65595703125 988.2791720444365 18537.4189453125 0.6279296875 690.8981093166562 703
380 0.7 1397.6713169642858 619.5875805848431 18537.4189453125 0.6279296875 707.5847551471554 713
390 0.2 1379.16455078125 42.719482421875 18537.4189453125 0.6279296875 714.2939300537108 720
400 0.2 1172.594482421875 22.89453125 18537.4189453125 0.6279296875 716.1356769255323 722
410 0.1 13.1669921875 0.0 18537.4189453125 0.6279296875 717.3966128523177 724
420 0 0 0 18537.4189453125 0.6279296875 716.4252616514007 725
430 0 0 0 18537.4189453125 0.6279296875 716.4252616514007 725
440 0 0 0 18537.4189453125 0.6279296875 716.4252616514007 725
450 0 0 0 18537.4189453125 0.6279296875 716.4252616514007 725
460 0 0 0 18537.4189453125 0.6279296875 716.4252616514007 725
470 0 0 0 18537.4189453125 0.6279296875 716.4252616514007 725
480 0 0 0 18537.4189453125 0.6279296875 716.4252616514007 725
490 0 0 0 18537.4189453125 0.6279296875 716.4252616514007 725
492 0 0 0 18537.4189453125 0.6279296875 716.4252616514007 725
