50 0.2 28.1005859375 7.3134765625 35.4140625 20.787109375 0 0
60 0.2 14.2774658203125 5.0303955078125 35.4140625 9.2470703125 28.1005859375 2
70 0.3 15.542399088541666 7.003124500036139 35.4140625 9.2470703125 21.18902587890625 4
80 0.1 9.259033203125 0.0 35.4140625 9.2470703125 18.76904296875 7
90 0.5 89.400390625 75.42498052085976 191.85009765625 9.2470703125 17.580291748046875 8
100 0.3 120.787353515625 91.56344907505266 241.114990234375 9.2470703125 45.20340670072115 13
110 0.1 404.0341796875 0.0 404.0341796875 9.2470703125 59.375396728515625 16
120 0.6 751.5214029947916 689.5808192549138 2076.43896484375 9.2470703125 79.64944278492646 17
130 0.5 1629.474462890625 297.87337385057106 2076.43896484375 9.2470703125 254.92038892663044 23
140 0.3 3192.3937174479165 680.2077386368319 4151.964111328125 9.2470703125 500.376473563058 28
150 0.4 1685.0728149414063 1691.36578221779 4151.964111328125 0.755126953125 760.894271358367 31
160 1.1 1494.0415482954545 1408.6683484208359 4151.964111328125 0.755126953125 866.5146763392858 35
170 1 975.6188720703125 1195.5143491858241 4151.964111328125 0.69482421875 1016.5754500679348 46
180 2.1 665.8552013578869 1051.274622809903 4151.964111328125 0.69482421875 1009.2617754255023 56
190 2.1 510.58231026785717 901.2852673673174 4151.964111328125 0.69482421875 915.6054370434254 77
200 2.4 537.5006815592448 830.0985346012342 4151.964111328125 0.69482421875 828.8147670200893 98
210 2.7 334.5520290798611 656.3258322040566 4151.964111328125 0.69482421875 771.5070780769723 122
220 3.1 491.89640561995964 834.2479840758214 4151.964111328125 0.676025390625 692.3273040976301 149
230 2.2 577.1717307350854 842.9048625658429 4151.964111328125 0.676025390625 657.808649359809 180
240 1 269.7087158203125 529.1213757719814 4151.964111328125 0.676025390625 649.0264106977104 202
250 2 403.7984130859375 787.6593103656371 4151.964111328125 0.676025390625 631.13406659972 212
260 1.5 529.9330891927083 867.3415820848114 4151.964111328125 0.614013671875 611.5361654347387 232
270 2 902.5487548828125 999.1885107047674 4151.964111328125 0.614013671875 606.5805130313765 247
280 1.5 394.387939453125 782.3374432113098 4151.964111328125 0.614013671875 628.7504187880384 267
290 2.2 443.8893488103693 715.4744343392825 4151.964111328125 0.614013671875 616.2843294617132 282
300 2.2 558.5707452947444 715.9826446535398 4151.964111328125 0.614013671875 603.8083769145765 304
310 1.4 491.4906005859375 775.1474258936187 4151.964111328125 0.614013671875 600.7555306089437 326
320 1.3 843.5754957932693 772.303380673046 4151.964111328125 0.614013671875 596.2563864315257 340
330 0.9 1419.5003797743057 784.1129073191004 4151.964111328125 0.614013671875 605.3644556148193 353
340 0.4 1459.810546875 102.27098528595955 4151.964111328125 0.614013671875 625.6054040055247 362
350 0.5 1204.18837890625 600.5597184769872 4151.964111328125 0.614013671875 634.7224001024589 366
360 0.3 542.705322265625 763.4872843643069 4151.964111328125 0.614013671875 642.3971437521056 371
370 0.2 2083.9749755859375 27.7779541015625 4151.964111328125 0.614013671875 641.5974767348345 374
380 0.5 1486.23642578125 800.0336008444459 4151.964111328125 0.614013671875 649.2696974734042 376
390 0.1 1505.0791015625 0.0 4151.964111328125 0.614013671875 660.2535128055282 381
400 0.3 1332.5703938802083 131.48260736217287 4151.964111328125 0.614013671875 662.4650981164103 382
410 0.1 238.69189453125 0.0 4151.964111328125 0.614013671875 667.6866978236607 385
420 0 0 0 4151.964111328125 0.614013671875 666.5753123229031 386
430 0 0 0 4151.964111328125 0.614013671875 666.5753123229031 386
440 0 0 0 4151.964111328125 0.614013671875 666.5753123229031 386
450 0 0 0 4151.964111328125 0.614013671875 666.5753123229031 386
460 0 0 0 4151.964111328125 0.614013671875 666.5753123229031 386
470 0 0 0 4151.964111328125 0.614013671875 666.5753123229031 386
480 0 0 0 4151.964111328125 0.614013671875 666.5753123229031 386
490 0 0 0 4151.964111328125 0.614013671875 666.5753123229031 386
492 0 0 0 4151.964111328125 0.614013671875 666.5753123229031 386
