10 0.2 22.5870361328125 8.2200927734375 30.80712890625 14.366943359375 0 0
20 0.2 10.1680908203125 4.1619873046875 30.80712890625 6.006103515625 22.5870361328125 2
30 0.3 19.600667317708332 7.89220998307652 30.80712890625 6.006103515625 16.3775634765625 4
40 0.7 17.232840401785715 7.283844502192707 31.099853515625 6.006103515625 17.758893694196427 7
50 0.2 24.9259033203125 10.2769775390625 35.202880859375 6.006103515625 17.495867047991073 14
60 0.4 31.8592529296875 22.80188831434302 63.31982421875 6.006103515625 18.42462158203125 16
70 0.7 16.884974888392858 8.108760690170826 63.31982421875 5.919921875 21.1115478515625 20
80 0.6 31.755167643229168 15.817283986899449 63.31982421875 5.919921875 20.015769675925927 27
90 1 78.4656005859375 109.46658475840296 398.02001953125 5.919921875 22.150205669981062 33
100 1.2 114.68137613932292 68.52052750357743 398.02001953125 5.919921875 35.24680913880814 43
110 1 452.8753662109375 213.64305033516203 668.181884765625 5.919921875 52.57798739346591 55
120 0.6 1160.4919840494792 228.72451728621988 1478.518798828125 5.919921875 114.16219951923077 65
130 1.4 1740.2406180245537 261.8446120677048 2080.125 5.919921875 202.58443483164612 71
140 1.5 1911.6807942708333 1855.9177728657949 4547.544189453125 0.60107421875 455.8454532398897 85
150 2.9 2031.6184082031257 1717.0925124781272 4547.544189453125 0.60107421875 674.2207543945312 100
160 3.2 1274.3211364746094 1484.3280592431454 4547.544189453125 0.595947265625 979.3721649406494 129
170 4.5 1148.3142469618058 1135.865199709782 4547.544189453125 0.595947265625 1037.995563009511 161
180 5.5 656.7581409801136 1030.1856234708807 4547.544189453125 0.595947265625 1062.0943046495754 206
190 7.2 553.1153666178385 919.0288287520414 4547.544189453125 0.595947265625 976.6786379759341 261
200 8.9 581.9923850070227 857.6579801528717 4547.544189453125 0.594970703125 885.0973901147241 333
210 8.5 696.6784122242649 938.410055180026 4547.544189453125 0.594970703125 821.1724008858487 422
220 7.3 682.5893655019265 848.8154515115857 4547.544189453125 0.594970703125 800.3006276388376 507
230 6 410.4614501953125 749.6578378915983 4547.544189453125 0.594970703125 785.4852446457435 580
240 7.3 590.3983438570206 1244.618606871776 7526.535888671875 0.586181640625 750.3267639160156 640
250 6.7 891.0997879256064 967.9892696168638 7526.535888671875 0.586181640625 733.9526059015603 713
260 6.7 439.6783829874067 917.7392308922211 7526.535888671875 0.586181640625 747.4511458959335 780
270 8.2 487.8561475800303 841.963157392673 7526.535888671875 0.586181640625 723.1054846032873 847
280 8.9 675.7873013957164 1041.9611056053225 7526.535888671875 0.586181640625 702.3407422610838 929
290 6.6 637.2395352450282 813.2058126092589 7526.535888671875 0.586181640625 700.0192724801234 1018
300 7.1 526.1523059253961 784.0868407940663 7526.535888671875 0.5439453125 696.1968899547394 1084
310 6.8 658.3263011259191 928.0390873694644 7526.535888671875 0.5439453125 685.7439328412473 1155
320 4.3 644.3112338753634 810.7068540601315 7526.535888671875 0.5439453125 684.2194856158652 1223
330 2.7 1253.080050998264 837.1105275256325 7526.535888671875 0.5439453125 682.8639920733362 1266
340 0.9 1273.0848795572917 118.27318455442791 7526.535888671875 0.5439453125 694.7710559487987 1293
350 1.8 934.4772542317709 664.0251665248011 7526.535888671875 0.5439453125 698.7686169414841 1302
360 2.3 673.4652046535326 922.8059358384792 7526.535888671875 0.5439453125 701.9828256318061 1320
370 2.5 1942.679873046875 919.0372207298566 7526.535888671875 0.5439453125 701.4944374840024 1343
380 2.4 1368.282206217448 819.3774230782897 7526.535888671875 0.5439453125 724.1769198590549 1368
390 0.5 1506.511962890625 234.1233539611522 7526.535888671875 0.5439453125 735.2821834169582 1392
400 0.1 1325.236083984375 0.0 7526.535888671875 0.5439453125 738.0424904301066 1397
410 0 0 0 7526.535888671875 0.5439453125 738.4625144598307 1398
420 0.1 6.08984375 0.0 7526.535888671875 0.5439453125 738.4625144598307 1398
430 0 0 0 7526.535888671875 0.5439453125 737.9390171969931 1399
440 0 0 0 7526.535888671875 0.5439453125 737.9390171969931 1399
450 0 0 0 7526.535888671875 0.5439453125 737.9390171969931 1399
460 0 0 0 7526.535888671875 0.5439453125 737.9390171969931 1399
470 0 0 0 7526.535888671875 0.5439453125 737.9390171969931 1399
480 0 0 0 7526.535888671875 0.5439453125 737.9390171969931 1399
490 0 0 0 7526.535888671875 0.5439453125 737.9390171969931 1399
492 0 0 0 7526.535888671875 0.5439453125 737.9390171969931 1399
