40 0.1 45.494873046875 0 45.494873046875 45.494873046875 0 0
50 0 0 0 45.494873046875 45.494873046875 45.494873046875 1
60 0.2 167.6275634765625 9.9764404296875 177.60400390625 45.494873046875 45.494873046875 1
70 0.4 51.24578857421875 55.31924645487378 177.60400390625 12.553955078125 126.91666666666667 3
80 0.4 135.34442138671875 106.57227449984231 259.267822265625 12.553955078125 83.67616489955357 7
90 0.3 200.97574869791666 153.38561293947262 403.18505859375 12.553955078125 102.46462180397727 11
100 0.6 176.75101725260416 88.54699559934906 403.18505859375 12.553955078125 123.57414899553571 14
110 0.6 460.6296793619792 361.04034624548217 972.95703125 12.553955078125 139.52720947265624 20
120 0.3 701.1573893229166 477.38809014103884 1352.02392578125 12.553955078125 213.6277794471154 26
130 0.5 1712.708447265625 277.77414055125604 2069.833984375 12.553955078125 264.0618770204741 29
140 0.3 713.150634765625 1002.9330238177738 2131.508056640625 1.031982421875 477.09813735064336 34
150 0.9 1912.69189453125 1739.6097283791794 4218.820068359375 0.909912109375 496.23752903293916 37
160 1.4 1323.8546665736608 1546.842682671486 4218.820068359375 0.81298828125 773.3699048913044 46
170 0.6 1623.3358968098958 1189.914091977739 4218.820068359375 0.81298828125 901.8163492838542 60
180 1.6 574.052734375 983.5977990497514 4218.820068359375 0.713134765625 967.4090354225852 66
190 2.5 554.877080078125 886.8458553569757 4218.820068359375 0.713134765625 890.6565864376905 82
200 3.2 541.6877288818359 996.8161698490538 4242.802978515625 0.682861328125 812.2034307462033 107
210 3.2 633.8234786987305 950.1914058408386 4242.802978515625 0.682861328125 749.9264346335432 139
220 4.1 709.6553865758385 1104.2128792673593 5073.175048828125 0.682861328125 728.1995656866776 171
230 6.6 474.65315755208326 803.5834359862412 5073.175048828125 0.682861328125 724.6131914246757 212
240 6.9 577.8635820029439 851.8860491389237 5073.175048828125 0.682861328125 665.2701618002473 278
250 8.1 584.85339807581 876.2466590490386 5073.175048828125 0.6572265625 647.8896027051063 347
260 6.2 753.3073061050907 982.845982645051 5073.175048828125 0.6572265625 635.95985369816 428
270 6.5 687.1283503605771 910.7240814212468 5073.175048828125 0.6572265625 650.807898696588 490
280 9.2 496.0676773734714 865.8442286121558 5073.175048828125 0.64404296875 655.061645287866 555
290 6.7 534.162200472248 749.920969747957 5073.175048828125 0.64404296875 632.4535385674266 647
300 7.2 677.0618286132814 1497.7915822065643 11334.18994140625 0.64404296875 623.2301216873468 714
310 6.8 658.4114595301011 890.2420561765379 11334.18994140625 0.64404296875 628.1612704133867 786
320 7.1 718.6818228708186 837.335568623385 11334.18994140625 0.64404296875 630.5699505772468 854
330 7.9 887.46547727947 842.0612391012991 11334.18994140625 0.625 637.333132126267 925
340 6.6 1110.1744976621685 439.60704440615024 11334.18994140625 0.625 657.0148604799551 1004
350 6.4 2983.8890342712402 15889.078332050578 128993.28002929688 0.625 684.9667633341852 1070
360 5.6 1131.0892944335933 922.3553804153206 128993.28002929688 0.625 814.7119355916557 1134
370 4.1 1403.8698373189784 1141.0643008812613 128993.28002929688 0.625 829.6002818900998 1190
380 4 1679.1628112792969 611.6051832402154 128993.28002929688 0.625 848.7270501862688 1231
390 2.1 1485.3187895275298 325.7848800793833 128993.28002929688 0.625 874.8619285841611 1271
400 2.2 1136.2763560901988 238.28372630195 128993.28002929688 0.625 884.7842150236431 1292
410 2.8 455.17428152901783 268.0560252635501 128993.28002929688 0.625 888.9948901404348 1314
420 2.4 12.929524739583334 8.564564875230452 128993.28002929688 0.625 879.9434914510758 1342
430 1.4 12.156912667410714 8.378895672206735 128993.28002929688 0.625 864.7104495762034 1366
440 0.5 17.068017578125 9.982783386933164 128993.28002929688 0.625 856.0613557235055 1380
450 0.6 15.1787109375 6.196931116834652 128993.28002929688 0.625 853.0324989070962 1385
460 0.2 15.9085693359375 5.6114501953125 128993.28002929688 0.625 849.4184638763143 1391
470 0.5 14.244287109375 3.746238060042173 128993.28002929688 0.625 848.2217518956389 1393
480 0.1 24.666015625 0.0 128993.28002929688 0.625 845.2389998756594 1398
490 0 0 0 128993.28002929688 0.625 844.6524573565382 1399
492 0 0 0 128993.28002929688 0.625 844.6524573565382 1399
