20 0.3 15.402669270833334 8.46295135552165 27.35498046875 8.888916015625 0 0
30 0.2 9.6529541015625 0.0748291015625 27.35498046875 8.888916015625 15.402669270833334 3
40 0.3 13.793050130208334 5.958335739748809 27.35498046875 8.888916015625 13.102783203125 5
50 0.7 56.786690848214285 97.42230865750089 294.073974609375 8.888916015625 13.36163330078125 8
60 0.3 63.947021484375 38.75591474481482 294.073974609375 8.888916015625 33.62666015625 15
70 0.5 16.23056640625 7.288450874270874 294.073974609375 8.888916015625 38.6800537109375 18
80 0.7 23.380545479910715 26.660814341621162 294.073974609375 8.14697265625 33.79973038383152 23
90 1 76.1906005859375 53.9875414086212 294.073974609375 8.14697265625 31.368587239583334 30
100 0.9 159.93828667534723 83.39548746679247 300.93212890625 8.14697265625 42.574090576171876 40
110 1 382.06455078125 207.415777241855 649.178955078125 8.14697265625 64.13077965561224 49
120 0.7 566.7154366629464 527.3843324439224 1576.501953125 8.14697265625 118.01785950741525 59
130 1 1624.1618408203126 268.43011267278064 2149.76513671875 8.14697265625 165.60699647845644 66
140 1.1 2052.7033913352275 1380.7851332236103 4195.593017578125 0.916015625 357.52210757606906 76
150 2.6 1611.9325608473557 1746.1154988612352 4195.593017578125 0.7109375 571.8553733387213 87
160 2.6 1489.0334942157451 1521.488744395625 4195.593017578125 0.7109375 811.1651686946902 113
170 4.1 811.3712842987804 1138.9505996620344 4195.593017578125 0.7109375 937.9606828209307 139
180 5.3 616.5171497272994 1031.0909517384441 4195.593017578125 0.685791015625 909.1264309353298 180
190 6.1 455.10921891009224 866.3858905431382 4195.593017578125 0.656982421875 842.56723821419 233
200 7.8 516.9756641877003 772.600635026683 4195.593017578125 0.656982421875 762.1762886306866 294
210 8.9 539.6998771067416 909.5045967747162 4195.593017578125 0.635009765625 710.7632544732863 372
220 8.1 588.2990360966435 855.8323574945359 4195.593017578125 0.635009765625 677.7380037452549 461
230 5.8 568.7054864291487 865.0912836747045 4195.593017578125 0.635009765625 664.3716635616063 542
240 7.1 402.7641429632482 710.0792061898701 4195.593017578125 0.635009765625 655.1239331054687 600
250 6.9 783.1606586843297 935.7504661967561 4195.593017578125 0.635009765625 628.4211833288701 671
260 7.1 573.3044880611795 906.3804533740729 4195.593017578125 0.635009765625 642.8495938687711 740
270 7.3 446.0042005565069 836.6621598292863 4195.593017578125 0.635009765625 636.7611813997958 811
280 8.4 470.6429298037575 889.0146827675669 4195.593017578125 0.635009765625 621.0086252894337 884
290 7.5 675.6413964843749 801.2729272421652 4195.593017578125 0.635009765625 607.960362458032 968
300 7.5 690.392822265625 816.884792908148 4195.593017578125 0.635009765625 612.8271673976061 1043
310 7 505.8686767578125 823.4642605844298 4195.593017578125 0.635009765625 618.030587894119 1118
320 5.1 623.1559388403798 772.239078375182 4195.593017578125 0.635009765625 611.4217210763231 1188
330 3.6 634.8632880316841 798.2511930520013 4195.593017578125 0.635009765625 611.9047276186693 1239
340 1.6 1012.8367767333984 692.5188343255511 4195.593017578125 0.635009765625 612.5529693244486 1275
350 1.8 511.70008680555554 640.1557058251924 4195.593017578125 0.635009765625 617.5138840560854 1291
360 1.9 1054.2826377467106 1003.5093555338082 4195.593017578125 0.635009765625 616.0588432993936 1309
370 2.4 1590.3228658040364 1145.533742469099 4195.593017578125 0.635009765625 622.3286114428416 1328
380 2.4 1629.3817036946614 657.0902048651413 4195.593017578125 0.635009765625 639.511941401916 1352
390 1.6 1585.1876983642578 282.46268687066186 4195.593017578125 0.635009765625 656.777111674464 1376
400 0.5 1051.331640625 162.8213562243744 4195.593017578125 0.635009765625 667.4484977283696 1392
410 0.1 540.02001953125 0.0 4195.593017578125 0.635009765625 668.822453143175 1397
420 0.1 21.0 0.0 4195.593017578125 0.635009765625 668.7303197857988 1398
430 0 0 0 4195.593017578125 0.635009765625 668.267324560791 1399
440 0 0 0 4195.593017578125 0.635009765625 668.267324560791 1399
450 0 0 0 4195.593017578125 0.635009765625 668.267324560791 1399
460 0 0 0 4195.593017578125 0.635009765625 668.267324560791 1399
470 0 0 0 4195.593017578125 0.635009765625 668.267324560791 1399
480 0 0 0 4195.593017578125 0.635009765625 668.267324560791 1399
490 0 0 0 4195.593017578125 0.635009765625 668.267324560791 1399
492 0 0 0 4195.593017578125 0.635009765625 668.267324560791 1399
