50 0.8 51.419952392578125 65.44117968845006 207.30908203125 8.390869140625 0 0
60 0.8 14.490966796875 8.269679239829193 207.30908203125 5.01416015625 51.419952392578125 8
70 0 0 0 207.30908203125 5.01416015625 32.95545959472656 16
80 0.8 17.15081787109375 7.066177683676915 207.30908203125 5.01416015625 32.95545959472656 16
90 2.4 52.18194580078125 45.8793765386066 207.30908203125 4.94189453125 27.687245686848957 24
100 2.4 99.18333943684895 76.62594819362141 288.864990234375 4.94189453125 39.9345957438151 48
110 0.4 400.072998046875 364.1319934202117 833.169189453125 4.94189453125 59.684176974826386 72
120 1.1 346.43978604403407 448.3246205464845 1372.0869140625 4.94189453125 77.59937808388158 76
130 0.4 1788.531005859375 104.98383907411831 1952.093994140625 4.94189453125 111.59069403286638 87
140 0.4 2833.8880004882813 751.2972908620903 3645.0380859375 4.94189453125 185.30235609117446 91
150 2 1376.0259887695313 1686.3196314389286 3645.0380859375 0.72900390625 296.8217516447368 95
160 4.1 813.2329875666923 1363.39051126887 3645.0380859375 0.695068359375 484.5094450577446 115
170 6.3 676.5844067770336 1042.8758880869668 3645.0380859375 0.669921875 570.9047350761218 156
180 9.1 622.9051017342032 1042.5893739365838 3645.0380859375 0.669921875 601.3057365243293 219
190 13.9 386.30605574134444 790.9267588500935 3645.0380859375 0.669921875 607.646195344002 310
200 11.1 381.61489125844594 780.8900940244306 3645.0380859375 0.669921875 539.1244149324888 449
210 13.6 397.1091541963465 868.9736112769197 5528.98193359375 0.64306640625 507.90377720424107 560
220 15 511.33839192708325 1045.9728264481425 5528.98193359375 0.64306640625 486.2542531682157 696
230 17.2 529.3738460097201 1102.6256441539208 5748.449951171875 0.64306640625 490.7017955013483 846
240 18 650.576940917969 1216.9528429861718 6055.083984375 0.64306640625 497.2357765302677 1018
250 18.4 372.01941050653886 775.0329881011057 6055.083984375 0.64306640625 520.2753504783362 1198
260 19.1 340.4888820148887 859.071650514387 6055.083984375 0.64306640625 500.5364988467799 1382
270 31 326.70698557207663 788.6215563545057 6055.083984375 0.64306640625 481.10287213674104 1573
280 28.8 394.7816467285157 903.4869003210356 6055.083984375 0.64306640625 455.68453712078457 1883
290 21.5 484.8660837572676 928.6766755014995 6055.083984375 0.64306640625 447.6052960185398 2171
300 21.5 448.65395394258724 889.27115548004 6055.083984375 0.64306640625 450.96282718527345 2386
310 34.5 304.8391552026719 678.4177595112038 6055.083984375 0.64306640625 450.7719745335328 2601
320 25.7 370.86248328064204 692.2370402730863 6055.083984375 0.64306640625 433.6820822493689 2946
330 16.5 570.4858679569129 804.7950688821111 6055.083984375 0.64306640625 428.6416086511913 3203
340 9.8 925.1581557916135 588.6913396005591 6055.083984375 0.64306640625 435.5906296682471 3368
350 16.3 592.7385972847969 681.2180889630512 6055.083984375 0.64306640625 449.4329890335356 3466
360 9.9 869.9032660590278 922.9700749647997 6055.083984375 0.64306640625 455.869697257552 3629
370 6.5 1390.6753680889424 1118.1850947737125 6055.083984375 0.64306640625 466.8646874161749 3728
380 6.1 1614.843213691086 516.8419037666409 6055.083984375 0.64306640625 482.69587493099954 3793
390 7.4 1447.488842113598 292.3694923563419 6055.083984375 0.64306640625 500.6151763488421 3854
400 9.8 1056.3753288424743 217.18764146975815 6055.083984375 0.64306640625 518.4534276896242 3928
410 14 358.0212611607144 194.1901375300193 6055.083984375 0.64306640625 531.5474034255852 4026
420 2.4 8.653157552083334 5.721663485340588 6055.083984375 0.64306640625 525.7159920196607 4166
430 0 0 0 6055.083984375 0.64306640625 522.754295593116 4190
440 0.8 11.1820068359375 5.123110603171747 6055.083984375 0.64306640625 522.754295593116 4190
450 0.8 12.0166015625 3.890742677417966 6055.083984375 0.64306640625 521.7794079537503 4198
460 0 0 0 6055.083984375 0.64306640625 520.8098163105906 4206
470 0 0 0 6055.083984375 0.64306640625 520.8098163105906 4206
480 0 0 0 6055.083984375 0.64306640625 520.8098163105906 4206
490 0 0 0 6055.083984375 0.64306640625 520.8098163105906 4206
492 0 0 0 6055.083984375 0.64306640625 520.8098163105906 4206
