20 0.1 113.272216796875 0 113.272216796875 113.272216796875 0 0
30 0.1 110.04296875 0.0 113.272216796875 110.04296875 113.272216796875 1
40 0 0 0 113.272216796875 110.04296875 111.6575927734375 2
50 0.2 444.98095703125 283.468017578125 728.448974609375 110.04296875 111.6575927734375 2
60 0.1 118.89599609375 0.0 728.448974609375 110.04296875 278.31927490234375 4
70 0.1 134.2451171875 0.0 728.448974609375 110.04296875 246.434619140625 5
80 0.3 271.0716145833333 54.06196234159469 728.448974609375 110.04296875 227.73636881510416 6
90 0.2 508.0789794921875 372.0499267578125 880.12890625 110.04296875 242.18145073784723 9
100 0.1 795.677978515625 0.0 880.12890625 110.04296875 290.52645596590907 11
110 0.3 713.672607421875 309.450507998811 1149.498046875 110.04296875 332.6224161783854 12
120 0.2 712.0589599609375 51.3948974609375 1149.498046875 110.04296875 408.83245442708335 15
130 0.1 2352.02783203125 0.0 2352.02783203125 110.04296875 444.5061609604779 17
140 0.4 2168.8837890625 1292.7285125408494 3265.677001953125 0.717041015625 550.4795871310764 18
150 0.4 3005.1713256835938 1741.1708932633453 4163.3701171875 0.717041015625 844.7348965731534 22
160 0.6 466.0311686197917 1036.7637606422088 4163.3701171875 0.619140625 1177.1097318209136 26
170 1.6 1054.7331848144531 1246.6425390066631 4163.3701171875 0.619140625 1043.7825012207031 32
180 2.1 1302.7132161458333 1260.3555128021867 4163.3701171875 0.619140625 1047.4327290852864 48
190 2.9 758.2919837688578 1066.3786525498576 4163.3701171875 0.60107421875 1125.1267903645833 69
200 3.1 453.6985729586694 768.2662107368892 4163.3701171875 0.591064453125 1016.5736333107461 98
210 3.6 744.7828776041666 946.7428154656819 4163.3701171875 0.591064453125 881.309083923813 129
220 3.1 710.148689516129 904.3040576112802 4163.3701171875 0.591064453125 851.5215479995265 165
230 3.5 680.6265066964286 903.2883410033239 4163.3701171875 0.591064453125 829.161555076132 196
240 3.1 935.9320580267138 2185.5118396714493 12084.02197265625 0.591064453125 806.6562447155709 231
250 3.2 572.9589233398436 998.5023495620609 12084.02197265625 0.591064453125 821.9522378936068 262
260 2.8 461.005615234375 877.5861059746317 12084.02197265625 0.591064453125 794.850924744898 294
270 3 767.5840006510417 1041.4608892787003 12084.02197265625 0.591064453125 765.8208978309394 322
280 2.8 512.5890502929688 883.2148695376271 12084.02197265625 0.591064453125 765.9711622758346 352
290 3.4 729.8445901309742 911.606987323832 12084.02197265625 0.587890625 747.3009013928865 380
300 1.9 760.7238512541119 819.737115872094 12084.02197265625 0.587890625 745.8672912892512 414
310 2.3 463.5533924932065 778.4128434844788 12084.02197265625 0.587890625 746.5191957680788 433
320 2.9 704.8828630118535 857.5001834883338 12084.02197265625 0.587890625 732.2467977958813 456
330 1.2 1204.4975992838542 880.6198776419268 12084.02197265625 0.587890625 730.6106037572487 485
340 1.2 1164.9064331054688 621.4510902719356 12084.02197265625 0.587890625 742.0525432870661 497
350 0.7 564.2608816964286 662.0174204352004 12084.02197265625 0.587890625 752.0215937346513 509
360 0.2 927.9300537109375 919.1781005859375 12084.02197265625 0.587890625 749.4744522922723 516
370 0.5 2192.6505859375 1216.4268851829004 12084.02197265625 0.587890625 750.1634700583675 518
380 0.2 1757.6395263671875 48.9344482421875 12084.02197265625 0.587890625 763.9539778583593 523
390 1 1856.1303955078124 413.1543180544663 12084.02197265625 0.587890625 767.7394466145834 525
400 0.9 1509.5962727864583 438.49739963168133 12084.02197265625 0.587890625 788.0832026686624 535
410 0.5 801.8689453125 295.48737403555975 12084.02197265625 0.587890625 800.0199997845818 544
420 0 0 0 12084.02197265625 0.587890625 800.03683899704 549
430 0 0 0 12084.02197265625 0.587890625 800.03683899704 549
440 0 0 0 12084.02197265625 0.587890625 800.03683899704 549
450 0 0 0 12084.02197265625 0.587890625 800.03683899704 549
460 0 0 0 12084.02197265625 0.587890625 800.03683899704 549
470 0 0 0 12084.02197265625 0.587890625 800.03683899704 549
480 0 0 0 12084.02197265625 0.587890625 800.03683899704 549
490 0 0 0 12084.02197265625 0.587890625 800.03683899704 549
492 0 0 0 12084.02197265625 0.587890625 800.03683899704 549
