0 0.7 16.169294084821427 37.71510862477317 108.552001953125 0.710205078125 0 0
10 0.7 0.8187430245535714 0.028821258241889913 108.552001953125 0.710205078125 16.169294084821427 7
20 1 0.7625 0.07648827204843765 108.552001953125 0.636962890625 8.494018554687498 14
30 0.7 1.0382952008928572 0.7070826899815996 108.552001953125 0.636962890625 5.272552490234374 24
40 1.5 1.9259765625 3.15447825090069 108.552001953125 0.537109375 4.316429876512096 31
50 1.8 1.5566270616319444 1.8664832291705016 108.552001953125 0.537109375 3.5369342306385865 46
60 1.2 1.388916015625 1.2774397865457976 108.552001953125 0.537109375 2.9799728393554683 64
70 2.3 1.0252738620923914 1.1706193645966672 108.552001953125 0.527099609375 2.72875334087171 76
80 1.4 1.0394984654017858 0.8767488780218022 108.552001953125 0.527099609375 2.3329954821654035 99
90 2.9 1.2577198949353448 2.0873392910209803 108.552001953125 0.527099609375 2.172739214601769 113
100 3.6 2.60544162326389 2.938708616286611 108.552001953125 0.527099609375 1.985869071852992 142
110 4.3 3.5105548237645348 3.873101968962377 108.552001953125 0.527099609375 2.1111758800035108 178
120 6.5 2.982850060096153 3.0794837622037274 108.552001953125 0.527099609375 2.3834532310520355 221
130 7 3.523339843750001 3.4025653822358723 108.552001953125 0.51513671875 2.5196797831075166 286
140 7.6 3.3499370374177633 3.2020766381550576 108.552001953125 0.51513671875 2.7170286714360947 356
150 13.5 2.5456850405092575 2.8542843432318246 108.552001953125 0.504150390625 2.8283736617476847 432
160 26.2 2.5803073562738543 3.1649721399576696 108.552001953125 0.47802734375 2.7610668471671067 567
170 17.8 2.7410916103405896 3.1541106781199666 108.552001953125 0.47802734375 2.7039389984167665 829
180 32.5 3.088878455528844 3.419549568604607 108.552001953125 0.47705078125 2.7105061929772836 1007
190 40.1 2.716569172771195 3.2003031983784163 108.552001953125 0.47705078125 2.802826752533783 1332
200 20.8 181.28049292931195 916.7644224805418 7015.77197265625 0.474853515625 2.7828675549083948 1733
210 21.9 4622.683538010129 5444.787702822284 15039.285888671875 0.474853515625 21.91089747653433 1941
220 23.2 5813.993220888333 6704.321736204253 15045.830078125 0.474853515625 488.3781235306349 2160
230 40.5 5727.241667872304 11822.03177202098 31085.934814453125 0.458984375 1004.9093537091408 2392
240 19.2 5016.99359512329 11428.88526350079 31086.813232421875 0.458984375 1688.6936180052012 2797
250 4.6 0.9306375254755435 1.5415180364810397 31086.813232421875 0.458984375 1902.488731958588 2989
260 6.3 1.8970152839781746 3.046971793817376 31086.813232421875 0.458984375 1873.6677526030944 3035
270 2.3 1.448486328125 2.2739749878941025 31086.813232421875 0.458984375 1835.6039835743325 3098
280 0.3 1.0966796875 0.6522123771764212 31086.813232421875 0.458984375 1822.087297756754 3121
290 0.5 2.41005859375 1.6850949817001635 31086.813232421875 0.458984375 1820.3385871760215 3124
300 0.2 1.449951171875 0.572021484375 31086.813232421875 0.458984375 1817.4336198884182 3129
310 0.3 0.6689453125 0.07217841857770294 31086.813232421875 0.458984375 1816.273617544939 3131
320 0.1 0.77880859375 0.0 31086.813232421875 0.458984375 1814.5356424279328 3134
330 0 0 0 31086.813232421875 0.458984375 1813.9570916037433 3135
340 0.1 0.787841796875 0.0 31086.813232421875 0.458984375 1813.9570916037433 3135
350 0 0 0 31086.813232421875 0.458984375 1813.3789126337795 3136
360 0 0 0 31086.813232421875 0.458984375 1813.3789126337795 3136
369 0 0 0 31086.813232421875 0.458984375 1813.3789126337795 3136
