40 0.8 9.68341064453125 5.613988704007926 20.029052734375 4.508056640625 0 0
50 1.6 20.224700927734375 22.40569628710263 76.214111328125 4.502197265625 9.68341064453125 8
60 1.6 12.889205932617188 6.697757408761754 76.214111328125 4.467041015625 16.7109375 24
70 0 0 0 76.214111328125 4.467041015625 15.182244873046875 40
80 0.8 9.665283203125 5.669914424311847 76.214111328125 4.4521484375 15.182244873046875 40
90 2.4 34.21890258789063 28.6153690935477 127.612060546875 4.4521484375 14.262751261393229 48
100 3.2 46.523963928222656 41.18614978148685 159.398193359375 4.4521484375 20.914801703559032 72
110 1.1 398.84375 362.0607978889504 1205.075927734375 4.4521484375 28.79454392653245 104
120 0.7 1571.0943777901787 396.15289819249375 2051.637939453125 4.4521484375 64.19055494225543 115
130 0.7 2098.691964285714 269.1553018583242 2462.455810546875 4.4521484375 150.6522496958248 122
140 1.1 2661.418212890625 420.0682751988602 3263.35888671875 4.4521484375 256.35983110767927 129
150 3.6 1156.1389702690972 1376.436720799333 3337.173828125 0.67919921875 445.32870396205357 140
160 13 514.9799861027644 1069.6305874497923 3503.02294921875 0.6748046875 590.7217129794034 176
170 9.5 600.6262284128292 1005.8490855837357 3503.02294921875 0.673095703125 558.5438551559947 306
180 15 451.8706933593748 818.9917153121644 3503.02294921875 0.651123046875 568.5134947056189 401
190 16.8 537.0139712379092 832.0660075377028 3503.02294921875 0.651123046875 536.7595560451168 551
200 10.4 603.3530484713042 966.2647825575553 4520.906005859375 0.651123046875 536.819002154142 719
210 15.6 486.1432917668269 1037.8167610453154 7128.135009765625 0.651123046875 545.226706670527 823
220 22.8 444.1329227915982 1001.8638688177783 7128.135009765625 0.651123046875 535.8119847859742 979
230 45.8 245.8675622398676 589.2602529248776 7128.135009765625 0.651123046875 518.4939846743605 1207
240 25.5 381.4372673483456 602.4457533922204 7128.135009765625 0.651123046875 443.50125105574324 1665
250 14.4 552.276167127821 698.5256220146956 7128.135009765625 0.651123046875 435.2583782196045 1920
260 17.5 678.9221679687503 619.5765690075312 7128.135009765625 0.651123046875 443.4224100038987 2064
270 15.4 873.5783992618708 465.0530409265537 7128.135009765625 0.651123046875 461.82904584304515 2239
280 13 968.8522667518027 167.5066363774526 7128.135009765625 0.651123046875 488.3269148052262 2393
290 18.6 646.1633038264449 178.11730311623072 7128.135009765625 0.651123046875 513.0864454247486 2523
300 14.6 189.38886752193935 166.01491351204172 7128.135009765625 0.651123046875 522.2235054700477 2709
310 1.6 12.084884643554688 7.342449272762936 7128.135009765625 0.651123046875 505.20289000930376 2855
320 0.8 9.150604248046875 5.428763820704904 7128.135009765625 0.651123046875 502.4547576213372 2871
330 0 0 0 7128.135009765625 0.651123046875 501.0839923462464 2879
340 0.8 6.297210693359375 3.6265620716426303 7128.135009765625 0.651123046875 501.0839923462464 2879
350 0 0 0 7128.135009765625 0.651123046875 499.7129170940043 2887
360 0 0 0 7128.135009765625 0.651123046875 499.7129170940043 2887
369 0 0 0 7128.135009765625 0.651123046875 499.7129170940043 2887
