20 0.1 88.9560546875 0 88.9560546875 88.9560546875 0 0
30 0.1 9.052001953125 0.0 88.9560546875 9.052001953125 88.9560546875 1
40 0.2 134.3829345703125 7.2999267578125 141.682861328125 9.052001953125 49.0040283203125 2
50 0.2 9.0050048828125 0.7821044921875 141.682861328125 8.222900390625 91.6934814453125 4
60 0.2 84.8685302734375 76.0535888671875 160.922119140625 8.222900390625 64.13065592447917 6
70 0.2 82.4281005859375 74.3880615234375 160.922119140625 8.0400390625 69.31512451171875 8
80 0.5 19.423828125 15.0902191723706 160.922119140625 7.866943359375 71.9377197265625 10
90 0.1 95.55615234375 0.0 160.922119140625 7.866943359375 54.43308919270833 15
100 0.3 23.495686848958332 20.370736620332657 160.922119140625 7.866943359375 57.00328063964844 16
110 0.7 634.779296875 227.48391194791603 1162.664794921875 7.866943359375 51.71260793585526 19
120 0.7 1746.6183384486608 406.2255172592105 2151.31103515625 7.866943359375 208.69210111177884 26
130 0.6 2199.678019205729 449.8346913984265 2886.68408203125 7.866943359375 534.9188787286931 33
140 0.9 1945.4041069878472 1424.6867067810226 3692.793212890625 0.73486328125 791.0356695713141 39
150 1.6 1480.4045104980469 1498.102696148755 3692.793212890625 0.677001953125 1007.4797515869141 48
160 1.5 977.825634765625 1229.3944508934067 3692.793212890625 0.677001953125 1125.7109413146973 64
170 2.1 883.8350771949405 1132.5976799791702 3692.793212890625 0.677001953125 1097.6314527294303 79
180 2.9 685.1177852235992 942.3873835481248 3692.793212890625 0.64013671875 1052.7342138671875 100
190 4.5 553.8427842881943 865.003830828517 3692.793212890625 0.64013671875 970.0917609163033 129
200 3.5 516.2404227120536 815.8440670807777 3692.793212890625 0.64013671875 862.441163512482 174
210 3.5 581.70693359375 749.2647208812166 3692.793212890625 0.64013671875 804.4649628999701 209
220 3.4 641.92138671875 1258.0930211238012 6516.099853515625 0.64013671875 772.5119668929303 244
230 3.3 597.7883448745265 775.8663214672978 6516.099853515625 0.64013671875 756.540457087455 278
240 1.9 446.1210937499999 642.7124269547462 6516.099853515625 0.64013671875 739.6953776565013 311
250 2 662.5034790039061 661.0816628889547 6516.099853515625 0.64013671875 722.7926158558239 330
260 1.2 768.06787109375 654.3296383679302 6516.099853515625 0.64013671875 719.3475223214285 350
270 0.2 1005.6629638671875 108.1929931640625 6516.099853515625 0.64013671875 720.9625615072513 362
280 0.5 1067.493603515625 120.47081327978579 6516.099853515625 0.64013671875 722.526849432306 364
290 0.3 765.7943522135416 163.43974059902914 6516.099853515625 0.64013671875 727.2011956935976 369
300 0 0 0 6516.099853515625 0.64013671875 727.5124308268229 372
310 0 0 0 6516.099853515625 0.64013671875 727.5124308268229 372
320 0 0 0 6516.099853515625 0.64013671875 727.5124308268229 372
330 0 0 0 6516.099853515625 0.64013671875 727.5124308268229 372
340 0 0 0 6516.099853515625 0.64013671875 727.5124308268229 372
350 0 0 0 6516.099853515625 0.64013671875 727.5124308268229 372
360 0 0 0 6516.099853515625 0.64013671875 727.5124308268229 372
369 0 0 0 6516.099853515625 0.64013671875 727.5124308268229 372
