0 0.1 8.728238929385089 0 8.728238929385089 8.728238929385089 0 0
10 0.1 1.6798418972332017 0.0 8.728238929385089 1.6798418972332017 8.728238929385089 1
20 0.1 0.8919722497522299 0.0 8.728238929385089 0.8919722497522299 5.204040413309145 2
30 0.1 1.3820335636722607 0.0 8.728238929385089 0.8919722497522299 3.7666843587901737 3
40 0.1 1.2871287128712872 0.0 8.728238929385089 0.8919722497522299 3.1705216600106954 4
50 0.1 1.1928429423459244 0.0 8.728238929385089 0.8919722497522299 2.7938430705828137 5
60 0.1 1.6865079365079365 0.0 8.728238929385089 0.8919722497522299 2.5270097158766656 6
70 0.1 1.8867924528301887 0.0 8.728238929385089 0.8919722497522299 2.406938033109704 7
80 0.1 1.593625498007968 0.0 8.728238929385089 0.8919722497522299 2.341919835574765 8
90 0.1 2.376237623762376 0.0 8.728238929385089 0.8919722497522299 2.258776020289565 9
100 0.1 1.9940179461615155 0.0 8.728238929385089 0.8919722497522299 2.270522180636846 10
110 0.1 2.783300198807157 0.0 8.728238929385089 0.8919722497522299 2.2453854320481796 11
120 0.1 3.5856573705179287 0.0 8.728238929385089 0.8919722497522299 2.2902116626114277 12
130 0.1 4.087736789631107 0.0 8.728238929385089 0.8919722497522299 2.3898613324503892 13
140 0.1 4.083665338645418 0.0 8.728238929385089 0.8919722497522299 2.5111381508204405 14
150 0.1 3.9078156312625247 0.0 8.728238929385089 0.8919722497522299 2.615973296675439 15
160 0.1 6.118355065195587 0.0 8.728238929385089 0.8919722497522299 2.6967134425871317 16
170 0.1 7.00507614213198 0.0 8.728238929385089 0.8919722497522299 2.8979864792111587 17
180 0.1 9.246231155778894 0.0 9.246231155778894 0.8919722497522299 3.126158127151204 18
190 0.1 12.296747967479675 0.0 12.296747967479675 0.8919722497522299 3.448267233921082 19
200 0.1 15.030674846625766 0.0 15.030674846625766 0.8919722497522299 3.8906912705990115 20
210 0.1 14.649033570701933 0.0 15.030674846625766 0.8919722497522299 4.421166678981239 21
220 0.1 12.474849094567404 0.0 15.030674846625766 0.8919722497522299 4.886069719513998 22
230 0.1 13.232323232323232 0.0 15.030674846625766 0.8919722497522299 5.216016648864146 23
240 0.1 10.452261306532664 0.0 15.030674846625766 0.8919722497522299 5.550029423174942 24
250 0.1 9.072781655034895 0.0 15.030674846625766 0.8919722497522299 5.746118698509251 25
260 0.1 7.000000000000001 0.0 15.030674846625766 0.8919722497522299 5.874067273760238 26
270 0.1 5.8999999999999995 0.0 15.030674846625766 0.8919722497522299 5.915768485843192 27
280 0.1 15.487571701720842 0.0 15.487571701720842 0.8919722497522299 5.915205325634507 28
290 0.1 54.69255663430421 0.0 54.69255663430421 0.8919722497522299 6.245286924809897 29
300 0.1 17.975402081362347 0.0 54.69255663430421 0.8919722497522299 7.860195915126375 30
310 0.1 1.188118811881188 0.0 54.69255663430421 0.8919722497522299 8.186492888230761 31
320 0.1 1.2871287128712872 0.0 54.69255663430421 0.8919722497522299 7.967793698344837 32
330 0.1 0.7920792079207921 0.0 54.69255663430421 0.7920792079207921 7.765349304845639 33
340 0.1 1.185770750988142 0.0 54.69255663430421 0.7920792079207921 7.560253125524319 34
350 0.1 1.0869565217391304 0.0 54.69255663430421 0.7920792079207921 7.378125057680428 35
360 0.1 0.7905138339920948 0.0 54.69255663430421 0.7905138339920948 7.203370376126504 36
369 0.1 0.8902077151335311 0.0 54.69255663430421 0.7905138339920948 7.03004992904179 37
