0 0.1 3170.734375 0 3170.734375 3170.734375 0 0
10 0.1 3171.0703125 0.0 3171.0703125 3170.734375 3170.734375 1
20 0.1 3170.71484375 0.0 3171.0703125 3170.71484375 3170.90234375 2
30 0.1 3169.23828125 0.0 3171.0703125 3169.23828125 3170.83984375 3
40 0.1 3167.4375 0.0 3171.0703125 3167.4375 3170.439453125 4
50 0.1 3166.24609375 0.0 3171.0703125 3166.24609375 3169.8390625 5
60 0.1 3164.80078125 0.0 3171.0703125 3164.80078125 3169.240234375 6
70 0.1 3164.0859375 0.0 3171.0703125 3164.0859375 3168.606026785714 7
80 0.1 3163.86328125 0.0 3171.0703125 3163.86328125 3168.041015625 8
90 0.1 3162.05859375 0.0 3171.0703125 3162.05859375 3167.5768229166665 9
100 0.1 3161.4609375 0.0 3171.0703125 3161.4609375 3167.025 10
110 0.1 3160.234375 0.0 3171.0703125 3160.234375 3166.5191761363635 11
120 0.1 3155.671875 0.0 3171.0703125 3155.671875 3165.9954427083335 12
130 0.1 3150.89453125 0.0 3171.0703125 3150.89453125 3165.2013221153848 13
140 0.1 3147.62890625 0.0 3171.0703125 3147.62890625 3164.1794084821427 14
150 0.1 3144.8515625 0.0 3171.0703125 3144.8515625 3163.0760416666667 15
160 0.1 3141.6171875 0.0 3171.0703125 3141.6171875 3161.93701171875 16
170 0.1 3137.91015625 0.0 3171.0703125 3137.91015625 3160.7417279411766 17
180 0.1 3133.5703125 0.0 3171.0703125 3133.5703125 3159.4733072916665 18
190 0.1 3127.8984375 0.0 3171.0703125 3127.8984375 3158.109991776316 19
200 0.1 3121.60546875 0.0 3171.0703125 3121.60546875 3156.5994140625 20
210 0.1 3116.7578125 0.0 3171.0703125 3116.7578125 3154.933035714286 21
220 0.1 3112.0390625 0.0 3171.0703125 3112.0390625 3153.1977982954545 22
230 0.1 3110.96875 0.0 3171.0703125 3110.96875 3151.4082880434785 23
240 0.1 3110.76953125 0.0 3171.0703125 3110.76953125 3149.7233072916665 24
250 0.1 3110.5546875 0.0 3171.0703125 3110.5546875 3148.16515625 25
260 0.1 3114.6953125 0.0 3171.0703125 3110.5546875 3146.7185997596152 26
270 0.1 3114.87890625 0.0 3171.0703125 3110.5546875 3145.5325520833335 27
280 0.1 3112.5859375 0.0 3171.0703125 3110.5546875 3144.4377790178573 28
290 0.1 3111.7734375 0.0 3171.0703125 3110.5546875 3143.3394396551726 29
300 0.1 3116.171875 0.0 3171.0703125 3110.5546875 3142.2872395833333 30
310 0.1 3116.4375 0.0 3171.0703125 3110.5546875 3141.444808467742 31
320 0.1 3116.765625 0.0 3171.0703125 3110.5546875 3140.663330078125 32
330 0.1 3116.8828125 0.0 3171.0703125 3110.5546875 3139.9391571969695 33
340 0.1 3117.01171875 0.0 3171.0703125 3110.5546875 3139.261029411765 34
350 0.1 3117.0625 0.0 3171.0703125 3110.5546875 3138.6253348214286 35
360 0.1 3117.16796875 0.0 3171.0703125 3110.5546875 3138.0263671875 36
369 0.1 3117.2734375 0.0 3171.0703125 3110.5546875 3137.462626689189 37
