0 0.8 22.68145751953125 34.17701014899111 112.403076171875 7.156982421875 0 0
10 2.8 64.1809517996652 124.85727250467569 499.310791015625 6.200927734375 22.68145751953125 8
20 3.4 100.60830508961398 171.9302485036765 859.7900390625 6.200927734375 54.95884195963543 36
30 4.3 45.49278365734012 86.13766625027016 859.7900390625 5.759033203125 77.13143833705358 70
40 8.3 86.91602739081323 228.6322917007872 1634.977783203125 5.759033203125 65.09195027309183 113
50 8.6 58.518355968386615 78.79626777449391 1634.977783203125 5.759033203125 74.33377884845345 196
60 13.2 112.25044759114583 244.4158066995847 2153.10107421875 5.759033203125 69.51063570063165 282
70 13.4 86.95458802180507 161.14671814887882 2153.10107421875 5.7080078125 83.13782210050573 414
80 17.2 306.26461011309954 612.3453691740938 4846.180908203125 5.7080078125 84.07111887688184 548
90 15.2 64.85021651418586 102.65773403573634 4846.180908203125 5.43896484375 137.15067511664498 720
100 21.9 136.6651393942637 213.99515332435473 4846.180908203125 5.43896484375 124.5478428831888 872
110 29.1 411.634685922734 443.56335102788904 4846.180908203125 5.43896484375 126.98018746240548 1091
120 28 977.0531877790179 627.0495288224132 4846.180908203125 5.43896484375 186.91829097322716 1382
130 29.4 2672.4709040842918 1300.4652802438552 6265.75 1.107177734375 320.0336767166817 1662
140 35.6 2432.465388951676 2224.3936458092467 8489.6220703125 0.6201171875 673.6208673332857 1956
150 59.5 1847.5611582523618 2248.39099198648 8806.27490234375 0.596923828125 944.4464078593006 2312
160 78.9 1317.6050599923738 1897.8434078484186 8806.27490234375 0.596923828125 1129.2944561853658 2907
170 103.3 1153.3393282894936 1673.1723678052558 8806.27490234375 0.583984375 1169.4938789136474 3696
180 135.6 756.4083691262218 1239.3119797961092 8806.27490234375 0.583984375 1165.9650883036345 4729
190 179.1 652.8025995592118 1030.8354206145568 8806.27490234375 0.550048828125 1074.698217111429 6085
200 168 1041.5551256452281 1443.4191774756491 8806.27490234375 0.52099609375 978.7592822414416 7876
210 171.4 1396.7702905928663 2222.9603757853256 12484.906982421875 0.52099609375 989.7991542504789 9556
220 195.9 1702.914700082153 3459.6123959921174 20524.364013671875 0.52099609375 1051.6934335486912 11270
230 181.1 623.1320663275213 907.4075337181981 20524.364013671875 0.52099609375 1148.128724284125 13229
240 146.4 732.6134958736213 878.7612350816736 20524.364013671875 0.52099609375 1084.9127038346962 15040
250 103 1040.0782063011989 791.3732265598704 20524.364013671875 0.52099609375 1053.661731921523 16504
260 87.6 1093.067211133706 596.9406091471461 20524.364013671875 0.52099609375 1052.8637946916303 17534
270 76.2 796.297038401206 310.3112156569923 20524.364013671875 0.52099609375 1054.7767872393358 18410
280 54.5 188.3703644638762 190.00188915624247 20524.364013671875 0.52099609375 1044.5033901699296 19172
290 24.7 18.52464337677124 20.626678928184415 20524.364013671875 0.52099609375 1020.8389128655832 19717
300 11.4 13.362540261787283 9.473082730752862 20524.364013671875 0.52099609375 1008.4380100122604 19964
310 8.4 10.130655924479168 7.130861473710918 20524.364013671875 0.52099609375 1002.7881144274634 20078
320 2.3 7.676747197690218 3.3464094840570864 20524.364013671875 0.52099609375 998.6524519676751 20162
330 0.9 8.147515190972221 3.1065534909010895 20524.364013671875 0.52099609375 997.5232747960274 20185
340 2.8 10.205235072544642 4.402134302816245 20524.364013671875 0.52099609375 997.0823328411673 20194
350 2.1 9.583809988839286 5.06783809717493 20524.364013671875 0.52099609375 995.7158726128257 20222
360 0.2 11.5833740234375 4.4844970703125 20524.364013671875 0.52099609375 994.6928635076979 20243
369 0.3 10.210693359375 3.7986506534233095 20524.364013671875 0.52099609375 994.5957422936219 20245
