0 0.8 22.68145751953125 34.17701014899111 112.403076171875 7.156982421875 0 0
10 3.1 57.96185105846774 96.17672348130115 337.23779296875 6.200927734375 22.68145751953125 8
20 4.2 81.43264043898807 147.36524204773326 859.7900390625 5.781005859375 50.72484725560897 39
30 4.9 39.91536292251275 75.84125197459805 859.7900390625 5.759033203125 66.64740668402777 81
40 10 72.1217626953125 194.01616236658026 1634.977783203125 5.131103515625 56.57148249699519 130
50 10.3 48.84905946601942 68.22041036144182 1634.977783203125 5.131103515625 63.332473887567936 230
60 16.8 88.17586553664438 204.62843831692712 2010.64111328125 4.5439453125 58.852618976398276 333
70 16.3 71.47036162768408 140.16795008365702 2010.64111328125 4.5439453125 68.6855639307323 501
80 21.8 241.61398567409682 515.9430404407294 4831.571044921875 4.534912109375 69.36918143766475 664
90 17.5 56.32044921875002 89.8857074042476 4831.571044921875 4.534912109375 111.94216026254252 882
100 27.2 117.4180746639476 187.43487082707608 4831.571044921875 4.534912109375 102.73326770562322 1057
110 34.4 342.73247581304514 331.3994676815414 4831.571044921875 4.534912109375 105.73873609739466 1329
120 33.3 849.7731156449419 435.4254403710306 4831.571044921875 4.534912109375 154.46906871077408 1673
130 33.6 2357.2863609677274 816.9519126588236 4831.571044921875 0.6328125 269.89092695059355 2006
140 42.7 2198.2699011773634 1781.0931820615049 5234.736083984375 0.069091796875 569.3635425909679 2342
150 72.1 1468.5119740648838 1639.4187720965815 5234.736083984375 0.056884765625 820.5527860421745 2769
160 95.9 1090.8675716587084 1485.9857328174305 5234.736083984375 0.056884765625 954.4148417912786 3490
170 127.6 904.4731137266728 1265.4139504442362 5234.736083984375 0.056884765625 983.827781315411 4449
180 164.4 637.1294934349331 1011.6011013714801 5234.736083984375 0.056884765625 966.1410466703054 5725
190 219.3 525.8176020158246 827.9389622616163 5234.736083984375 0.056884765625 892.7396362321249 7369
200 207 847.4918058386178 1260.5457064462103 5854.98681640625 0.056884765625 808.58778295495 9562
210 209.7 1141.2726956477986 2022.5944854247052 12484.906982421875 0.056884765625 815.5110401221776 11632
220 247.1 1348.7172449436898 3112.2693523706694 20524.364013671875 0.054931640625 865.2686474961471 13729
230 228.5 493.20175482084267 723.1571361195033 20524.364013671875 0.054931640625 939.009479859905 16200
240 184.3 580.5279456897719 675.7728057388082 20524.364013671875 0.054931640625 883.9015192586468 18485
250 124.4 860.2174657104096 570.5979724022769 20524.364013671875 0.054931640625 856.3967231110948 20328
260 105.5 898.9352550633147 379.0807309146727 20524.364013671875 0.054931640625 856.6170551986875 21572
270 94.3 635.7512911233265 124.15239006638032 20524.364013671875 0.054931640625 858.5901714251949 22627
280 67.1 147.23970061300776 129.95128839032836 20524.364013671875 0.054931640625 849.674725344386 23570
290 29.4 15.514536332110973 16.157543381516327 20524.364013671875 0.054931640625 830.2310595882393 24241
300 14.2 10.706444968639966 8.374060041022998 20524.364013671875 0.054931640625 820.468407954357 24535
310 11.1 7.641671945382883 5.0132289227689935 20524.364013671875 0.054931640625 815.8087573183814 24677
320 2.4 7.35400390625 2.143283886556646 20524.364013671875 0.054931640625 812.189806758578 24788
330 0.9 8.147515190972221 3.1065534909010895 20524.364013671875 0.054931640625 811.411310092914 24812
340 3.7 7.69676414695946 4.231686170274925 20524.364013671875 0.054931640625 811.120049702353 24821
350 3 6.678678385416666 4.1899494796469865 20524.364013671875 0.054931640625 809.9241907609437 24858
360 0.2 11.5833740234375 4.4844970703125 20524.364013671875 0.054931640625 808.9559584654091 24888
369 0.3 10.210693359375 3.7986506534233095 20524.364013671875 0.054931640625 808.8918867430755 24890
