10 0.1 74 0 74 74 0 0
20 0.1 155.0 0.0 155 74 74.0 1
30 0.1 195.0 0.0 195 74 114.5 2
40 0.1 367.0 0.0 367 74 141.33333333333334 3
50 0.1 427.0 0.0 427 74 197.75 4
60 0.1 491.0 0.0 491 74 243.6 5
70 0.1 693.0 0.0 693 74 284.8333333333333 6
80 0.1 763.0 0.0 763 74 343.14285714285717 7
90 0.1 807.0 0.0 807 74 395.625 8
100 0.1 857.0 0.0 857 74 441.3333333333333 9
110 0.1 1145.0 0.0 1145 74 482.9 10
120 0.1 1513.0 0.0 1513 74 543.0909090909091 11
130 0.1 1671.0 0.0 1671 74 623.9166666666666 12
140 0.1 1713.0 0.0 1713 74 704.4615384615385 13
150 0.1 1923.0 0.0 1923 74 776.5 14
160 0.1 2576.0 0.0 2576 74 852.9333333333333 15
170 0.1 3502.0 0.0 3502 74 960.625 16
180 0.1 4132.0 0.0 4132 74 1110.1176470588234 17
190 0.1 5609.0 0.0 5609 74 1278.0 18
200 0.1 6481.0 0.0 6481 74 1505.9473684210527 19
210 0.1 6057.0 0.0 6481 74 1754.7 20
220 0.1 6382.0 0.0 6481 74 1959.5714285714287 21
230 0.1 6883.0 0.0 6883 74 2160.590909090909 22
240 0.1 4991.0 0.0 6883 74 2365.913043478261 23
250 0.1 4713.0 0.0 6883 74 2475.2916666666665 24
260 0.1 3724.0 0.0 6883 74 2564.8 25
270 0.1 3402.0 0.0 6883 74 2609.3846153846152 26
280 0.1 3046.0 0.0 6883 74 2638.740740740741 27
290 0.1 1397.0 0.0 6883 74 2653.285714285714 28
300 0.1 945.0 0.0 6883 74 2609.9655172413795 29
310 0.1 358.0 0.0 6883 74 2554.4666666666667 30
320 0.1 287.0 0.0 6883 74 2483.6129032258063 31
330 0.1 63.0 0.0 6883 63 2414.96875 32
340 0.1 105.0 0.0 6883 63 2343.6969696969695 33
350 0.1 225.0 0.0 6883 63 2277.8529411764707 34
360 0.1 16.0 0.0 6883 16 2219.2 35
369 0.1 10.0 0.0 6883 10 2158.0 36
