10 0.1 3617.636962890625 0 3617.636962890625 3617.636962890625 0 0
20 0.3 11104.152994791666 6275.325392742844 19973.97412109375 3617.636962890625 3617.636962890625 1
30 0.2 26159.665161132813 2439.5020751953125 28599.167236328125 3617.636962890625 9232.523986816406 4
40 0.2 16338.7509765625 5364.492919921875 28599.167236328125 3617.636962890625 14874.904378255209 6
50 0.7 32214.856480189734 13104.659949613182 48074.85595703125 3617.636962890625 15240.866027832031 8
60 1.3 33472.13611778846 13704.634226220249 57426.1591796875 3617.636962890625 23162.061572265626 15
70 1.3 34758.10817307692 20272.512462738403 71318.68920898438 3617.636962890625 27948.881896972656 28
80 1.6 29320.221160888672 12980.276244316477 71318.68920898438 3617.636962890625 30107.90486256669 41
90 1.3 31436.534386268027 15505.340918050784 71318.68920898438 3617.636962890625 29886.80066560444 57
100 1.4 47572.115234375 17683.195190733768 74769.63403320313 3617.636962890625 30174.60835658482 70
110 1 36903.549536132814 22114.154889427118 74769.63403320313 3617.636962890625 33074.19283621652 84
120 1.9 38898.09966077303 26386.401917614676 124978.40698242188 3617.636962890625 33481.57120854804 94
130 2 38350.778588867186 23236.086464698597 124978.40698242188 3617.636962890625 34392.31493060357 113
140 1.8 41261.94740125868 18851.68741176587 124978.40698242188 3617.636962890625 34987.57262357554 133
150 4.4 39626.99218750001 20241.535353182193 124978.40698242188 3617.636962890625 35735.511338796045 151
160 5.2 41218.23543607272 19896.19412930319 124978.40698242188 3617.636962890625 36613.58906876002 195
170 6.8 35895.10455681296 20242.648626814167 129281.82202148438 3617.636962890625 37582.988303983744 247
180 9.3 38852.96891801076 22011.71123704897 129281.82202148438 3452.72802734375 37218.61974903894 315
190 10.3 38862.32906363775 26715.647246925146 129281.82202148438 3452.72802734375 37591.1552213781 408
200 13.4 35095.136026410924 24885.767162745535 129281.82202148438 3452.72802734375 37847.380085864876 511
210 16.6 39794.39204425121 21719.20498799899 129281.82202148438 3452.72802734375 37275.596048707004 645
220 16.4 42307.51416908822 23010.39960771105 133582.26318359375 3452.72802734375 37791.157251247496 811
230 20.7 49604.91027891001 20773.020083376916 133582.26318359375 3452.72802734375 38550.831645633014 975
240 16.2 58357.3690080054 20837.184015833944 133582.26318359375 3452.72802734375 40486.69820831351 1182
250 11.1 67612.76596371763 20534.17395803474 138581.02587890625 3452.72802734375 42640.75227791923 1344
260 11.9 75363.35100446429 18021.706105809575 138581.02587890625 3452.72802734375 44545.83373436158 1455
270 11.2 80839.96365792405 17386.085016353805 144827.50219726563 3452.72802734375 46875.74768299069 1574
280 9.2 83693.7322042714 11276.890776967006 144827.50219726563 3452.72802734375 49131.97080825317 1686
290 5.3 93543.50297114534 10463.127954408234 144827.50219726563 3452.72802734375 50920.318417046015 1778
300 2.1 102411.62448846726 13543.8888550633 144827.50219726563 3452.72802734375 52154.086184040694 1831
310 1.1 111706.61780894887 13200.954168465767 146464.09594726563 3452.72802734375 52723.961078421344 1852
320 0.7 116291.3191266741 8575.615583718494 146464.09594726563 3452.72802734375 53072.221531473304 1863
330 0.5 127851.85200195313 2987.7021780376367 146464.09594726563 3452.72802734375 53308.870559904535 1870
340 0.5 142365.97104492187 15455.21248804772 172736.65209960938 3452.72802734375 53507.65184375 1875
350 0.2 152805.30212402344 1051.3309326171875 172736.65209960938 3452.72802734375 53743.9771607744 1880
360 0 0 0 172736.65209960938 3452.72802734375 53849.24955712216 1882
369 0.1 170068.07885742188 0.0 172736.65209960938 3452.72802734375 53849.24955712216 1882
