0 1.75 1.75
10 11.53203125 13.28203125
20 22.33203125 35.6140625
30 23.053125 58.6671875
40 59.75078125 118.41796875
50 53.3640625 171.78203125
60 108.8234375 280.60546875
70 99.15390625 379.759375
80 133.9421875 513.7015625
90 100.4625 614.1640625
100 171.99921875 786.16328125
110 199.35390625 985.5171875
120 218.4109375 1203.928125
130 176.98515625 1380.91328125
140 227.95390625 1608.8671875
150 354.84375 1963.7109375
160 452.45390625 2416.16484375
170 558.9359375 2975.10078125
180 707.28046875 3682.38125
190 883.61796875 4565.99921875
200 819.834375 5385.83359375
210 833.2890625 6219.12265625
220 1045.54609375 7264.66875
230 1086.89453125 8351.56328125
240 948.4125 9299.97578125
250 660.875 9960.85078125
260 559.2984375 10520.14921875
270 530.60625 11050.75546875
280 391.73671875 11442.4921875
290 183.5828125 11626.075
300 89.36171875 11715.43671875
310 72.44140625 11787.878125
320 14.5484375 11802.4265625
330 5.69609375 11808.12265625
340 22.33125 11830.45390625
350 17.14765625 11847.6015625
360 1.234375 11848.8359375
369 1.95546875 11850.79140625
