30 0.1 21.22607421875 0 21.22607421875 21.22607421875 0 0
40 0 0 0 21.22607421875 21.22607421875 21.22607421875 1
50 0 0 0 21.22607421875 21.22607421875 21.22607421875 1
60 0.3 219.62727864583334 221.27419972281066 530.046875 21.22607421875 21.22607421875 1
70 0.2 145.14453125 27.905517578125 530.046875 21.22607421875 170.0269775390625 4
80 0 0 0 530.046875 21.22607421875 161.73282877604166 6
90 0.2 40.0899658203125 18.3709716796875 530.046875 21.22607421875 161.73282877604166 6
100 0.4 227.42047119140625 182.24555363821884 530.046875 21.22607421875 131.32211303710938 8
110 0 0 0 530.046875 21.22607421875 163.35489908854166 12
120 0.4 832.7743530273438 280.70349627673176 1247.6669921875 21.22607421875 163.35489908854166 12
130 0.4 2332.72802734375 442.2906384775815 2809.77099609375 21.22607421875 330.7097625732422 16
140 0.1 2672.133056640625 0.0 2809.77099609375 21.22607421875 731.1134155273437 20
150 0.2 1352.34912109375 1343.510986328125 2809.77099609375 8.838134765625 823.5429222470239 21
160 0.6 936.7934977213541 1319.8358665764772 2963.009033203125 0.72412109375 869.5260699728261 23
170 1 453.5429443359375 927.1155812924885 2963.009033203125 0.72412109375 883.4434688173492 29
180 1.6 709.787841796875 1070.9576482901946 2963.009033203125 0.72412109375 773.2125651041666 39
190 1.1 553.6608220880681 891.3360203898613 2963.009033203125 0.64306640625 754.7617365056818 55
200 1.5 479.4069010416667 807.3317096447929 2963.009033203125 0.64306640625 721.2449174360795 66
210 3 546.4161295572917 766.9349102287998 2963.009033203125 0.64306640625 676.4600995852624 81
220 1.7 601.832763671875 713.8621222281048 2963.009033203125 0.64306640625 641.3130806587837 111
230 2.1 321.34524972098217 630.3625952090805 2963.009033203125 0.64306640625 636.06960105896 128
240 1.8 772.551011827257 679.1088897301767 2963.009033203125 0.64306640625 591.7124777160235 149
250 1.5 1019.278369140625 411.9240117704049 2963.009033203125 0.64306640625 611.2040562429828 167
260 1 930.6095458984375 323.65133192641304 2963.009033203125 0.64306640625 644.8365545587226 182
270 0.4 749.7597045898438 165.09993881669223 2963.009033203125 0.64306640625 659.7205645243328 192
280 0.3 357.3413899739583 133.61383345008312 2963.009033203125 0.64306640625 661.5580979950574 196
290 0.1 78.02099609375 0.0 2963.009033203125 0.64306640625 656.9719164671012 199
300 0 0 0 2963.009033203125 0.64306640625 654.0771618652344 200
310 0 0 0 2963.009033203125 0.64306640625 654.0771618652344 200
320 0 0 0 2963.009033203125 0.64306640625 654.0771618652344 200
330 0 0 0 2963.009033203125 0.64306640625 654.0771618652344 200
340 0 0 0 2963.009033203125 0.64306640625 654.0771618652344 200
350 0 0 0 2963.009033203125 0.64306640625 654.0771618652344 200
360 0 0 0 2963.009033203125 0.64306640625 654.0771618652344 200
369 0 0 0 2963.009033203125 0.64306640625 654.0771618652344 200
