10 0.2 183.935546875 153.37451171875 337.31005859375 30.56103515625 0 0
20 0.2 5.9234619140625 0.0926513671875 337.31005859375 5.830810546875 183.935546875 2
30 0.1 33.260009765625 0.0 337.31005859375 5.830810546875 94.92950439453125 4
40 0.3 39.717936197916664 39.8080326482019 337.31005859375 5.830810546875 82.59560546875 5
50 0.7 14.319022042410714 9.54461103000965 337.31005859375 5.828857421875 66.5164794921875 8
60 0.7 44.684047154017854 42.89438254219153 337.31005859375 5.4951171875 42.157666015625 15
70 0.4 32.4990234375 34.954981645445734 337.31005859375 5.4951171875 42.96151455965909 22
80 0.7 168.43704659598214 199.6371347347248 494.22998046875 5.4951171875 41.35190054086539 26
90 0.8 22.403228759765625 23.4510925509375 494.22998046875 5.4951171875 68.30935576467803 33
100 1.4 69.38922991071429 133.17225923802405 538.599853515625 5.4951171875 59.35206269054878 41
110 1.4 293.6081194196427 161.36452245802954 538.599853515625 5.4951171875 61.906977982954544 55
120 0.9 855.9421115451389 295.53008356557956 1366.952880859375 5.4951171875 108.91880378170288 69
130 1.4 2516.3906773158483 643.2503669377188 3425.721923828125 5.4951171875 195.1138008313301 78
140 1.6 2342.7819213867188 1641.3966408187177 4071.18603515625 0.60107421875 548.351586383322 92
150 3.2 2226.3162002563477 1544.849248235934 4071.18603515625 0.60107421875 814.1931174949364 108
160 4.2 1333.103550502232 1476.3185172498233 4071.18603515625 0.60107421875 1136.9641078404018 140
170 6.3 846.3662651909721 1219.8925100295146 4071.18603515625 0.578857421875 1182.227056146978 182
180 6.2 705.6077487084174 1029.664289650224 4071.18603515625 0.578857421875 1095.8628527582905 245
190 8.8 501.1025279651989 829.0613536990785 4071.18603515625 0.578857421875 1017.0491183899122 307
200 7.7 427.6979409750406 812.4971757738149 4071.18603515625 0.578857421875 902.104055206685 395
210 7.9 547.7464584157436 831.9773714420983 4071.18603515625 0.578857421875 824.7115323341498 472
220 7.5 545.7026985677084 748.8063886015917 4071.18603515625 0.578125 785.0014763639972 551
230 4.7 732.7868444564494 782.5977282939118 4071.18603515625 0.578125 756.3314949986271 626
240 3.3 658.9596502130681 683.8212062776912 4071.18603515625 0.578125 754.6872177690842 673
250 1 1191.27880859375 124.14838865198894 4071.18603515625 0.578125 750.2126997388456 706
260 1 962.5667724609375 348.55124621050595 4071.18603515625 0.578125 756.37284092397 716
270 0.3 638.3382975260416 59.26887745873313 4071.18603515625 0.578125 759.2129777219998 726
280 0.1 150.502197265625 0.0 4071.18603515625 0.578125 758.7155510545267 729
290 0 0 0 4071.18603515625 0.578125 757.8823820767337 730
300 0 0 0 4071.18603515625 0.578125 757.8823820767337 730
310 0 0 0 4071.18603515625 0.578125 757.8823820767337 730
320 0.1 16.962890625 0.0 4071.18603515625 0.578125 757.8823820767337 730
330 0 0 0 4071.18603515625 0.578125 756.8688123209859 731
340 0 0 0 4071.18603515625 0.578125 756.8688123209859 731
350 0 0 0 4071.18603515625 0.578125 756.8688123209859 731
360 0 0 0 4071.18603515625 0.578125 756.8688123209859 731
369 0 0 0 4071.18603515625 0.578125 756.8688123209859 731
