10 0.1 8.614990234375 0 8.614990234375 8.614990234375 0 0
20 0.2 23.9864501953125 15.9625244140625 39.948974609375 8.02392578125 8.614990234375 1
30 0.1 32.005126953125 0.0 39.948974609375 8.02392578125 18.862630208333332 3
40 0.3 8.863606770833334 0.18726125281396014 39.948974609375 8.02392578125 22.14825439453125 4
50 0.5 21.30947265625 18.579085607438124 56.10595703125 8.02392578125 16.454833984375 7
60 0.6 23.104777018229168 12.576749339739075 56.10595703125 7.89013671875 18.47760009765625 12
70 0.3 25.82958984375 11.878486976303387 56.10595703125 7.89013671875 20.01999240451389 18
80 0.7 18.535714285714285 6.6264237672256785 56.10595703125 7.89013671875 20.849934895833332 21
90 0.6 12.1341552734375 6.432710413230471 56.10595703125 7.301025390625 20.271379743303573 28
100 0.8 61.979461669921875 87.496946967833 290.81298828125 7.254150390625 18.835398954503678 34
110 1.9 322.0814787212171 236.67196859129356 759.18505859375 6.864013671875 27.05331566220238 42
120 0.8 635.7126770019531 307.69053309237063 1007.623046875 6.864013671875 118.94733366419058 61
130 0.7 2170.182442801339 1200.097107570794 3632.448974609375 6.864013671875 178.86215608016303 69
140 1.4 2352.776192801339 1579.078278207997 4044.481201171875 0.819091796875 362.2732351202714 76
150 2.5 1524.64345703125 1484.6912579858395 4044.481201171875 0.704833984375 671.9070285373264 90
160 2.6 959.0736083984375 1431.3157523798031 4044.481201171875 0.7041015625 857.2845129925272 115
170 4.9 1112.739108338648 1290.1097025426081 4044.481201171875 0.7041015625 876.0541334219859 141
180 6.7 577.3352524486943 923.0479993700594 4044.481201171875 0.697021484375 937.0939427425986 190
190 6.5 686.0368389423074 851.604425389329 4044.481201171875 0.6279296875 843.3047121990516 257
200 7.4 614.2506334459459 918.4284061760774 4044.481201171875 0.6279296875 811.5580918211374 322
210 8.6 656.2475216887718 849.9255648623451 4044.481201171875 0.6279296875 774.6875061651673 396
220 8 741.3556762695314 1125.3883350484834 7007.751953125 0.6279296875 753.555060802159 482
230 7.1 669.0161098426496 755.2830321709173 7007.751953125 0.6279296875 751.8184936089024 562
240 4.5 807.8606336805553 659.0768446776676 7007.751953125 0.6279296875 742.5310224439672 633
250 2.7 789.5501754195602 617.4880577328413 7007.751953125 0.6279296875 746.8670585879886 678
260 1.2 905.8892008463541 303.96290214759915 7007.751953125 0.6279296875 748.5017311474955 705
270 1 685.067529296875 97.6255470482913 7007.751953125 0.6279296875 751.1358310587735 717
280 0.2 253.10107421875 40.990966796875 7007.751953125 0.6279296875 750.2270511170693 727
290 0.1 18.407958984375 0.0 7007.751953125 0.6279296875 748.8631938416281 729
300 0 0 0 7007.751953125 0.6279296875 747.8625702322346 730
310 0 0 0 7007.751953125 0.6279296875 747.8625702322346 730
320 0 0 0 7007.751953125 0.6279296875 747.8625702322346 730
330 0 0 0 7007.751953125 0.6279296875 747.8625702322346 730
340 0.1 7.880126953125 0.0 7007.751953125 0.6279296875 747.8625702322346 730
350 0 0 0 7007.751953125 0.6279296875 746.8502823481318 731
360 0 0 0 7007.751953125 0.6279296875 746.8502823481318 731
369 0 0 0 7007.751953125 0.6279296875 746.8502823481318 731
