40 0.8 20.02484130859375 10.66824781341986 45.304931640625 7.406005859375 0 0
50 0 0 0 45.304931640625 7.406005859375 20.02484130859375 8
60 1.6 33.504241943359375 29.29451508463409 122.12109375 6.508056640625 20.02484130859375 8
70 0.8 36.60003662109375 20.7794563945467 122.12109375 6.508056640625 29.0111083984375 24
80 2.4 118.5277099609375 176.00243980762875 587.38916015625 6.508056640625 30.908340454101563 32
90 0 0 0 587.38916015625 6.508056640625 68.45949881417411 56
100 2.4 46.61774698893229 35.56830693538845 587.38916015625 6.508056640625 68.45949881417411 56
110 1.7 164.41445025275735 80.04397984125657 587.38916015625 6.508056640625 61.90697326660156 80
120 1.7 492.6881749770221 349.973515053827 1303.741943359375 6.508056640625 79.87220119201031 97
130 0.2 2654.625 807.801025390625 3462.426025390625 6.508056640625 141.43247798451205 114
140 1 226.4388671875 675.9355523120281 3462.426025390625 0.1240234375 184.76338353650323 116
150 3.6 289.09166124131946 960.1648018017992 3753.469970703125 0.109130859375 188.07096160404265 126
160 3.8 336.96510074013156 983.5588725209565 3753.469970703125 0.109130859375 210.52000596788196 162
170 6.9 341.36419766191125 838.2441482070119 3753.469970703125 0.109130859375 234.54457397460936 200
180 10 358.0487329101561 797.6231134100274 3753.469970703125 0.109130859375 261.9444030988615 269
190 15.7 371.6887673541998 727.6552112392053 3753.469970703125 0.109130859375 287.9889369230606 369
200 9.6 484.1644363403322 899.7735328385822 4101.912841796875 0.109130859375 312.9715859300736 526
210 11.6 426.99524557179416 737.7137271025126 4101.912841796875 0.109130859375 339.3936335818177 622
220 21.3 852.6915174314111 1273.621720045168 6792.54296875 0.109130859375 353.1629926479929 738
230 30.3 404.2145802715035 650.6894990688996 6792.54296875 0.054931640625 465.0447758013768 951
240 25.4 381.11127525990406 595.4449034100285 6792.54296875 0.054931640625 450.34657066138345 1254
250 16.2 770.5088824990356 583.180097365296 6792.54296875 0.054931640625 438.6849227621953 1508
260 13.4 820.4068038712686 397.95244095709614 6792.54296875 0.054931640625 470.87383382648756 1670
270 16.5 611.6406590317239 100.47372562138077 6792.54296875 0.054931640625 496.83692583646575 1804
280 12 144.68559163411456 121.4309588661476 6792.54296875 0.054931640625 506.45735040590085 1969
290 4 15.57135009765625 11.15128400811511 6792.54296875 0.054931640625 485.6758228555828 2089
300 2.4 9.993367513020834 8.636738931889282 6792.54296875 0.054931640625 476.84342317952974 2129
310 2.4 8.836090087890625 4.404218605520328 6792.54296875 0.054931640625 471.63933523898345 2153
320 0 0 0 6792.54296875 0.054931640625 466.5372323985488 2177
330 0 0 0 6792.54296875 0.054931640625 466.5372323985488 2177
340 0.8 8.474609375 3.9202469546972356 6792.54296875 0.054931640625 466.5372323985488 2177
350 0.8 3.417999267578125 0.11681640598850089 6792.54296875 0.054931640625 464.8601152433138 2185
360 0 0 0 6792.54296875 0.054931640625 463.17678787085333 2193
369 0 0 0 6792.54296875 0.054931640625 463.17678787085333 2193
