40 0.8 8.88275146484375 4.780519513429375 18.033935546875 5.239013671875 0 0
50 0 0 0 18.033935546875 5.239013671875 8.88275146484375 8
60 1.6 27.125183105468746 31.208011975816174 136.884033203125 4.6259765625 8.88275146484375 8
70 0.8 17.086944580078125 8.82603685566352 136.884033203125 4.6259765625 21.044372558593746 24
80 2.4 124.12269083658855 178.15960159485266 605.85888671875 4.6259765625 20.05501556396484 32
90 0 0 0 605.85888671875 4.6259765625 64.65544782366071 56
100 2.4 35.900716145833336 23.75062915985763 605.85888671875 4.6259765625 64.65544782366071 56
110 1.8 148.62548828125 99.96558577825131 605.85888671875 4.6259765625 56.0290283203125 80
120 1.6 470.3551025390625 317.5787675940545 1252.217041015625 4.6259765625 73.03654137436224 98
130 0.3 2047.8797200520833 236.54170168892685 2271.9130859375 4.6259765625 128.8005499588816 114
140 1 652.4451171875 1370.4308933734887 4205.843017578125 0.657958984375 178.00770816639957 117
150 3.5 145.50174386160714 586.4222979962925 4205.843017578125 0.657958984375 215.36498446727362 127
160 3.8 282.3815660978618 820.6480458487939 4205.843017578125 0.657958984375 200.27107445987653 162
170 7.2 513.5409478081597 1006.9104582429989 4205.843017578125 0.657958984375 215.87206787109375 200
180 10.2 502.4963091681985 935.4658013665374 4205.843017578125 0.657958984375 294.6667713838465 272
190 15.6 450.5976077348757 773.2816552118493 4205.843017578125 0.657958984375 351.3475544159425 374
200 9.6 654.0008316040041 933.4998466866844 4205.843017578125 0.6240234375 380.56077765698706 530
210 12.2 653.2242711801999 1363.706676970908 8941.06884765625 0.6240234375 422.49407666483637 626
220 24.2 381.03729903796483 815.1686525613808 8941.06884765625 0.6240234375 460.1265415456844 748
230 27.2 329.4330103257124 626.255365137865 8941.06884765625 0.6240234375 440.79361559935296 990
240 25.9 475.39598855272686 634.3425267837999 8941.06884765625 0.6240234375 416.7919637495668 1262
250 15.9 808.287358122052 581.824609368803 8941.06884765625 0.6240234375 426.7712158363639 1521
260 13.5 858.5977719907406 387.8352247358088 8941.06884765625 0.6240234375 462.87899358840224 1680
270 16.1 615.9432259316771 97.5403177650103 8941.06884765625 0.6240234375 492.3126217340307 1815
280 11.3 146.3319729155143 114.0024331555846 8941.06884765625 0.6240234375 502.38576306794823 1976
290 4 12.03765869140625 8.991610745469364 8941.06884765625 0.6240234375 483.1257926097266 2089
300 2.4 8.634674072265625 6.957182402903592 8941.06884765625 0.6240234375 474.2749117470057 2129
310 2.4 8.165211995442709 5.507505941079332 8941.06884765625 0.6240234375 469.0843099336319 2153
320 0 0 0 8941.06884765625 0.6240234375 464.0029785829123 2177
330 0 0 0 8941.06884765625 0.6240234375 464.0029785829123 2177
340 0.8 4.13916015625 0.14064295971944243 8941.06884765625 0.6240234375 464.0029785829123 2177
350 0.8 10.241424560546875 3.5088997080775015 8941.06884765625 0.6240234375 462.31926666189935 2185
360 0 0 0 8941.06884765625 0.6240234375 460.67009988724783 2193
369 0 0 0 8941.06884765625 0.6240234375 460.67009988724783 2193
