10 0.2 244.50048828125 82.369384765625 326.869873046875 162.131103515625 0 0
20 0.2 182.3551025390625 27.5831298828125 326.869873046875 154.77197265625 244.50048828125 2
30 0.1 339.907958984375 0.0 339.907958984375 154.77197265625 213.42779541015625 4
40 0.3 337.0965983072917 238.83758185669814 674.471923828125 154.31982421875 238.723828125 5
50 0.7 210.50359235491072 49.552853441768775 674.471923828125 154.31982421875 275.6136169433594 8
60 0.7 605.109619140625 596.8959478034765 2010.720947265625 154.31982421875 245.22893880208332 15
70 0.4 464.934814453125 244.8932847126412 2010.720947265625 154.31982421875 359.73642800071025 22
80 0.7 760.7500348772321 576.7840407225111 2010.720947265625 150.580078125 375.9207951472356 26
90 0.8 255.77932739257813 82.99575587762713 2010.720947265625 150.580078125 457.551239938447 33
100 1.5 529.453662109375 237.63120238955474 2010.720947265625 150.580078125 418.1811106612043 41
110 1.3 1241.8414963942305 217.2579720002904 2010.720947265625 150.580078125 447.9862583705357 56
120 1.1 1591.1868341619318 375.530861652771 2430.81591796875 150.580078125 597.5531872735507 69
130 1.4 3047.307146344866 605.8652708711443 4536.384033203125 150.580078125 734.1778137207032 80
140 2.1 3187.9229561941966 1727.6785500018984 5006.008056640625 0.861083984375 1078.6864377285572 94
150 3 2278.1968912760417 1960.849180275681 5006.008056640625 0.744873046875 1463.8513671875 115
160 4.5 1678.3597222222215 1823.8454867353926 5006.008056640625 0.701904296875 1632.3366480334053 145
170 5.8 996.3259403623385 1468.0616186455975 5006.008056640625 0.694091796875 1643.2368498149672 190
180 6.2 787.6738950667843 1176.9503869449825 5006.008056640625 0.694091796875 1491.9431693784652 248
190 8.8 376.92783147638494 871.0634843968048 5006.008056640625 0.68115234375 1351.089314516129 310
200 7.9 540.1408042424841 1022.3704933468673 5006.008056640625 0.6650390625 1135.696825803824 398
210 7.8 871.2782326722756 1508.224302446666 7457.35400390625 0.6650390625 1037.0617614362227 477
220 7.4 918.5704279719171 2358.4271144935988 19020.442138671875 0.6650390625 1013.7624546910193 555
230 4.5 647.6511284722224 897.7265322060438 19020.442138671875 0.6650390625 1002.5633927240661 629
240 3.4 782.6380184397976 937.220965483962 19020.442138671875 0.6650390625 978.8674700366286 674
250 0.9 1440.384250217014 640.6542920763245 19020.442138671875 0.6650390625 969.4440217961028 708
260 1 1160.571044921875 624.747702867304 19020.442138671875 0.6650390625 975.3554054164489 717
270 0.2 1172.4635009765625 438.9984130859375 19020.442138671875 0.6650390625 977.9030758360559 727
280 0.1 958.52294921875 0.0 19020.442138671875 0.6650390625 978.4368492932315 729
290 0 0 0 19020.442138671875 0.6650390625 978.409569978061 730
300 0 0 0 19020.442138671875 0.6650390625 978.409569978061 730
310 0 0 0 19020.442138671875 0.6650390625 978.409569978061 730
320 0.1 6.10009765625 0.0 19020.442138671875 0.6650390625 978.409569978061 730
330 0 0 0 19020.442138671875 0.6650390625 977.0794612607945 731
340 0 0 0 19020.442138671875 0.6650390625 977.0794612607945 731
350 0 0 0 19020.442138671875 0.6650390625 977.0794612607945 731
360 0 0 0 19020.442138671875 0.6650390625 977.0794612607945 731
369 0 0 0 19020.442138671875 0.6650390625 977.0794612607945 731
