20 0.3 11333.571370442709 6243.943394958851 19347.01708984375 4114.56591796875 0 0
30 0.5 20345.690283203126 9826.613560896609 32686.343017578125 4114.56591796875 11333.571370442709 3
40 0.4 18717.254028320313 11717.113378660924 32686.343017578125 4114.56591796875 16966.14569091797 8
50 1.2 24721.135864257813 14501.049122509074 51262.677001953125 2386.592041015625 17549.848470052082 12
60 0.8 32610.30892944336 11140.798954023026 51262.677001953125 2386.592041015625 21135.49216715495 24
70 0.9 30716.586941189234 19840.34589321427 61592.27197265625 2386.592041015625 24004.19635772705 32
80 0.6 48512.3993733724 23835.76916368821 75567.5009765625 2386.592041015625 25477.64794921875 41
90 1.6 28152.137725830078 19816.949979633213 75567.5009765625 2386.592041015625 28418.254514004322 47
100 1.8 32091.848809136285 22639.240745321422 96712.8359375 2386.592041015625 28350.66929796007 63
110 1.9 40869.08431846217 20529.630762791126 96712.8359375 2386.592041015625 29182.042522665895 81
120 1.9 47226.57789370888 27787.421252813747 96712.8359375 2386.592041015625 31402.580463867187 100
130 3.1 27584.133253528227 16213.785153054816 96712.8359375 2386.592041015625 33929.10106190914 119
140 3.3 33032.5673902107 20252.445403171787 96712.8359375 2386.592041015625 32617.80771484375 150
150 5.1 32025.74006204044 20680.191806286446 96712.8359375 2386.592041015625 32692.60044318861 183
160 6.4 32943.50386047364 21645.966315558777 101235.88891601563 2386.592041015625 32547.259078066574 234
170 4.9 35460.3248565051 21616.886584437125 101630.13208007813 2386.592041015625 32632.35862865064 298
180 5.8 36007.996922986255 20023.87404861187 101630.13208007813 2386.592041015625 33031.69679915458 347
190 6.8 36031.529052734375 18571.333583252912 101630.13208007813 2386.592041015625 33457.93237244406 405
200 9.8 45166.27260792014 22833.12847656708 120138.0 2386.592041015625 33827.920901534424 473
210 12.6 38329.318855406775 20659.134358761796 120138.0 2386.592041015625 35773.90770928539 571
220 12 43394.96518758139 22334.62182657593 120226.86889648438 2386.592041015625 36235.86151762297 697
230 14.6 52179.41471298427 23512.072420956603 137288.88012695313 2386.592041015625 37287.38225250058 817
240 13.2 59205.79184977213 21891.737716367064 137288.88012695313 2386.592041015625 39545.156644225004 963
250 14.5 76159.3671875 21161.434459685148 138749.26611328125 2386.592041015625 41915.20581968822 1095
260 21.6 77735.74574449324 16885.18823912482 139681.56909179688 2386.592041015625 45919.563398988794 1240
270 15 83799.25458658855 16099.437093954286 139681.56909179688 2386.592041015625 50639.54649420099 1456
280 10.4 88511.39992816631 12461.944804686816 139681.56909179688 2386.592041015625 53736.65497107405 1606
290 5.5 97199.38722922585 12465.972632810548 139681.56909179688 2386.592041015625 55851.61021992644 1710
300 4.1 104844.56613829077 11036.52137742986 139681.56909179688 2386.592041015625 57140.067860442854 1765
310 1.9 117307.85124126234 12706.727318814206 157452.30395507813 2386.592041015625 58223.06034626332 1806
320 1.4 124150.29359654018 9657.511064696933 157452.30395507813 2386.592041015625 58838.18967612907 1825
330 0 0 0 157452.30395507813 2386.592041015625 59335.399820167 1839
340 0.1 183148.71313476563 0.0 183148.71313476563 2386.592041015625 59335.399820167 1839
343 0.1 151300.88989257813 0.0 183148.71313476563 2386.592041015625 59402.689664359714 1840
