0 15.80625 15.80625
10 56.24375 72.05
20 135.4921875 207.5421875
30 237.35078125 444.89296875
40 312.2 757.09296875
50 375.86796875 1132.9609375
60 240.31328125 1373.27421875
70 323.40546875 1696.6796875
80 328.1125 2024.7921875
90 583.60703125 2608.39921875
100 655.58359375 3263.9828125
110 837.465625 4101.4484375
120 964.959375 5066.4078125
130 1511.28984375 6577.69765625
140 1621.125 8198.82265625
150 2025.06875 10223.89140625
160 2343.55390625 12567.4453125
170 2005.23046875 14572.67578125
180 2016.828125 16589.50390625
190 2271.4515625 18860.95546875
200 2450.70703125 21311.6625
210 2406.53203125 23718.19453125
220 2273.6796875 25991.87421875
230 2568.86953125 28560.74375
240 3028.25859375 31589.00234375
250 3785.203125 35374.20546875
260 3924.75234375 39298.9578125
270 2476.3609375 41775.31875
280 1559.3078125 43334.6265625
290 829.17265625 44163.79921875
300 268.4 44432.19921875
310 227.7 44659.89921875
320 64.865625 44724.76484375
330 0 44724.76484375
340 9.5609375 44734.32578125
343 2.9359375 44737.26171875
