30 0.8 30.654052734375 10.380611447579177 47.389892578125 14.56103515625 0 0
40 0.8 9.18988037109375 3.328106666903976 47.389892578125 6.77197265625 30.654052734375 8
50 0.8 12.881378173828125 5.192636709209921 47.389892578125 6.77197265625 19.921966552734375 16
60 0 0 0 47.389892578125 6.77197265625 17.575103759765625 24
70 0 0 0 47.389892578125 6.77197265625 17.575103759765625 24
80 0 0 0 47.389892578125 6.77197265625 17.575103759765625 24
90 0 0 0 47.389892578125 6.77197265625 17.575103759765625 24
100 0.8 15.440704345703125 10.63238858467354 47.389892578125 6.364013671875 17.575103759765625 24
110 0.8 8.66790771484375 3.004874545244976 47.389892578125 6.364013671875 17.04150390625 32
120 1.6 13.031280517578125 3.8062169174138982 47.389892578125 6.364013671875 15.36678466796875 40
130 4.6 36.6979343580163 72.82190382524983 449.958984375 6.26611328125 14.699497767857142 56
140 3.4 13.287324793198529 10.155579675114927 449.958984375 6.26611328125 24.620361328125 102
150 4 44.73970336914063 53.339711985776624 449.958984375 6.26611328125 21.787102194393384 136
160 6.3 84.89780195932539 88.22061511741369 449.958984375 6.26611328125 27.00360246138139 176
170 2.6 609.026395357572 485.8494766829223 1815.879150390625 6.26611328125 42.26441655498169 239
180 2.3 1144.377982761549 570.0529412198559 2043.658203125 6.26611328125 97.87125221108491 265
190 2.1 2551.8758138020835 694.8578493413357 3708.197021484375 6.26611328125 181.44644249810113 288
200 5.5 1495.3593572443176 1711.6270674392547 4217.4130859375 1.386962890625 342.5435842372067 309
210 9.9 1183.119283656881 1745.2113935344628 5263.27294921875 1.35498046875 516.7327807080613 364
220 5.2 2665.6021587665264 1739.2622969317995 5263.27294921875 1.35498046875 659.2214714033812 463
230 8 2316.43268737793 1098.2697900501892 5263.27294921875 1.35498046875 861.8074825546114 515
240 14.2 1877.4211735255283 426.8093211372967 5263.27294921875 1.35498046875 1057.3873420266543 595
250 38.7 972.0539840974243 292.7245415599862 5263.27294921875 1.35498046875 1215.3857193303722 737
260 52.1 500.8935401608988 294.2274344869436 5263.27294921875 1.35498046875 1131.6051307759676 1124
270 17.1 146.9741539313779 209.85417903254302 5263.27294921875 1.35498046875 931.8478428060887 1645
280 7.2 16.5911153157552 12.765095644393542 5263.27294921875 1.35498046875 857.9417850981727 1816
290 2.4 11.176015218098959 5.459454574979973 5263.27294921875 1.35498046875 825.8563781996907 1888
300 0 0 0 5263.27294921875 1.35498046875 815.6302648568254 1912
310 0.8 12.87921142578125 3.9386138849511396 5263.27294921875 1.35498046875 815.6302648568254 1912
320 0 0 0 5263.27294921875 1.35498046875 812.2854688008628 1920
330 0 0 0 5263.27294921875 1.35498046875 812.2854688008628 1920
340 0 0 0 5263.27294921875 1.35498046875 812.2854688008628 1920
343 0 0 0 5263.27294921875 1.35498046875 812.2854688008628 1920
