10 0.1 179.515869140625 0 179.515869140625 179.515869140625 0 0
20 0.4 233.15728759765625 76.69777562107542 347.64111328125 159.56591796875 179.515869140625 1
30 0.2 355.343017578125 121.193115234375 476.5361328125 159.56591796875 222.42900390625 5
40 0.4 159.5858154296875 1.8402430714527473 476.5361328125 156.68408203125 260.40443638392856 7
50 0.3 172.73193359375 10.434190884184693 476.5361328125 156.68408203125 223.74311967329547 11
60 0.4 218.76800537109375 100.84173902102579 476.5361328125 156.68408203125 212.81215122767858 14
70 0.8 190.71517944335938 50.24435226483901 476.5361328125 156.68408203125 214.13567437065973 18
80 0.9 175.46438259548611 26.98592349672895 476.5361328125 154.205078125 206.92936823918268 26
90 0.5 294.532470703125 196.6055307292748 674.24609375 154.205078125 198.83837193080356 35
100 0.8 214.20074462890625 124.49078773862777 674.24609375 154.205078125 210.80013427734374 40
110 1.7 253.30325137867646 135.79145146199613 705.320068359375 154.205078125 211.36690266927084 48
120 1.8 329.2595486111111 124.79376704322044 705.320068359375 154.205078125 222.33487079326923 65
130 2.5 526.964052734375 373.8949156692625 1410.035888671875 153.324951171875 245.52335513930723 83
140 2.5 446.78599609375 305.5511954844348 1410.035888671875 153.324951171875 310.67166476779516 108
150 3.6 705.3975355360243 276.0071581086573 1410.035888671875 153.324951171875 336.2570653929746 133
160 4 844.919921875 428.94286076084995 1661.60205078125 153.324951171875 414.89053832285504 169
170 5.1 1313.893396714154 582.6054998457503 2813.421142578125 153.324951171875 497.1928126869019 209
180 5.5 2259.9014293323867 557.098521267044 3351.2470703125 153.324951171875 657.3917733999399 260
190 5.1 3174.2604214537378 1258.2182933728636 4927.60205078125 1.529052734375 937.1950466579862 315
200 8.5 2279.435294117647 2126.2801401396187 5171.677001953125 1.529052734375 1248.9172710147711 366
210 11 2750.4089821555394 2145.1444953061905 6277.662109375 1.48095703125 1443.139071377841 451
220 9.9 3318.161835641572 2115.037873072252 6277.662109375 1.48095703125 1699.466504863664 561
230 5.2 3170.84467961238 1316.6058719091084 6277.662109375 1.48095703125 1942.2708044803503 660
240 2.3 2885.558848505435 485.8747473235956 6277.662109375 1.48095703125 2031.998109967521 712
250 0.7 1937.3618861607142 471.5153590631195 6277.662109375 1.48095703125 2058.7081738945576 735
260 0.3 761.649658203125 600.7869600203087 6277.662109375 1.48095703125 2057.5633975951814 742
270 0.2 97.113037109375 89.2509765625 6277.662109375 1.48095703125 2052.344953007025 745
280 0.2 90.2880859375 80.2890625 6277.662109375 1.48095703125 2047.1100616659337 747
290 0 0 0 6277.662109375 1.48095703125 2041.8849028522395 749
300 0 0 0 6277.662109375 1.48095703125 2041.8849028522395 749
310 0 0 0 6277.662109375 1.48095703125 2041.8849028522395 749
320 0 0 0 6277.662109375 1.48095703125 2041.8849028522395 749
330 0 0 0 6277.662109375 1.48095703125 2041.8849028522395 749
340 0 0 0 6277.662109375 1.48095703125 2041.8849028522395 749
343 0 0 0 6277.662109375 1.48095703125 2041.8849028522395 749
