0 0.1 3170.8203125 0 3170.8203125 3170.8203125 0 0
10 0.1 3169.32421875 0.0 3170.8203125 3169.32421875 3170.8203125 1
20 0.1 3166.5546875 0.0 3170.8203125 3166.5546875 3170.072265625 2
30 0.1 3164.015625 0.0 3170.8203125 3164.015625 3168.8997395833335 3
40 0.1 3163.9140625 0.0 3170.8203125 3163.9140625 3167.6787109375 4
50 0.1 3164.671875 0.0 3170.8203125 3163.9140625 3166.92578125 5
60 0.1 3163.20703125 0.0 3170.8203125 3163.20703125 3166.5501302083335 6
70 0.1 3152.10546875 0.0 3170.8203125 3152.10546875 3166.0725446428573 7
80 0.1 3151.7421875 0.0 3170.8203125 3151.7421875 3164.32666015625 8
90 0.1 3146.9296875 0.0 3170.8203125 3146.9296875 3162.9283854166665 9
100 0.1 3146.46875 0.0 3170.8203125 3146.46875 3161.328515625 10
110 0.1 3147.06640625 0.0 3170.8203125 3146.46875 3159.977627840909 11
120 0.1 3140.890625 0.0 3170.8203125 3140.890625 3158.9016927083335 12
130 0.1 3137.1953125 0.0 3170.8203125 3137.1953125 3157.5162259615386 13
140 0.1 3132.41015625 0.0 3170.8203125 3132.41015625 3156.0647321428573 14
150 0.1 3119.56640625 0.0 3170.8203125 3119.56640625 3154.487760416667 15
160 0.1 3099.04296875 0.0 3170.8203125 3099.04296875 3152.30517578125 16
170 0.1 3069.2890625 0.0 3170.8203125 3069.2890625 3149.1721047794117 17
180 0.1 3049.6640625 0.0 3170.8203125 3049.6640625 3144.7341579861113 18
190 0.1 3037.05078125 0.0 3170.8203125 3037.05078125 3139.73046875 19
200 0.1 3014.63671875 0.0 3170.8203125 3014.63671875 3134.596484375 20
210 0.1 3007.6328125 0.0 3170.8203125 3007.6328125 3128.8841145833335 21
220 0.1 3008.99609375 0.0 3170.8203125 3007.6328125 3123.3726917613635 22
230 0.1 3003.46484375 0.0 3170.8203125 3003.46484375 3118.399796195652 23
240 0.1 3010.9140625 0.0 3170.8203125 3003.46484375 3113.61083984375 24
250 0.1 3012.95703125 0.0 3170.8203125 3003.46484375 3109.50296875 25
260 0.1 3017.76953125 0.0 3170.8203125 3003.46484375 3105.7896634615386 26
270 0.1 3036.1796875 0.0 3170.8203125 3003.46484375 3102.529658564815 27
280 0.1 3044.68359375 0.0 3170.8203125 3003.46484375 3100.1600167410716 28
290 0.1 3061.484375 0.0 3170.8203125 3003.46484375 3098.247036637931 29
300 0.1 3081.8671875 0.0 3170.8203125 3003.46484375 3097.0216145833333 30
310 0.1 3081.07421875 0.0 3170.8203125 3003.46484375 3096.532762096774 31
320 0.1 3090.984375 0.0 3170.8203125 3003.46484375 3096.0496826171875 32
330 0.1 3091.90625 0.0 3170.8203125 3003.46484375 3095.8961884469695 33
340 0.1 3092.29296875 0.0 3170.8203125 3003.46484375 3095.7788373161766 34
