0 0.1 0.3984375 0 0.3984375 0.3984375 0 0
10 0.1 0.33984375 0.0 0.3984375 0.33984375 0.3984375 1
20 0.1 0.2890625 0.0 0.3984375 0.2890625 0.369140625 2
30 0.1 0.23828125 0.0 0.3984375 0.23828125 0.3424479166666667 3
40 0.1 0.2109375 0.0 0.3984375 0.2109375 0.31640625 4
50 0.1 0.1796875 0.0 0.3984375 0.1796875 0.2953125 5
60 0.1 0.1484375 0.0 0.3984375 0.1484375 0.2760416666666667 6
70 0.1 0.12890625 0.0 0.3984375 0.12890625 0.2578125 7
80 0.1 0.1796875 0.0 0.3984375 0.12890625 0.24169921875 8
90 0.1 0.1484375 0.0 0.3984375 0.12890625 0.2348090277777778 9
100 0.1 0.12890625 0.0 0.3984375 0.12890625 0.226171875 10
110 0.1 0.109375 0.0 0.3984375 0.109375 0.21732954545454544 11
120 0.1 0.08984375 0.0 0.3984375 0.08984375 0.20833333333333334 12
130 0.1 0.078125 0.0 0.3984375 0.078125 0.19921875 13
140 0.1 0.140625 0.0 0.3984375 0.078125 0.19056919642857142 14
150 0.1 0.12109375 0.0 0.3984375 0.078125 0.18723958333333332 15
160 0.1 0.1015625 0.0 0.3984375 0.078125 0.18310546875 16
170 0.1 0.171875 0.0 0.3984375 0.078125 0.17830882352941177 17
180 0.1 0.21875 0.0 0.3984375 0.078125 0.1779513888888889 18
190 0.1 0.19140625 0.0 0.3984375 0.078125 0.18009868421052633 19
200 0.1 0.23828125 0.0 0.3984375 0.078125 0.1806640625 20
210 0.1 0.19921875 0.0 0.3984375 0.078125 0.18340773809523808 21
220 0.1 0.171875 0.0 0.3984375 0.078125 0.18412642045454544 22
230 0.1 0.140625 0.0 0.3984375 0.078125 0.18359375 23
240 0.1 0.12109375 0.0 0.3984375 0.078125 0.18180338541666666 24
250 0.1 0.1015625 0.0 0.3984375 0.078125 0.179375 25
260 0.1 0.08984375 0.0 0.3984375 0.078125 0.17638221153846154 26
270 0.1 0.0703125 0.0 0.3984375 0.0703125 0.17317708333333334 27
280 0.1 0.05859375 0.0 0.3984375 0.05859375 0.16950334821428573 28
290 0.1 0.05078125 0.0 0.3984375 0.05078125 0.16567887931034483 29
300 0.1 0.0390625 0.0 0.3984375 0.0390625 0.16184895833333332 30
310 0.1 0.0390625 0.0 0.3984375 0.0390625 0.1578881048387097 31
320 0.1 0.03125 0.0 0.3984375 0.03125 0.1541748046875 32
330 0.1 0.03125 0.0 0.3984375 0.03125 0.1504498106060606 33
340 0.1 0.01953125 0.0 0.3984375 0.01953125 0.1469439338235294 34
