0 2.2 92.09610262784093 184.22947635981916 576.405029296875 3.74609375 0 0
10 5.3 23.884899211379718 35.62816069778943 576.405029296875 3.74609375 92.09610262784093 22
20 5.9 35.88199731859112 85.70570652872472 576.405029296875 3.74609375 43.89351888020834 75
30 6.7 20.08848822294776 21.165985033731946 576.405029296875 3.74609375 40.366057894123145 134
40 10.3 19.277199161862857 22.03600731825098 576.405029296875 3.74609375 33.60686800373135 201
50 10.4 15.487281212439903 16.59388937379465 576.405029296875 3.74609375 28.75174994217722 304
60 18.1 21.024995413933002 41.11840703297198 576.405029296875 3.74609375 25.370610854204962 408
70 20.6 15.923940714123182 18.917525838121538 576.405029296875 3.74609375 24.035201016022917 589
80 17.2 14.742017169331396 19.089822656870307 576.405029296875 3.5830078125 21.933415327731918 795
90 18.6 21.108786962365578 22.645954762775297 576.405029296875 3.5830078125 20.654283493972983 967
100 24.3 17.716424133551946 21.861559782764008 576.405029296875 3.5830078125 20.727603220877597 1153
110 35 29.89922084263393 60.722981116707665 899.2099609375 3.5830078125 20.203450987195552 1396
120 48.7 32.67111350182879 58.32025541499296 899.2099609375 3.5830078125 22.1470474645171 1746
130 54.7 32.42280335923218 43.4227656890163 899.2099609375 3.5830078125 24.44226473284258 2233
140 57.8 54.667693352616766 78.05595477943265 899.2099609375 3.5830078125 26.0125361819919 2780
150 64.9 47.175448330965864 64.2521181880695 899.2099609375 3.5830078125 30.944841376935667 3358
160 104.5 250.53500556033194 128.5385988672715 899.2099609375 3.5830078125 33.57365692801268 4007
170 110 724.8126149680398 443.59989462124224 2223.673095703125 0.68505859375 78.45184562967017 5052
180 150.5 701.532534455461 621.5130665032624 2373.52392578125 0.68115234375 194.0235046466088 6152
190 214.5 492.9450313683713 483.6186111500491 2373.52392578125 0.678955078125 293.77550802421393 7657
200 185.7 861.7902641399094 1104.2200408746519 5981.219970703125 0.678955078125 337.36035066583986 9802
210 206 1171.7114545803613 1850.389043981277 9728.254150390625 0.6630859375 420.8894997627905 11659
220 211.8 1738.4291822741452 3801.8180717018913 21056.761962890625 0.6630859375 533.6304595210961 13719
230 252.5 1084.1783834506514 3472.7264233707074 31847.77099609375 0.643798828125 694.7571687962718 15837
240 172 739.4468424952305 2142.411949070691 31847.77099609375 0.643798828125 748.3073576102522 18362
250 147.3 639.3830873032286 329.3408351223574 31847.77099609375 0.643798828125 747.5484647710012 20082
260 127 249.83203644039074 217.27556943462676 31847.77099609375 0.643798828125 740.1567876190629 21555
270 61.4 17.82129900307919 21.435928341975313 31847.77099609375 0.643798828125 712.8747532708959 22825
280 40.5 11.67319818190587 10.270853961254707 31847.77099609375 0.643798828125 694.6673715173894 23439
290 20.1 11.982374504430975 11.648250224016051 31847.77099609375 0.643798828125 683.0664387795572 23844
300 9.7 11.662398820070875 13.957564228797166 31847.77099609375 0.643798828125 677.4566281362092 24045
310 4.9 10.273033920599488 8.274281322102576 31847.77099609375 0.643798828125 674.7815374128364 24142
320 4.1 8.710651676829269 11.011458100687326 31847.77099609375 0.643798828125 673.4355444125008 24191
330 3.9 8.791985927483974 4.3198517828588665 31847.77099609375 0.643798828125 672.3108448168355 24232
340 1.8 6.078545464409722 2.450720655333186 31847.77099609375 0.643798828125 671.2446656113357 24271
341 0 0 0 31847.77099609375 0.643798828125 670.7517268257684 24289
