10 0.1 136 0 136 136 0 0
20 0.1 311.0 0.0 311 136 136.0 1
30 0.1 423.0 0.0 423 136 223.5 2
40 0.1 403.0 0.0 423 136 290.0 3
50 0.1 720.0 0.0 720 136 318.25 4
60 0.1 563.0 0.0 720 136 398.6 5
70 0.1 1170.0 0.0 1170 136 426.0 6
80 0.1 1147.0 0.0 1170 136 532.2857142857143 7
90 0.1 1011.0 0.0 1170 136 609.125 8
100 0.1 1375.0 0.0 1375 136 653.7777777777778 9
110 0.1 1497.0 0.0 1497 136 725.9 10
120 0.1 2529.0 0.0 2529 136 796.0 11
130 0.1 2904.0 0.0 2904 136 940.4166666666666 12
140 0.1 3568.0 0.0 3568 136 1091.4615384615386 13
150 0.1 3572.0 0.0 3572 136 1268.357142857143 14
160 0.1 5205.0 0.0 5205 136 1421.9333333333334 15
170 0.1 7593.0 0.0 7593 136 1658.375 16
180 0.1 7582.0 0.0 7593 136 2007.4705882352941 17
190 0.1 9081.0 0.0 9081 136 2317.1666666666665 18
200 0.1 10390.0 0.0 10390 136 2673.157894736842 19
210 0.1 9861.0 0.0 10390 136 3059.0 20
220 0.1 10089.0 0.0 10390 136 3382.904761904762 21
230 0.1 10352.0 0.0 10390 136 3687.7272727272725 22
240 0.1 11465.0 0.0 11465 136 3977.478260869565 23
250 0.1 9254.0 0.0 11465 136 4289.458333333333 24
260 0.1 9031.0 0.0 11465 136 4488.04 25
270 0.1 5616.0 0.0 11465 136 4662.7692307692305 26
280 0.1 2934.0 0.0 11465 136 4698.074074074074 27
290 0.1 1372.0 0.0 11465 136 4635.071428571428 28
300 0.1 849.0 0.0 11465 136 4522.551724137931 29
310 0.1 337.0 0.0 11465 136 4400.1 30
320 0.1 214.0 0.0 11465 136 4269.032258064516 31
330 0.1 196.0 0.0 11465 136 4142.3125 32
340 0.1 117.0 0.0 11465 117 4022.7272727272725 33
