10 0.1 135 0 135 135 0 0
20 0.1 264.0 0.0 264 135 135.0 1
30 0.1 330.0 0.0 330 135 199.5 2
40 0.1 315.0 0.0 330 135 243.0 3
50 0.1 568.0 0.0 568 135 261.0 4
60 0.1 482.0 0.0 568 135 322.4 5
70 0.1 969.0 0.0 969 135 349.0 6
80 0.1 1022.0 0.0 1022 135 437.57142857142856 7
90 0.1 927.0 0.0 1022 135 510.625 8
100 0.1 1110.0 0.0 1110 135 556.8888888888889 9
110 0.1 1430.0 0.0 1430 135 612.2 10
120 0.1 2117.0 0.0 2117 135 686.5454545454545 11
130 0.1 2458.0 0.0 2458 135 805.75 12
140 0.1 3014.0 0.0 3014 135 932.8461538461538 13
150 0.1 3134.0 0.0 3134 135 1081.5 14
160 0.1 4376.0 0.0 4376 135 1218.3333333333333 15
170 0.1 6035.0 0.0 6035 135 1415.6875 16
180 0.1 6048.0 0.0 6048 135 1687.4117647058824 17
190 0.1 7504.0 0.0 7504 135 1929.6666666666667 18
200 0.1 8902.0 0.0 8902 135 2223.0526315789475 19
210 0.1 8736.0 0.0 8902 135 2557.0 20
220 0.1 8882.0 0.0 8902 135 2851.2380952380954 21
230 0.1 8516.0 0.0 8902 135 3125.3636363636365 22
240 0.1 9243.0 0.0 9243 135 3359.7391304347825 23
250 0.1 7061.0 0.0 9243 135 3604.875 24
260 0.1 6092.0 0.0 9243 135 3743.12 25
270 0.1 4146.0 0.0 9243 135 3833.4615384615386 26
280 0.1 2492.0 0.0 9243 135 3845.037037037037 27
290 0.1 1173.0 0.0 9243 135 3796.714285714286 28
300 0.1 707.0 0.0 9243 135 3706.2413793103447 29
310 0.1 328.0 0.0 9243 135 3606.266666666667 30
320 0.1 172.0 0.0 9243 135 3500.516129032258 31
330 0.1 197.0 0.0 9243 135 3396.5 32
340 0.1 84.0 0.0 9243 84 3299.5454545454545 33
