0 8.1484375 8.1484375
10 73.21953125 81.36796875
20 75.91640625 157.284375
30 85.80078125 243.08515625
40 116.11640625 359.2015625
50 128.38984375 487.59140625
60 225.8390625 713.43046875
70 303.634375 1017.06484375
80 263.3625 1280.42734375
90 300.82265625 1581.25
100 348.184375 1929.434375
110 454.9203125 2384.3546875
120 628.35703125 3012.71171875
130 707.39609375 3720.1078125
140 743.403125 4463.5109375
150 907.73203125 5371.24296875
160 1310.365625 6681.60859375
170 1525.76953125 8207.378125
180 1895.62890625 10103.00703125
190 2380.56015625 12483.5671875
200 2335.70625 14819.2734375
210 2424.16015625 17243.43359375
220 2399.4390625 19642.87265625
230 2958.95 22601.82265625
240 2213.85703125 24815.6796875
250 1851.559375 26667.2390625
260 1555.36171875 28222.60078125
270 845.62421875 29068.225
280 532.1453125 29600.3703125
290 251.26953125 29851.63984375
300 121.96328125 29973.603125
310 62.3828125 30035.9859375
320 47.97421875 30083.96015625
330 36.96328125 30120.9234375
340 20.27265625 30141.19609375
341 0 30141.19609375
