0 0.4 147.828369140625 245.85092596386067 573.648193359375 3.841064453125 0 0
10 0.4 4.41693115234375 0.5123966582418887 573.648193359375 3.841064453125 147.828369140625 4
20 0.5 76.36123046875 141.56833556364955 573.648193359375 3.841064453125 76.12265014648438 8
30 0 0 0 573.648193359375 3.841064453125 76.21441180889423 13
40 0.7 4.319859095982143 0.5473531451133427 573.648193359375 3.841064453125 76.21441180889423 13
50 0.6 4.735026041666667 0.731850942116202 573.648193359375 3.841064453125 51.051318359375 20
60 1.3 44.30288461538461 133.10276693463211 573.648193359375 3.841064453125 40.36294320913461 26
70 1.3 5.900597205528846 3.0584791395604625 573.648193359375 3.841064453125 41.67625701121795 39
80 1.6 4.2686614990234375 0.40646155945624746 573.648193359375 3.64599609375 32.73234205979567 52
90 0.5 4.992138671875 0.9515947333327632 573.648193359375 3.64599609375 26.035005457261025 68
100 1.3 5.516639122596154 1.2116627524622279 573.648193359375 3.64599609375 24.59371321168664 73
110 1.6 6.177398681640625 3.824494958664584 573.648193359375 3.64599609375 21.709969454033427 86
120 3.2 7.387199401855469 6.803421868385097 573.648193359375 3.64599609375 19.273487764246322 102
130 2.7 12.64185474537037 13.208774912840715 573.648193359375 3.64599609375 16.43497114039179 134
140 5.1 13.925120634191176 29.713003729498627 573.648193359375 3.64599609375 15.79885845302795 161
150 4.9 26.422951211734695 37.82734605034048 573.648193359375 3.64599609375 15.348100770194575 212
160 7.5 186.61543619791672 68.67703123441639 573.648193359375 3.64599609375 17.427287251556514 261
170 7.6 591.233767860814 324.06803505546037 1086.66796875 0.810791015625 55.19249906994049 336
180 8.2 589.1802740329648 476.9740682461047 1225.531005859375 0.72900390625 154.0738981672861 412
190 13.8 384.10113613847375 358.67482098015046 1225.531005859375 0.72900390625 226.29803343243924 494
200 7.5 711.2585937499997 1062.8091258297677 5137.778076171875 0.72900390625 260.7550400359721 632
210 7.9 761.5235271212421 1286.1524233894697 6751.193115234375 0.72900390625 308.54537458837956 707
220 9.1 2105.9126378992096 3577.5680813869726 19696.3759765625 0.72900390625 354.073713074507 786
230 3.8 1866.0341347142269 5074.436216107633 31060.43408203125 0.72900390625 535.8494738031819 877
240 0.8 8310.537231445313 13495.102549028219 31691.35302734375 0.72900390625 591.092115458504 915
250 0 0 0 31691.35302734375 0.72900390625 657.9995487498308 923
260 0 0 0 31691.35302734375 0.72900390625 657.9995487498308 923
270 0 0 0 31691.35302734375 0.72900390625 657.9995487498308 923
280 0 0 0 31691.35302734375 0.72900390625 657.9995487498308 923
290 0 0 0 31691.35302734375 0.72900390625 657.9995487498308 923
300 0 0 0 31691.35302734375 0.72900390625 657.9995487498308 923
310 0 0 0 31691.35302734375 0.72900390625 657.9995487498308 923
320 0 0 0 31691.35302734375 0.72900390625 657.9995487498308 923
330 0 0 0 31691.35302734375 0.72900390625 657.9995487498308 923
340 0 0 0 31691.35302734375 0.72900390625 657.9995487498308 923
341 0 0 0 31691.35302734375 0.72900390625 657.9995487498308 923
