10 0.2 19.258056640625 9.81494140625 29.072998046875 9.443115234375 0 0
20 0.3 49.95361328125 56.820598974842774 130.31005859375 9.443115234375 19.258056640625 2
30 0.2 8.9005126953125 0.6683349609375 130.31005859375 8.232177734375 37.675390625 5
40 0.3 26.897216796875 25.677015119285326 130.31005859375 8.232177734375 29.453996930803573 7
50 0.2 10.7359619140625 1.2559814453125 130.31005859375 8.232177734375 28.686962890625 10
60 0.5 11.045947265625 5.243663932175801 130.31005859375 8.111083984375 25.69512939453125 12
70 0.3 15.330403645833334 8.00382762063768 130.31005859375 8.111083984375 21.386546415441178 17
80 0.9 10.067192925347221 2.6443436971741723 130.31005859375 8.111083984375 20.478125 20
90 0.3 9.781901041666666 1.2772723277452098 130.31005859375 8.111083984375 17.24714608028017 29
100 0.5 11.77177734375 3.0712305861881486 130.31005859375 8.051025390625 16.547279357910156 32
110 1.3 12.681189903846153 3.9403092965305326 130.31005859375 8.01416015625 15.901941247888514 37
120 0.7 26.026157924107142 36.548041030051316 130.31005859375 8.01416015625 15.0645458984375 50
130 1.2 24.185038248697918 11.208390112171598 130.31005859375 8.01416015625 16.410708778782894 57
140 1.8 39.48894585503472 49.71521901276602 167.2109375 7.494140625 17.76276607789855 69
150 1.1 14.871204723011363 10.03531646377275 167.2109375 7.494140625 22.257837755926722 87
160 1.7 205.19225356158088 67.27298860599409 324.302978515625 7.494140625 21.428725884885203 98
170 3.7 666.9362858952702 346.2109383860358 1093.989013671875 0.8291015625 48.59376910665761 115
180 4.1 635.6442394721798 440.69685148172795 1093.989013671875 0.781005859375 199.11135543020146 152
190 5.2 439.0089299128606 363.82851910662754 1093.989013671875 0.76611328125 291.8463204339378 193
200 6.4 465.2270126342773 375.05318892715655 1093.989013671875 0.76611328125 323.08083346619895 245
210 6.3 516.6736769903275 334.13801863050173 1093.989013671875 0.76611328125 352.5221132938916 309
220 5.8 494.84354374326506 312.1455474302559 1093.989013671875 0.76611328125 380.3219748876428 372
230 6 383.9955688476563 327.3406238127973 1093.989013671875 0.76611328125 395.769070221657 430
240 3.6 392.97503662109375 298.3166834896423 1093.989013671875 0.76611328125 394.3274169921875 490
250 2.3 484.2408288043478 181.36366137322716 1093.989013671875 0.76611328125 394.23485863979323 526
260 1 180.8527099609375 180.13212555276647 1093.989013671875 0.76611328125 398.00560055925547 549
270 0.5 11.99248046875 5.742553812189196 1093.989013671875 0.76611328125 394.1209334644734 559
280 0.3 7.083984375 2.321436471716045 1093.989013671875 0.76611328125 390.73326987408575 564
290 0.2 10.906982421875 2.325927734375 1093.989013671875 0.76611328125 388.70337947461974 567
300 0.1 8.5029296875 0.0 1093.989013671875 0.76611328125 387.3754483777736 569
310 0 0 0 1093.989013671875 0.76611328125 386.71075974849236 570
320 0 0 0 1093.989013671875 0.76611328125 386.71075974849236 570
330 0 0 0 1093.989013671875 0.76611328125 386.71075974849236 570
340 0 0 0 1093.989013671875 0.76611328125 386.71075974849236 570
341 0 0 0 1093.989013671875 0.76611328125 386.71075974849236 570
