0 0.4 157.67742919921875 201.9110861530572 498.18896484375 6.052001953125 0 0
10 0.5 7.260009765625 1.280200044229033 498.18896484375 6.052001953125 157.67742919921875 4
20 0.4 6.91326904296875 0.46928436894500286 498.18896484375 6.052001953125 74.11219618055556 9
30 0 0 0 498.18896484375 6.052001953125 53.43560321514423 13
40 0.7 9.428780691964286 3.1907141631642824 498.18896484375 6.052001953125 53.43560321514423 13
50 0.7 8.666224888392858 1.7735381313486303 498.18896484375 6.052001953125 38.03321533203125 20
60 1.2 8.749471028645834 1.7663361679400131 498.18896484375 6.052001953125 30.419551142939813 27
70 1.6 8.00537109375 1.345032315756739 498.18896484375 6.052001953125 23.751834184695515 39
80 1.4 6.914515904017857 1.2346105501098723 498.18896484375 5.884033203125 19.171044921875 55
90 0.5 7.6998046875 1.071806802609811 498.18896484375 5.884033203125 16.68421294723732 69
100 1.5 7.689518229166667 2.4572147261931456 498.18896484375 5.884033203125 16.077158335092907 74
110 1.8 8.987236870659721 3.0921361942044885 498.18896484375 5.884033203125 14.663511126228935 89
120 3.1 11.523862777217742 11.048512215244935 498.18896484375 5.884033203125 13.708623868282713 107
130 3.1 12.739068800403226 7.333064817311381 498.18896484375 5.884033203125 13.217844202898553 138
140 5.3 31.3512492629717 46.43756492467461 498.18896484375 5.884033203125 13.130021495931953 169
150 4.9 31.614960339604593 36.50894391203231 498.18896484375 5.77392578125 17.480134431306308 222
160 8.4 211.96666317894346 67.21567974105243 498.18896484375 5.77392578125 20.03587786122002 271
170 7.7 638.7136325588472 310.5868932907217 1099.008056640625 1.385986328125 65.4504862180898 355
180 10.2 534.3428237017465 465.3827136211589 1226.950927734375 1.37109375 167.62933406123406 432
190 12.7 459.7954966627707 362.1712517086682 1226.950927734375 1.352783203125 237.67573095886002 534
200 7.2 3601.6923217773438 1511.778701099607 5642.5 1.352783203125 280.3522971379775 661
210 9 6380.780973307292 865.7490248270794 9728.387939453125 1.352783203125 606.5957920548047 733
220 7.9 12684.649933247625 5382.421655847197 20950.05810546875 1.352783203125 1238.0376709281022 823
230 2 23607.87110595703 6264.7254805765315 31829.029052734375 1.352783203125 2240.5680131933377 902
240 0.1 31684.675048828125 0.0 31829.029052734375 1.352783203125 2704.0669956827887 922
250 0 0 0 31829.029052734375 1.352783203125 2735.4652709299667 923
260 0 0 0 31829.029052734375 1.352783203125 2735.4652709299667 923
270 0 0 0 31829.029052734375 1.352783203125 2735.4652709299667 923
280 0 0 0 31829.029052734375 1.352783203125 2735.4652709299667 923
290 0 0 0 31829.029052734375 1.352783203125 2735.4652709299667 923
300 0 0 0 31829.029052734375 1.352783203125 2735.4652709299667 923
310 0 0 0 31829.029052734375 1.352783203125 2735.4652709299667 923
320 0 0 0 31829.029052734375 1.352783203125 2735.4652709299667 923
330 0 0 0 31829.029052734375 1.352783203125 2735.4652709299667 923
340 0 0 0 31829.029052734375 1.352783203125 2735.4652709299667 923
341 0 0 0 31829.029052734375 1.352783203125 2735.4652709299667 923
