10 0.5 12.56982421875 3.0174684809545362 18.549072265625 10.31201171875 0 0
20 0.3 11.654052734375 0.49634731750993094 18.549072265625 10.31201171875 12.56982421875 5
30 0.2 12.21240234375 0.16357421875 18.549072265625 10.31201171875 12.226409912109375 8
40 0.2 16.947021484375 0.133056640625 18.549072265625 10.31201171875 12.2236083984375 10
50 0.6 12.329264322916666 2.3399766881756054 18.549072265625 10.31201171875 13.010843912760416 12
60 0.4 15.6585693359375 3.695410989251318 20.97900390625 10.31201171875 12.783650716145834 18
70 1.2 13.747355143229166 3.751888091007858 24.39306640625 10.31201171875 13.306363192471592 22
80 1.1 11.362681995738637 1.0502938270422437 24.39306640625 10.289794921875 13.462007410386029 34
90 1.1 12.823952414772727 2.7891973146797593 24.39306640625 10.026123046875 12.948838975694445 45
100 1.1 13.780184659090908 4.473932989479065 25.072021484375 10.026123046875 12.924307686941964 56
110 1.2 15.15899658203125 5.109687523538664 26.64208984375 10.026123046875 13.064824801772389 67
120 1.9 21.863473992598685 14.620578747429091 61.7138671875 10.026123046875 13.382926844343354 79
130 2.3 21.378831946331523 16.94067109169091 73.93701171875 10.026123046875 15.027114556760203 98
140 2.5 29.55578125 31.380588388837797 121.4130859375 10.026123046875 16.234465796100206 121
150 3.7 35.735331767314186 32.62802025713709 154.655029296875 10.026123046875 18.51551296286387 146
160 4.8 221.76043192545572 75.99052422783559 366.531005859375 10.026123046875 21.997115671960383 183
170 6.7 628.7522227728545 330.61926157678954 1119.93017578125 0.991943359375 63.50637619216721 231
180 7.4 540.2543549408782 469.05417841170686 1216.33984375 0.80712890625 190.59185176567743 298
190 8.3 426.82334513836594 366.5404684838003 1216.33984375 0.77294921875 260.1483712145077 372
200 10.5 494.89171084449407 376.2753406255396 1216.33984375 0.77294921875 290.55281700721156 455
210 9.9 540.022123086332 344.5665819583515 1216.33984375 0.755859375 328.866359601702 560
220 8.6 418.6168695494186 350.96085574967407 1216.33984375 0.755859375 360.5877868930197 659
230 8.1 447.17745406539353 338.57406250798414 1216.33984375 0.755859375 367.2864460989933 745
240 5.3 486.19645028744105 285.1481811253824 1216.33984375 0.755859375 375.1207943378291 826
250 3.4 532.5069723690259 168.2928364107142 1216.33984375 0.755859375 381.8181888376351 879
260 0.4 179.02130126953125 122.24619718699019 1216.33984375 0.755859375 387.4298193305894 913
270 0.5 17.0484375 6.6193669475585315 1216.33984375 0.755859375 386.52073092029036 917
280 0 0 0 1216.33984375 0.755859375 384.5170850774471 922
290 0.1 5.06201171875 0.0 1216.33984375 0.755859375 384.5170850774471 922
300 0 0 0 1216.33984375 0.755859375 384.1059744887595 923
310 0 0 0 1216.33984375 0.755859375 384.1059744887595 923
320 0 0 0 1216.33984375 0.755859375 384.1059744887595 923
330 0 0 0 1216.33984375 0.755859375 384.1059744887595 923
340 0 0 0 1216.33984375 0.755859375 384.1059744887595 923
341 0 0 0 1216.33984375 0.755859375 384.1059744887595 923
