0 0.1 34.28515625 0 34.28515625 34.28515625 0 0
10 0.5 9.33876953125 1.849490211458851 34.28515625 7.56982421875 34.28515625 1
20 0.5 8.912548828125 0.5067251307026643 34.28515625 7.56982421875 13.496500651041666 6
30 0.2 9.425537109375 0.108642578125 34.28515625 7.56982421875 11.412886186079545 11
40 0.4 10.5054931640625 1.7781402857078183 34.28515625 7.56982421875 11.107140174278847 13
50 0.3 9.031901041666666 1.9306455216916159 34.28515625 7.56982421875 10.965576171875 17
60 1.3 10.240929236778847 3.5786192720087713 34.28515625 7.56982421875 10.67552490234375 20
70 1.4 9.708217075892858 1.4983210643498708 34.28515625 7.56982421875 10.504320549242424 33
80 1.4 9.394478934151786 1.7351629909094948 34.28515625 7.56982421875 10.267183344414894 47
90 0.8 9.305419921875 1.9406154449583943 34.28515625 7.541015625 10.066890528944672 61
100 1.1 9.736971768465908 1.3628025601590559 34.28515625 7.541015625 9.978604081748188 69
110 1.5 14.256656901041667 6.068894199387211 34.28515625 7.52294921875 9.945379638671875 80
120 2.3 15.60265582540761 13.12918922311514 55.822998046875 7.51806640625 10.626107627467105 95
130 2.4 18.634318033854168 12.767432896983406 58.784912109375 7.509765625 11.596112784692796 118
140 4.5 39.730235460069444 53.15772917135406 190.838134765625 7.4560546875 12.785668601452464 142
150 4.3 32.73792923328488 43.70422602044465 190.838134765625 7.4560546875 19.26965527865976 187
160 6.2 211.61634875882052 69.80959162478594 352.2958984375 7.4560546875 21.787636931046194 230
170 7.4 619.6247921505491 307.43927965589154 1107.423095703125 0.76708984375 62.09373327803938 292
180 8.8 535.3731301047587 452.09699883861634 1234.989990234375 0.76708984375 174.81859217575993 366
190 10.9 388.99971106293 372.79074482577573 1234.989990234375 0.73193359375 244.70581538666718 454
200 9.1 510.5728370750345 370.4960311505254 1234.989990234375 0.73193359375 272.6419337325156 563
210 8.7 471.7582699128951 338.3181774213656 1234.989990234375 0.73193359375 305.74852731687224 654
220 8.6 839.1056106922242 2150.2399781597633 19747.87109375 0.73193359375 325.2395497269316 741
230 6.6 519.7596213600852 685.348486942522 19747.87109375 0.73193359375 378.6766491743502 827
240 2.3 452.3250679347826 306.5259328858572 19747.87109375 0.73193359375 389.10383412872704 893
250 0.5 492.633203125 250.8796953971975 19747.87109375 0.73193359375 390.6912668552983 916
260 0.2 200.50244140625 190.115478515625 19747.87109375 0.73193359375 391.2446975625171 921
270 0 0 0 19747.87109375 0.73193359375 390.8313882317343 923
280 0 0 0 19747.87109375 0.73193359375 390.8313882317343 923
290 0 0 0 19747.87109375 0.73193359375 390.8313882317343 923
300 0 0 0 19747.87109375 0.73193359375 390.8313882317343 923
310 0 0 0 19747.87109375 0.73193359375 390.8313882317343 923
320 0 0 0 19747.87109375 0.73193359375 390.8313882317343 923
330 0 0 0 19747.87109375 0.73193359375 390.8313882317343 923
340 0 0 0 19747.87109375 0.73193359375 390.8313882317343 923
341 0 0 0 19747.87109375 0.73193359375 390.8313882317343 923
