20 0.4 11.5577392578125 1.4189069654792466 13.531005859375 9.994140625 0 0
30 0.2 9.171142578125 0.447998046875 13.531005859375 8.72314453125 11.5577392578125 4
40 0.2 15.521484375 5.7294921875 21.2509765625 8.72314453125 10.76220703125 6
50 0.1 9.69091796875 0.0 21.2509765625 8.72314453125 11.9520263671875 8
60 0.1 10.298095703125 0.0 21.2509765625 8.72314453125 11.700792100694445 9
70 0.1 14.412109375 0.0 21.2509765625 8.72314453125 11.5605224609375 10
80 0.3 10.3486328125 1.1584014636981965 21.2509765625 8.72314453125 11.819757634943182 11
90 0.2 10.778076171875 1.659912109375 21.2509765625 8.72314453125 11.5045166015625 14
100 0.4 12.958984375 2.1029275552082134 21.2509765625 8.72314453125 11.413711547851563 16
110 0.9 21.511827256944443 25.36320292840323 92.843017578125 8.72314453125 11.72276611328125 20
120 0.8 18.703460693359375 16.635107747887858 92.843017578125 8.72314453125 14.760750606142242 29
130 1 25.420703125 20.573927121041123 92.843017578125 8.72314453125 15.613228462837839 37
140 0.9 56.611599392361114 48.64168763809222 138.545166015625 8.72314453125 17.699925199468087 47
150 1.1 34.90256569602273 54.40266573765939 204.983154296875 8.47998046875 23.953587123325892 56
160 1.7 238.3462344898897 61.891511914879864 341.80908203125 8.47998046875 25.75118062033582 67
170 2.7 659.1039948640047 334.40104149112034 1101.680908203125 0.859130859375 68.77637009393601 84
180 2.8 434.8026123046875 470.8359353484868 1101.680908203125 0.7861328125 212.36957611908784 111
190 2.9 340.98459388469826 379.55821899251754 1101.680908203125 0.77001953125 257.1762308902878 139
200 3.1 582.0033470892134 347.73928972986045 1101.680908203125 0.77001953125 271.6431506928944 168
210 4.9 424.62410315688777 372.857247101709 1101.680908203125 0.755126953125 319.99071897573805 199
220 4 382.8824401855469 331.00572155414454 1101.680908203125 0.755126953125 340.6642505276588 248
230 4.2 407.1128162202381 340.52560422310296 1101.680908203125 0.7509765625 346.52788798014325 288
240 2.3 503.2831394361413 270.4418673224842 1101.680908203125 0.738037109375 354.2386970288826 330
250 1.6 470.7587890625 216.39055725588682 1101.680908203125 0.738037109375 363.9498080072592 353
260 0.7 145.42149135044642 126.56870917930549 1101.680908203125 0.738037109375 368.58109173865176 369
270 0.5 15.3568359375 9.264716997862985 1101.680908203125 0.738037109375 364.42652471014793 376
280 0.1 10.760986328125 0.0 1101.680908203125 0.738037109375 359.84555766588744 381
290 0 0 0 1101.680908203125 0.738037109375 358.9317237095059 382
300 0.1 3.7041015625 0.0 1101.680908203125 0.738037109375 358.9317237095059 382
310 0 0 0 1101.680908203125 0.738037109375 358.0042364454145 383
320 0 0 0 1101.680908203125 0.738037109375 358.0042364454145 383
330 0 0 0 1101.680908203125 0.738037109375 358.0042364454145 383
340 0 0 0 1101.680908203125 0.738037109375 358.0042364454145 383
341 0 0 0 1101.680908203125 0.738037109375 358.0042364454145 383
