10 0.4 4
20 0.2 6
30 0.5 11
40 0.9 20
50 0.6 26
60 0.4 30
70 0.5 35
80 0.3 38
90 1.1 49
100 0.7 56
110 2.1 77
120 2.1 98
130 3.1 129
140 3.2 161
150 3.3 194
160 2.9 223
170 4.5 268
180 6.2 330
190 8.7 417
200 12.6 543
210 24.4 787
220 26.2 1049
230 27.5 1324
240 36.8 1692
250 54.2 2234
260 71.8 2952
270 81 3762
280 78.5 4547
290 93.6 5483
300 100.9 6492
310 28.5 6777
320 14.8 6925
330 5.1 6976
340 1.7 6993
350 1.7 7010
360 1.7 7027
370 0 7027
380 0 7027
390 0 7027
400 1.7 7044
410 0 7044
420 1.7 7061
421 0 7061
