10 0.1 1
20 0.7 8
30 1.5 23
40 1.7 40
50 1.6 56
60 1.9 75
70 1 85
80 2.7 112
90 1.3 125
100 4.7 172
110 0.6 178
120 4 218
130 3.6 254
140 3.1 285
150 5.7 342
160 3.8 380
170 4.7 427
180 9.7 524
190 13 654
200 15.8 812
210 21.4 1026
220 20.1 1227
230 21.6 1443
240 32.5 1768
250 45.8 2226
260 50.3 2729
270 50.4 3233
280 34.5 3578
290 24.5 3823
300 15.6 3979
310 4.8 4027
320 1.7 4044
330 1.3 4057
340 0 4057
350 0 4057
360 0.9 4066
370 0 4066
380 0 4066
390 0 4066
400 0 4066
410 0 4066
420 0 4066
421 0 4066
