0 0 0
10 0 0
20 0.2 2
30 0.3 5
40 0.4 9
50 0.9 18
60 0.7 25
70 1 35
80 1.2 47
90 1 57
100 1.3 70
110 1.3 83
120 2.4 107
130 2.1 128
140 3.4 162
150 2.5 187
160 2.6 213
170 3.1 244
180 5 294
190 8.5 379
200 13.1 510
210 16.2 672
220 20.4 876
230 28.8 1164
240 31.1 1475
250 39.2 1867
260 40.4 2271
270 41.2 2683
280 33.5 3018
290 25.4 3272
300 25.6 3528
310 9 3618
320 4.1 3659
330 1.7 3676
340 0.6 3682
350 0.6 3688
360 0.3 3691
370 0.1 3692
380 0 3692
390 0 3692
400 0.1 3693
410 0 3693
420 0.1 3694
421 0 3694
