0 5.62578125 5.62578125
10 30.9265625 36.55234375
20 45.53125 82.08359375
30 79.03984375 161.1234375
40 94.71796875 255.84140625
50 123.50703125 379.3484375
60 116.8640625 496.2125
70 109.7125 605.925
80 157.64921875 763.57421875
90 131.021875 894.59609375
100 239.16796875 1133.7640625
110 193.840625 1327.6046875
120 317.6140625 1645.21875
130 361.74609375 2006.96484375
140 441.740625 2448.70546875
150 541.575 2990.28046875
160 540.703125 3530.98359375
170 680.3234375 4211.30703125
180 1004.68671875 5215.99375
190 1578.2453125 6794.2390625
200 1867.05859375 8661.29765625
210 1933.57265625 10594.8703125
220 2922.0125 13516.8828125
230 3252.271875 16769.1546875
240 3610.08515625 20379.23984375
250 3731.49140625 24110.73125
260 3401.35546875 27512.08671875
270 2753.94453125 30266.03125
280 1817.75859375 32083.78984375
290 1484.75234375 33568.5421875
300 1445.4453125 35013.9875
310 482.553125 35496.540625
320 242.4703125 35739.0109375
330 102.87578125 35841.88671875
340 28.3515625 35870.23828125
350 31.11796875 35901.35625
360 45.6390625 35946.9953125
370 1.65703125 35948.65234375
380 0 35948.65234375
390 0 35948.65234375
400 21.33515625 35969.9875
410 0 35969.9875
420 19.41328125 35989.40078125
421 0 35989.40078125
