0 0.2 567.211669921875 7.674560546875 574.88623046875 559.537109375 0 0
10 0.7 577.0209263392857 72.20893322474818 653.958984375 440.61083984375 567.211669921875 2
20 0.4 404.65380859375 299.0664720002944 815.240966796875 72.625 574.8410915798611 9
30 0.3 742.850341796875 240.02532833835332 1082.130859375 72.625 522.4757737379807 13
40 1 803.8208984375 662.6134617746328 2748.759033203125 72.625 563.7960052490234 16
50 0.6 447.8822835286458 260.02895632301795 2748.759033203125 60.73486328125 656.113271859976 26
60 0.7 514.588623046875 178.18162350770982 2748.759033203125 60.73486328125 617.0699615478516 32
70 0.7 666.4652273995536 358.4229967861446 2748.759033203125 60.73486328125 598.6758751502404 39
80 1.3 419.4342698317308 239.85378080984384 2748.759033203125 58.235107421875 608.9916461447011 46
90 0.4 543.9180297851563 274.10246676966153 2748.759033203125 58.235107421875 567.2247666181144 59
100 1.5 499.88414713541664 284.34383647492507 2748.759033203125 58.235107421875 565.7449738033234 63
110 1.3 502.8846905048077 218.65386205420984 2748.759033203125 58.235107421875 553.0794302133413 78
120 2 602.4644409179688 224.702193529255 2748.759033203125 58.235107421875 545.9087531121222 91
130 4.2 722.2735305059524 328.0176158642676 2748.759033203125 58.235107421875 556.0989671311937 111
140 3.8 723.2586605674342 365.76818214717997 2748.759033203125 58.235107421875 601.7155139399509 153
150 4.3 1160.796244776526 408.98421651688136 2748.759033203125 58.235107421875 625.8968729548429 191
160 6.3 1974.8485475570437 986.4835574196437 4047.18603515625 2.0458984375 724.1903472639557 234
170 8.4 2302.673464820498 1672.4390016193447 4228.4208984375 1.77587890625 989.4814806594592 297
180 9.2 1770.7451649541442 1687.825065120544 4245.951171875 1.7548828125 1279.004122836696 381
190 15.7 1236.4730916600315 1498.6808801317172 4245.951171875 1.736083984375 1374.64931496102 473
200 15.1 1107.749932093336 1426.7059984003172 4245.951171875 1.736083984375 1340.2149228050596 630
210 17.3 846.3470847069182 1194.668473043577 4245.951171875 1.72998046875 1295.269706931218 781
220 26.8 597.5212138161728 1094.815320899687 4245.951171875 1.655029296875 1213.8613068842537 954
230 31.6 583.9048624159416 1061.7880796950997 4245.951171875 1.64501953125 1078.6901571770152 1222
240 25.4 542.4216587336985 1014.9085157739746 4245.951171875 1.635009765625 977.0307598138817 1538
250 2.9 1346.7049602640086 1147.390889246423 4245.951171875 1.635009765625 915.4288001741681 1792
260 0 0 0 4245.951171875 1.635009765625 922.2970092036055 1821
270 0 0 0 4245.951171875 1.635009765625 922.2970092036055 1821
280 0 0 0 4245.951171875 1.635009765625 922.2970092036055 1821
290 0 0 0 4245.951171875 1.635009765625 922.2970092036055 1821
300 0 0 0 4245.951171875 1.635009765625 922.2970092036055 1821
310 0 0 0 4245.951171875 1.635009765625 922.2970092036055 1821
320 0 0 0 4245.951171875 1.635009765625 922.2970092036055 1821
330 0 0 0 4245.951171875 1.635009765625 922.2970092036055 1821
340 0 0 0 4245.951171875 1.635009765625 922.2970092036055 1821
350 0 0 0 4245.951171875 1.635009765625 922.2970092036055 1821
360 0 0 0 4245.951171875 1.635009765625 922.2970092036055 1821
370 0 0 0 4245.951171875 1.635009765625 922.2970092036055 1821
380 0 0 0 4245.951171875 1.635009765625 922.2970092036055 1821
390 0 0 0 4245.951171875 1.635009765625 922.2970092036055 1821
400 0 0 0 4245.951171875 1.635009765625 922.2970092036055 1821
410 0 0 0 4245.951171875 1.635009765625 922.2970092036055 1821
420 0 0 0 4245.951171875 1.635009765625 922.2970092036055 1821
421 0 0 0 4245.951171875 1.635009765625 922.2970092036055 1821
