10 0.1 19.234130859375 0 19.234130859375 19.234130859375 0 0
20 0.1 31.557861328125 0.0 31.557861328125 19.234130859375 19.234130859375 1
30 0.1 17.9208984375 0.0 31.557861328125 17.9208984375 25.39599609375 2
40 0.1 219.52685546875 0.0 219.52685546875 17.9208984375 22.904296875 3
50 0.5 24.946240234375 13.191686720821794 219.52685546875 17.08203125 72.0599365234375 4
60 0.1 54.765869140625 0.0 219.52685546875 17.08203125 45.885660807291664 9
70 0.5 23.632763671875 5.356391595506772 219.52685546875 17.08203125 46.773681640625 10
80 0.2 26.1259765625 7.60400390625 219.52685546875 17.08203125 39.06004231770833 15
90 0.4 158.7987060546875 207.10193932260933 515.583984375 17.08203125 37.53838752297794 17
100 0.3 49.77099609375 36.31024321143438 515.583984375 17.08203125 60.63559105282738 21
110 0.7 43.8310546875 30.16611479772156 515.583984375 17.08203125 59.27751668294271 24
120 1.3 72.11213566706732 48.81551822102896 515.583984375 17.08203125 55.789605909778224 31
130 1.5 227.77267252604167 174.308727167288 746.801025390625 17.08203125 60.61217151988637 44
140 2.4 376.044189453125 295.6783915733545 1012.322998046875 17.08203125 103.11060397907839 59
150 1.3 727.3259840745193 264.2251544888555 1365.744140625 17.08203125 182.03115881494728 83
160 1.4 1945.0638776506696 588.2283053536972 3034.280029296875 17.08203125 255.873166402181 96
170 1.5 2282.685107421875 1418.611816804973 3497.080078125 1.72802734375 470.8610751065341 110
180 2.1 1525.5196591331846 1344.5532974132166 3497.080078125 1.72802734375 688.279958984375 125
190 4 749.1837158203125 1074.0811501578507 3497.080078125 1.72802734375 808.7048473619435 146
200 6.1 529.948314228996 965.0795779747081 3497.080078125 1.72802734375 795.9046040196573 186
210 5.4 548.1591616030091 840.0227861505223 3497.080078125 1.72119140625 730.2230911563765 247
220 10.6 327.05565254643267 678.19670216529 3497.080078125 1.700927734375 697.5604592763705 301
230 10.7 429.2220219407125 780.828594752591 3497.080078125 1.700927734375 601.0653499069026 407
240 13.1 267.0017220300572 578.561124328583 3497.080078125 1.700927734375 565.2925170423456 514
250 13.3 462.6792726445019 638.0512116119135 3497.080078125 1.680908203125 504.7094253421754 645
260 12.3 383.4447309292429 536.3471074452787 3497.080078125 1.680908203125 497.52432211750886 778
270 9.7 592.7008320916563 517.9419783800438 3497.080078125 1.680908203125 481.950748625659 901
280 5.5 862.119580078125 465.67278344919924 3497.080078125 1.680908203125 492.71503529519975 998
290 2.7 762.7949851707176 148.73157703008673 3497.080078125 1.680908203125 512.0096696380876 1053
300 2.5 408.93171875 227.25689309630224 3497.080078125 1.680908203125 518.2793025264034 1080
310 0.6 13.135009765625 11.716090521929535 3497.080078125 1.680908203125 515.8053752916431 1105
320 0.2 12.7493896484375 5.6343994140625 3497.080078125 1.680908203125 513.0906838486583 1111
330 0 0 0 3497.080078125 1.680908203125 512.1915979651 1113
340 0 0 0 3497.080078125 1.680908203125 512.1915979651 1113
350 0 0 0 3497.080078125 1.680908203125 512.1915979651 1113
360 0 0 0 3497.080078125 1.680908203125 512.1915979651 1113
370 0 0 0 3497.080078125 1.680908203125 512.1915979651 1113
380 0 0 0 3497.080078125 1.680908203125 512.1915979651 1113
390 0 0 0 3497.080078125 1.680908203125 512.1915979651 1113
400 0 0 0 3497.080078125 1.680908203125 512.1915979651 1113
410 0 0 0 3497.080078125 1.680908203125 512.1915979651 1113
420 0 0 0 3497.080078125 1.680908203125 512.1915979651 1113
421 0 0 0 3497.080078125 1.680908203125 512.1915979651 1113
