10 0.1 13.6240234375 0 13.6240234375 13.6240234375 0 0
20 0.2 14.7908935546875 1.1710205078125 15.9619140625 13.619873046875 13.6240234375 1
30 0.2 30.0728759765625 16.4969482421875 46.56982421875 13.575927734375 14.401936848958334 3
40 0.2 42.9959716796875 29.3360595703125 72.33203125 13.575927734375 20.6703125 5
50 0.4 16.26239013671875 3.5881574959264357 72.33203125 13.575927734375 27.049072265625 7
60 0.5 14.607763671875 2.198319813303794 72.33203125 12.59912109375 23.126642400568183 11
70 0.5 18.819482421875 6.459532006380577 72.33203125 12.59912109375 20.464492797851563 16
80 0.3 79.42757161458333 67.21126705756319 171.35693359375 12.539794921875 20.072823660714285 21
90 0.2 45.8804931640625 14.4967041015625 171.35693359375 12.539794921875 27.492167154947918 24
100 0.4 14.3697509765625 1.2119270280979015 171.35693359375 12.539794921875 28.906653771033653 26
110 1.2 39.894694010416664 30.980432138525707 171.35693359375 11.68505859375 26.968400065104166 30
120 1.8 62.60923936631944 75.69057625178573 330.719970703125 11.68505859375 30.661626906622026 42
130 1.5 135.150927734375 155.39929674862202 650.5380859375 11.68505859375 40.24591064453125 60
140 2 214.24071044921874 224.26215811888667 661.342041015625 11.68505859375 59.2269140625 75
150 2 700.6365966796875 201.3159562543525 1073.037109375 11.68505859375 91.86139751233553 95
160 1.3 1401.9324669471155 732.6100414731196 2946.44384765625 2.677978515625 197.73534519361414 115
170 2.3 1667.452583644701 1487.8421618032794 3358.37890625 1.77001953125 320.0366153717041 128
180 2.4 1106.9171956380208 1317.977318854079 3358.37890625 1.77001953125 525.2721602079885 151
190 5.4 1116.720373083044 1255.289114397343 3358.37890625 1.6708984375 605.0406222098215 175
200 7.4 457.26359929265203 901.3080664250025 3358.37890625 1.6708984375 725.6987294026337 229
210 9 621.7524766710069 856.2504583397948 3358.37890625 1.6708984375 660.1403147883148 303
220 11.5 392.8269170346467 750.6779367658564 3358.37890625 1.657958984375 651.3492068225191 393
230 11.9 371.09303809414394 737.6366771785318 3358.37890625 1.640869140625 592.8254601185716 508
240 15.9 319.75954758746076 642.9840541913148 3358.37890625 1.640869140625 550.7422731633771 627
250 13.6 366.6004692526425 588.9837390899565 3358.37890625 1.640869140625 504.0167599743559 786
260 9.8 457.97303989955367 544.8282097495998 3358.37890625 1.640869140625 483.7471118852528 922
270 5.1 700.0455681295956 500.373135413307 3358.37890625 1.640869140625 481.2707794787837 1020
280 1.9 880.2286826685855 468.6714138899742 3358.37890625 1.640869140625 491.6886265573938 1071
290 1.9 759.1422568873355 128.35319457368885 3358.37890625 1.640869140625 498.4613431318091 1090
300 0.3 421.3043619791667 228.78595674092315 3358.37890625 1.640869140625 502.92747240264316 1109
310 0.1 11.48095703125 0.0 3358.37890625 1.640869140625 502.7072661694863 1112
320 0 0 0 3358.37890625 1.640869140625 502.2659127920036 1113
330 0 0 0 3358.37890625 1.640869140625 502.2659127920036 1113
340 0 0 0 3358.37890625 1.640869140625 502.2659127920036 1113
350 0 0 0 3358.37890625 1.640869140625 502.2659127920036 1113
360 0 0 0 3358.37890625 1.640869140625 502.2659127920036 1113
370 0 0 0 3358.37890625 1.640869140625 502.2659127920036 1113
380 0 0 0 3358.37890625 1.640869140625 502.2659127920036 1113
390 0 0 0 3358.37890625 1.640869140625 502.2659127920036 1113
400 0 0 0 3358.37890625 1.640869140625 502.2659127920036 1113
410 0 0 0 3358.37890625 1.640869140625 502.2659127920036 1113
420 0 0 0 3358.37890625 1.640869140625 502.2659127920036 1113
421 0 0 0 3358.37890625 1.640869140625 502.2659127920036 1113
