0 0.5 17.89208984375 10.339627683981115 37.4501953125 9.904052734375 0 0
10 0.5 15.018310546875 7.279972159114987 37.4501953125 9.904052734375 17.89208984375 5
20 0.3 12.147379557291666 1.0536326906795968 37.4501953125 9.904052734375 16.4552001953125 10
30 0.6 10.497233072916666 1.5162709335562137 37.4501953125 8.692138671875 15.461087740384615 13
40 0.9 28.32595486111111 44.032746907282984 152.341064453125 8.692138671875 13.8935546875 19
50 0.7 16.277483258928573 9.47639852622265 152.341064453125 8.692138671875 18.532540457589285 28
60 0.4 11.31646728515625 1.6622131115807952 152.341064453125 8.692138671875 18.081529017857143 35
70 0.8 11.0087890625 1.307350182711775 152.341064453125 8.692138671875 17.387676532451923 39
80 1.3 13.957913912259615 8.382933890417172 152.341064453125 8.692138671875 16.301908452460108 47
90 0.5 19.871142578125 5.133545667057108 152.341064453125 8.692138671875 15.794042968750002 60
100 1.6 13.602859497070313 7.9075952550749635 152.341064453125 8.692138671875 16.107666015625 65
110 1.8 35.56434461805556 56.00275919182413 228.93115234375 8.692138671875 15.612889419367283 81
120 1.8 35.858913845486114 27.12480720375923 228.93115234375 8.692138671875 19.240426728219695 99
130 4.9 162.04449836575256 195.38948717497382 728.5400390625 8.692138671875 21.79711705395299 117
140 4.7 234.89127950465425 268.0160443491411 956.2900390625 8.692138671875 63.19544045321913 166
150 4.2 713.4464692615327 280.0925306901904 1469.18896484375 8.692138671875 101.08137676973298 213
160 8.2 1646.101255835556 704.2111258403579 3368.5009765625 4.195068359375 201.9415096507353 255
170 7.6 2129.397811086554 1357.0867356765023 3519.012939453125 3.090087890625 553.3394300873979 337
180 10.3 1437.09814453125 1328.4114085711699 3519.012939453125 3.090087890625 843.3647011671459 413
190 15.4 899.0565835531656 1159.0345357907079 3519.012939453125 3.090087890625 961.8812605983527 516
200 15.1 813.5718048297807 1078.6038442688532 3519.012939453125 3.090087890625 947.4409616954291 670
210 20.1 516.9651935634332 807.8905251613139 3519.012939453125 3.090087890625 922.8194724302489 821
220 28.6 538.2282159978696 854.4320275315766 3519.012939453125 3.011962890625 842.9988168018439 1022
230 30.2 435.28251678264695 770.479726426953 3519.012939453125 3.011962890625 776.3593735067853 1308
240 21.1 522.2414955753851 762.701098753218 3519.012939453125 3.011962890625 712.380981748593 1610
250 0 0 0 3519.012939453125 3.011962890625 690.349443262845 1821
260 0 0 0 3519.012939453125 3.011962890625 690.349443262845 1821
270 0 0 0 3519.012939453125 3.011962890625 690.349443262845 1821
280 0 0 0 3519.012939453125 3.011962890625 690.349443262845 1821
290 0 0 0 3519.012939453125 3.011962890625 690.349443262845 1821
300 0 0 0 3519.012939453125 3.011962890625 690.349443262845 1821
310 0 0 0 3519.012939453125 3.011962890625 690.349443262845 1821
320 0 0 0 3519.012939453125 3.011962890625 690.349443262845 1821
330 0 0 0 3519.012939453125 3.011962890625 690.349443262845 1821
340 0 0 0 3519.012939453125 3.011962890625 690.349443262845 1821
350 0 0 0 3519.012939453125 3.011962890625 690.349443262845 1821
360 0 0 0 3519.012939453125 3.011962890625 690.349443262845 1821
370 0 0 0 3519.012939453125 3.011962890625 690.349443262845 1821
380 0 0 0 3519.012939453125 3.011962890625 690.349443262845 1821
390 0 0 0 3519.012939453125 3.011962890625 690.349443262845 1821
400 0 0 0 3519.012939453125 3.011962890625 690.349443262845 1821
410 0 0 0 3519.012939453125 3.011962890625 690.349443262845 1821
420 0 0 0 3519.012939453125 3.011962890625 690.349443262845 1821
421 0 0 0 3519.012939453125 3.011962890625 690.349443262845 1821
