10 0.5 47.13798828125 39.09202818380474 118.60986328125 10.49609375 0 0
20 0.4 21.73748779296875 18.272904672780662 118.60986328125 10.49609375 47.13798828125 5
30 0.3 10.326741536458334 0.22634055421909133 118.60986328125 10.007080078125 35.848876953125 9
40 0.5 12.248974609375 3.079476060581326 118.60986328125 10.007080078125 29.468343098958332 12
50 1 11.6930908203125 3.2494563756711003 118.60986328125 10.007080078125 24.403822954963236 17
60 0.8 13.596771240234375 6.160943056580415 118.60986328125 9.158935546875 19.696144386574073 27
70 0.3 12.232666015625 2.3953289302653102 118.60986328125 9.158935546875 18.302001953125 35
80 1.2 22.609578450520832 25.588900167697457 118.60986328125 8.780029296875 17.82284385279605 38
90 0.6 17.715494791666668 8.972989223178901 118.60986328125 8.780029296875 18.97166015625 50
100 1 20.0746826171875 8.461279007103558 118.60986328125 8.780029296875 18.837071010044642 56
110 1.5 36.84983723958333 45.31725604872535 153.971923828125 8.780029296875 19.024587920217805 66
120 1.7 64.99827665441177 70.3601947390124 294.576171875 8.780029296875 22.325560016396604 81
130 2.3 162.85938561480975 157.63283647882886 741.76806640625 8.780029296875 29.727970045440053 98
140 3.8 223.3286711040296 195.66337034658514 788.138916015625 8.780029296875 55.03394159994834 121
150 4.9 572.4218849649236 221.3417920926353 1329.89306640625 8.780029296875 95.25532349400551 159
160 3.1 1734.1748834425402 675.1960134611916 3183.453857421875 8.780029296875 207.66475384051986 208
170 6.2 1499.9561570690523 1471.4854459732126 3340.68798828125 1.7900390625 405.66397567174425 239
180 8.7 1414.2550203169899 1313.5106671903825 3340.68798828125 1.7900390625 631.0663519064058 301
190 11.6 806.3746927195582 1135.7184679507518 3340.68798828125 1.70703125 806.6782440500161 388
200 14.3 585.8295693564247 957.6586162128818 3340.68798828125 1.70703125 806.6083790612599 504
210 15.6 633.0441988431493 862.37542173185 3340.68798828125 1.70703125 757.811826066219 647
220 21.7 399.9910455519152 748.7403051968786 3340.68798828125 1.70703125 733.5730342271171 803
230 27.8 319.2108935898157 680.864029021222 3340.68798828125 1.681884765625 662.6051013422947 1020
240 30.5 364.6515312820188 652.4695620132919 3340.68798828125 1.643798828125 589.0584220239672 1298
250 17.7 482.75316831082273 647.4757200359859 3340.68798828125 1.643798828125 546.3609162995166 1603
260 3.5 752.5402553013392 580.8245651781766 3340.68798828125 1.643798828125 540.0358761905285 1780
270 0.5 839.97861328125 425.12040350101194 3340.68798828125 1.643798828125 544.1337567794423 1815
280 0.1 1141.955078125 0.0 3340.68798828125 1.643798828125 544.9465173742275 1820
290 0 0 0 3340.68798828125 1.643798828125 545.2743639204937 1821
300 0 0 0 3340.68798828125 1.643798828125 545.2743639204937 1821
310 0 0 0 3340.68798828125 1.643798828125 545.2743639204937 1821
320 0 0 0 3340.68798828125 1.643798828125 545.2743639204937 1821
330 0 0 0 3340.68798828125 1.643798828125 545.2743639204937 1821
340 0 0 0 3340.68798828125 1.643798828125 545.2743639204937 1821
350 0 0 0 3340.68798828125 1.643798828125 545.2743639204937 1821
360 0 0 0 3340.68798828125 1.643798828125 545.2743639204937 1821
370 0 0 0 3340.68798828125 1.643798828125 545.2743639204937 1821
380 0 0 0 3340.68798828125 1.643798828125 545.2743639204937 1821
390 0 0 0 3340.68798828125 1.643798828125 545.2743639204937 1821
400 0 0 0 3340.68798828125 1.643798828125 545.2743639204937 1821
410 0 0 0 3340.68798828125 1.643798828125 545.2743639204937 1821
420 0 0 0 3340.68798828125 1.643798828125 545.2743639204937 1821
421 0 0 0 3340.68798828125 1.643798828125 545.2743639204937 1821
