40 0.4 39.0625 46.027699806566936 118.7158203125 10.093994140625 0 0
50 0.4 14.37127685546875 5.523234403766551 118.7158203125 10.093994140625 39.0625 4
60 0.4 17.12091064453125 11.486564254182285 118.7158203125 9.68896484375 26.716888427734375 8
70 0.7 74.62709263392857 149.66304584203968 440.994873046875 9.68896484375 23.518229166666668 12
80 0.2 13.3370361328125 2.8179931640625 440.994873046875 9.68896484375 42.347810444078945 19
90 0.7 11.070172991071429 0.7472201653605695 440.994873046875 9.68896484375 39.584879557291664 21
100 0.9 24.16403537326389 21.670074996707356 440.994873046875 9.68896484375 32.456202915736604 28
110 1 18.525830078125 8.407238301461605 440.994873046875 9.635986328125 30.43918918918919 37
120 0.9 48.525472005208336 39.03193355783322 440.994873046875 9.176025390625 27.90443193151596 47
130 0.8 111.4256591796875 95.99771145867204 440.994873046875 9.176025390625 31.21852765764509 56
140 1.2 231.2706095377604 245.2594512896987 748.18798828125 9.176025390625 41.24441909790039 64
150 0.8 663.9505310058594 106.78955162677393 802.157958984375 9.176025390625 71.24855443050987 76
160 1.7 1740.3847943474266 882.5198763274233 3124.254150390625 4.297119140625 127.6963617234003 84
170 1.7 1817.9827952665441 1382.661142521444 3401.997802734375 2.14599609375 399.13896919477105 101
180 3.1 1111.052214591734 1315.893488840416 3401.997802734375 1.837158203125 603.548672950874 118
190 4.4 790.493408203125 1096.847346779009 3401.997802734375 1.837158203125 709.1366581244756 149
200 4.6 639.8940164317255 1017.3921719167411 3401.997802734375 1.81591796875 727.6843109921471 193
210 8.4 552.9623035249253 843.714658799915 3401.997802734375 1.6689453125 710.7874342148274 239
220 8.8 347.1200644753197 723.1808526843913 3401.997802734375 1.6689453125 669.7431277815401 323
230 13.3 263.2855050223214 620.8209281904485 3401.997802734375 1.6689453125 600.6656835699893 411
240 15.1 311.2128518211923 594.1471389530335 3401.997802734375 1.6689453125 518.1811913882984 544
250 17.8 359.6567972590414 612.7184330330643 3401.997802734375 1.6689453125 473.2139694104093 695
260 22.8 429.08739913137333 562.0482498012456 3401.997802734375 1.6689453125 450.0602733703824 873
270 25.6 618.9164505004883 526.9871386650432 3401.997802734375 1.6689453125 445.7171168522225 1101
280 17.3 841.1719116916549 482.2741397200615 3401.997802734375 1.6689453125 478.39142003126153 1357
290 13.4 802.862545184235 120.38130135009102 3401.997802734375 1.6689453125 519.4116978464563 1530
300 9.7 359.9162522148842 261.486732118868 3401.997802734375 1.6689453125 542.2376675238976 1664
310 3.3 18.412457090435606 28.889807583095397 3401.997802734375 1.6689453125 532.1949774131797 1761
320 1.4 12.487740652901786 5.061657378950747 3401.997802734375 1.6689453125 522.7441283771426 1794
330 0.6 10.826212565104166 0.1504279691671276 3401.997802734375 1.6689453125 518.7930280297204 1808
340 0.2 10.6964111328125 0.1243896484375 3401.997802734375 1.6689453125 517.1128731825387 1814
350 0.4 12.58026123046875 2.225396131060396 3401.997802734375 1.6689453125 516.5551458014266 1816
360 0 0 0 3401.997802734375 1.6689453125 515.4475086924795 1820
370 0.1 11.321044921875 0.0 3401.997802734375 1.6689453125 515.4475086924795 1820
380 0 0 0 3401.997802734375 1.6689453125 515.1706682401068 1821
390 0 0 0 3401.997802734375 1.6689453125 515.1706682401068 1821
400 0 0 0 3401.997802734375 1.6689453125 515.1706682401068 1821
410 0 0 0 3401.997802734375 1.6689453125 515.1706682401068 1821
420 0 0 0 3401.997802734375 1.6689453125 515.1706682401068 1821
421 0 0 0 3401.997802734375 1.6689453125 515.1706682401068 1821
