20 0.1 16.72900390625 0 16.72900390625 16.72900390625 0 0
30 0.1 16.26806640625 0.0 16.72900390625 16.26806640625 16.72900390625 1
40 0.2 18.158935546875 1.242919921875 19.40185546875 16.26806640625 16.49853515625 2
50 0.1 16.580078125 0.0 19.40185546875 16.26806640625 17.3287353515625 4
60 0.2 30.7784423828125 12.7564697265625 43.534912109375 16.26806640625 17.17900390625 5
70 0.1 42.213134765625 0.0 43.534912109375 16.26806640625 21.064557756696427 7
80 0.3 52.332682291666664 37.877428565695226 105.365966796875 16.26806640625 23.7081298828125 8
90 0.1 24.052978515625 0.0 105.365966796875 16.26806640625 31.514825994318183 11
100 0.5 25.6583984375 11.98589915405075 105.365966796875 15.31884765625 30.89300537109375 12
110 0 0 0 105.365966796875 15.31884765625 29.35341509650735 17
120 0.4 90.64129638671875 58.02329928302829 188.880126953125 15.31884765625 29.35341509650735 17
130 0.4 169.15618896484375 165.45379357508406 439.1708984375 15.31884765625 41.02729724702381 21
140 0.4 305.9952392578125 177.75464075014503 556.04296875 15.31884765625 61.527919921875 25
150 0.8 622.619873046875 195.26249776358912 903.809814453125 15.31884765625 95.24755017510776 29
160 0.7 1641.680698939732 444.49232370689657 2143.015869140625 15.31884765625 209.27399836359797 37
170 1.3 2006.110558143029 1589.3521012621063 3622.8701171875 2.48681640625 437.15688254616475 44
180 1.9 1475.673494037829 1260.6615863008283 3622.8701171875 1.97802734375 794.9884225945724 57
190 2.7 932.5915436921297 1133.7954687938504 3622.8701171875 1.97802734375 965.1596904553866 76
200 2.8 250.84517124720983 683.6857847213283 3622.8701171875 1.97802734375 956.6224092650182 103
210 2.4 564.162506103516 858.7471876516886 3622.8701171875 1.97802734375 805.7692591543416 131
220 5.4 377.8937490957755 732.8325767503384 3622.8701171875 1.97802734375 768.3591812626008 155
230 5.9 290.76730915651495 653.9039741190704 3622.8701171875 1.86083984375 667.4733758223684 209
240 6.5 254.16660156249995 567.3217129129106 3622.8701171875 1.86083984375 584.541816369811 268
250 10.6 413.0767545880012 639.3305235309125 3622.8701171875 1.86083984375 520.0541618278434 333
260 9.5 476.81021278782896 580.049418162028 3622.8701171875 1.86083984375 494.2236261389521 439
270 7.7 468.74081460531664 508.74399956540867 3622.8701171875 1.86083984375 491.12573425064375 534
280 5.4 793.987074110243 432.37218855054886 3622.8701171875 1.86083984375 488.30472146391674 611
290 4.1 769.9478729992379 153.622097890629 3622.8701171875 1.86083984375 513.1270478442199 665
300 1.9 296.54954769736844 188.6519093293112 3622.8701171875 1.86083984375 528.041571684667 706
310 1.7 12.462028952205882 7.172127087815767 3622.8701171875 1.86083984375 521.9748841594827 725
320 0.8 10.401031494140625 2.539085115001907 3622.8701171875 1.86083984375 510.3014090401785 742
330 0.4 11.47198486328125 3.046955921247811 3622.8701171875 1.86083984375 504.9691383463541 750
340 0.1 7.169189453125 0.0 3622.8701171875 1.86083984375 502.3511163119611 754
350 0.1 11.0419921875 0.0 3622.8701171875 1.86083984375 501.6952462101614 755
360 0.2 14.41455078125 5.070556640625 3622.8701171875 1.86083984375 501.04623396939064 756
370 0 0 0 3622.8701171875 1.86083984375 499.76224535939554 758
380 0 0 0 3622.8701171875 1.86083984375 499.76224535939554 758
390 0 0 0 3622.8701171875 1.86083984375 499.76224535939554 758
400 0.1 13.89697265625 0.0 3622.8701171875 1.86083984375 499.76224535939554 758
410 0 0 0 3622.8701171875 1.86083984375 499.1221066601819 759
420 0.1 8.948974609375 0.0 3622.8701171875 1.86083984375 499.1221066601819 759
421 0 0 0 3622.8701171875 1.86083984375 498.47714201274664 760
