10 0.1 38.64892578125 0 38.64892578125 38.64892578125 0 0
20 0.2 379.6875 369.76171875 749.44921875 9.92578125 38.64892578125 1
30 0.2 9.64501953125 0.294921875 749.44921875 9.35009765625 266.0079752604167 3
40 0.4 92.9500732421875 126.54514158685271 749.44921875 9.35009765625 163.46279296875 5
50 0.2 35.9090576171875 25.6768798828125 749.44921875 9.35009765625 132.12380642361111 9
60 0.1 10.1318359375 0.0 749.44921875 9.35009765625 114.6302157315341 11
70 0.1 8.761962890625 0.0 749.44921875 8.761962890625 105.92201741536458 12
80 0 0 0 749.44921875 8.761962890625 98.4481670673077 13
90 0.4 10.60174560546875 1.3625676971096885 749.44921875 8.761962890625 98.4481670673077 13
100 0.4 33.05145263671875 28.433455005770522 749.44921875 8.761962890625 77.77842084099265 17
110 0.4 25.21759033203125 9.526566559168318 749.44921875 8.761962890625 69.25899832589286 21
120 0.4 29.90618896484375 15.941718439276235 749.44921875 8.60205078125 62.212373046875 25
130 0.9 86.94967990451389 63.87965938099956 749.44921875 8.60205078125 57.75634765625 29
140 1.1 274.72225674715907 283.2453549626057 936.251953125 8.60205078125 64.67055792557566 38
150 1.1 665.9559437144886 154.00895768721477 952.239990234375 8.60205078125 111.82502092633929 49
160 1.1 2032.966397372159 645.9556009653229 3240.02490234375 8.60205078125 213.41569010416666 60
170 2.3 1623.4849906589675 1456.9122140783584 3483.0791015625 1.998046875 495.31791235695425 71
180 3.1 1662.053002142137 1253.2884146737808 3483.0791015625 1.715087890625 771.3587932180851 94
190 3.7 610.5494417757601 1001.0128251918543 3483.0791015625 1.715087890625 992.25095703125 125
200 4.7 776.6975097656251 1084.8018200536467 3483.0791015625 1.715087890625 905.0722158926504 162
210 5.9 532.7014325675318 828.0646388171225 3483.0791015625 1.715087890625 876.2032628401615 209
220 7 371.7372209821428 723.5347922376592 3483.0791015625 1.715087890625 800.5815912502915 268
230 9.7 293.5578864972617 636.4247788896284 3483.0791015625 1.715087890625 711.7676684136927 338
240 11.8 332.4805059917903 641.0292468822365 3483.0791015625 1.715087890625 618.5116940553161 435
250 9.2 414.6559262483016 635.757225946326 3483.0791015625 1.715087890625 557.4779143238585 553
260 6.8 368.28186753216914 539.4454935671293 3483.0791015625 1.715087890625 537.10640594719 645
270 2.5 529.63392578125 549.9949648710219 3483.0791015625 1.715087890625 521.0053279496844 713
280 1.4 957.0360804966518 289.85810787143635 3483.0791015625 1.715087890625 521.2976246241955 738
290 0.4 858.0985717773438 132.47319012694535 3483.0791015625 1.715087890625 529.409776728204 752
300 0.2 395.7364501953125 248.8194580078125 3483.0791015625 1.715087890625 531.1488708819031 756
310 0.2 9.08251953125 2.478515625 3483.0791015625 1.715087890625 530.7915821729675 758
320 0 0 0 3483.0791015625 1.715087890625 529.4186635870683 760
330 0 0 0 3483.0791015625 1.715087890625 529.4186635870683 760
340 0 0 0 3483.0791015625 1.715087890625 529.4186635870683 760
350 0 0 0 3483.0791015625 1.715087890625 529.4186635870683 760
360 0 0 0 3483.0791015625 1.715087890625 529.4186635870683 760
370 0 0 0 3483.0791015625 1.715087890625 529.4186635870683 760
380 0 0 0 3483.0791015625 1.715087890625 529.4186635870683 760
390 0 0 0 3483.0791015625 1.715087890625 529.4186635870683 760
400 0 0 0 3483.0791015625 1.715087890625 529.4186635870683 760
410 0 0 0 3483.0791015625 1.715087890625 529.4186635870683 760
420 0 0 0 3483.0791015625 1.715087890625 529.4186635870683 760
421 0 0 0 3483.0791015625 1.715087890625 529.4186635870683 760
