20 0.4 7.7322998046875 0.15396357403078836 7.93994140625 7.506103515625 0 0
30 1.2 8.164326985677084 0.21908492511669414 8.60888671875 7.506103515625 7.7322998046875 4
40 1.1 30.409801136363637 24.681452648622884 99.05810546875 7.506103515625 8.056320190429688 16
50 1.3 15.093674879807692 9.189708412051308 99.05810546875 7.506103515625 17.16329390914352 27
60 1.6 13.187667846679688 8.127977705298273 99.05810546875 7.506103515625 16.490667724609374 40
70 0.8 26.92510986328125 21.24400402555452 99.05810546875 7.506103515625 15.546953473772321 56
80 2.4 10.337921142578127 4.637955765075427 99.05810546875 7.506103515625 16.969223022460938 64
90 0.8 9.32318115234375 3.4019358874436287 99.05810546875 7.506103515625 15.160686146129262 88
100 3.8 17.01559287623355 10.916849988859791 99.05810546875 7.506103515625 14.674227396647135 96
110 0.2 23.4765625 6.179443359375 99.05810546875 7.506103515625 15.338196711753731 134
120 3.2 30.81228637695312 27.69318237854471 114.990966796875 7.506103515625 15.457878561580882 136
130 2.3 72.78500764266305 68.51246018172651 243.93603515625 7.506103515625 18.382527669270832 168
140 1.6 250.57884216308597 249.84945143781852 994.885009765625 7.506103515625 24.933611645124344 191
150 3.7 553.9697727512669 219.74442302797115 994.885009765625 7.506103515625 42.37478888322766 207
160 2.3 1740.6620669157608 749.5119970527469 2995.830078125 7.506103515625 119.95271676485656 244
170 2.9 1301.8713126346988 1368.8444177977296 3352.06298828125 1.861083984375 259.5643836317884 267
180 8.2 975.1790235565932 1253.2984415447943 3352.06298828125 1.732177734375 361.68229221653297 296
190 20.9 660.2106735010467 1052.4997270628048 3352.06298828125 1.681884765625 494.7688847294561 378
200 25.2 512.5625813802085 917.4298689348678 3352.06298828125 1.681884765625 553.674053133651 587
210 20.1 691.3372663051928 886.9898770580312 3352.06298828125 1.681884765625 541.3259114389341 839
220 41.7 327.68442862897206 704.7229521006069 3352.06298828125 1.673095703125 570.318490600586 1040
230 46.4 296.2235817744816 668.4316016870998 3352.06298828125 1.62890625 500.8755229669806 1457
240 53.8 270.85752806255806 597.0654336154691 3352.06298828125 1.62890625 451.4437162447945 1921
250 67.2 250.4086932227725 517.283347360182 3352.06298828125 1.60107421875 411.93360268560656 2459
260 73 345.9375461526114 517.4790038556881 3352.06298828125 1.60107421875 377.26584824324806 3131
270 60.1 454.52185931975345 512.6793466058798 3352.06298828125 1.60107421875 371.3426002437233 3861
280 41.2 743.7957354795585 501.28754946257857 3352.06298828125 1.60107421875 382.5462610919291 4462
290 40.7 731.7770744155023 123.43483046484499 3352.06298828125 1.60107421875 413.08273697369015 4874
300 50.9 338.1504606535487 218.9026786816597 3352.06298828125 1.60107421875 437.6441070435288 5281
310 13.8 11.02306775079257 8.870554833835785 3352.06298828125 1.60107421875 428.8976016873112 5790
320 7.2 7.78664143880208 3.1866741933235585 3352.06298828125 1.60107421875 419.1697532252262 5928
330 3.2 7.227592468261719 2.5249507235732476 3352.06298828125 1.60107421875 414.23315588378915 6000
340 0.8 5.05523681640625 0.10820221539056518 3352.06298828125 1.60107421875 412.07397517601447 6032
350 0.8 6.668792724609375 0.8358161422617257 3352.06298828125 1.60107421875 411.534877509313 6040
360 1.6 6.9774017333984375 1.9451749208524505 3352.06298828125 1.60107421875 410.9993403601269 6048
370 0 0 0 3352.06298828125 1.60107421875 409.9333194138822 6064
380 0 0 0 3352.06298828125 1.60107421875 409.9333194138822 6064
390 0 0 0 3352.06298828125 1.60107421875 409.9333194138822 6064
400 0.8 7.3387451171875 1.8211468229411323 3352.06298828125 1.60107421875 409.9333194138822 6064
410 0 0 0 3352.06298828125 1.60107421875 409.40289177976274 6072
420 0.8 8.26202392578125 4.239057652164504 3352.06298828125 1.60107421875 409.40289177976274 6072
421 0 0 0 3352.06298828125 1.60107421875 408.8750748483759 6080
