20 0.1 718.113037109375 0 718.113037109375 718.113037109375 0 0
30 0.2 1012.1649169921875 260.4549560546875 1272.619873046875 718.113037109375 718.113037109375 1
40 0 0 0 1272.619873046875 718.113037109375 914.1476236979166 3
50 0.4 759.093017578125 46.18617267179031 1272.619873046875 704.044189453125 914.1476236979166 3
60 0.3 550.3986002604166 230.81619334959456 1272.619873046875 224.02197265625 825.5449916294643 7
70 0.1 985.867919921875 0.0 1272.619873046875 224.02197265625 743.00107421875 10
80 0.5 724.2818359375 20.913294888225856 1272.619873046875 224.02197265625 765.0798783735795 11
90 0.3 755.0389811197916 32.25657149344399 1272.619873046875 224.02197265625 752.3304901123047 16
100 0.3 553.9803873697916 218.61720035664436 1272.619873046875 224.02197265625 752.758146587171 19
110 0.4 930.9147338867188 245.52079620372763 1342.161865234375 224.02197265625 725.6520885120739 22
120 1.2 796.2929280598959 286.19358134700184 1342.161865234375 208.110107421875 757.23095703125 26
130 1 1022.7138427734375 214.6539874617346 1522.221923828125 208.110107421875 769.566316303454 38
140 2.1 1185.7952125186011 276.23616874201457 1582.794921875 208.110107421875 822.3053843180338 48
150 1.5 1591.2995279947916 370.3219653665775 2214.3291015625 208.110107421875 932.9327233355979 69
160 1.6 2180.9623260498047 1101.0644072767618 3966.7890625 2.416015625 1050.4982241675966 84
170 1.1 1317.068936434659 1758.5009278964308 4105.821044921875 1.862060546875 1231.37248046875 100
180 1.8 1717.9027777777778 1754.5675055126435 4114.2509765625 1.8349609375 1239.8649220509571 111
190 2.7 637.6931152343749 1342.9100253435797 4179.821044921875 1.8349609375 1306.567878664002 129
200 5.5 526.581689453125 1158.1669080682243 4179.821044921875 1.766845703125 1190.8010926857974 156
210 5.4 509.6637821903936 1005.6237054616768 4179.821044921875 1.759033203125 1017.6633335493187 211
220 7.5 370.57852213541673 815.688004034224 4179.821044921875 1.64794921875 914.1464438384434 265
230 11.3 320.54246966606746 708.0176648923307 4179.821044921875 1.64794921875 794.2417552274816 340
240 11.4 388.2299976014255 704.6140965100072 4179.821044921875 1.636962890625 676.0783572839059 453
250 14.9 380.8050381449244 652.3080570481549 4179.821044921875 1.636962890625 618.2040839085923 567
260 12.2 448.47453733350414 617.5553245644411 4179.821044921875 1.636962890625 568.8012098600078 716
270 11.4 630.4624002021654 515.9181866084386 4179.821044921875 1.636962890625 551.2834842654572 838
280 6.5 863.2464017427884 585.5408520043983 4179.821044921875 1.636962890625 560.7649931066177 952
290 4.3 913.2233829941861 380.94693199672315 4179.821044921875 1.636962890625 580.0976298434427 1017
300 3.1 590.950470955141 520.9346955266379 4179.821044921875 1.636962890625 593.6112217165389 1060
310 1.3 183.97367037259616 309.5517426938006 4179.821044921875 1.636962890625 593.5356183493498 1091
320 0.9 240.63167317708334 327.0802451059007 4179.821044921875 1.636962890625 588.7128780199134 1104
330 0 0 0 4179.821044921875 1.636962890625 585.8982052044727 1113
340 0 0 0 4179.821044921875 1.636962890625 585.8982052044727 1113
350 0 0 0 4179.821044921875 1.636962890625 585.8982052044727 1113
360 0 0 0 4179.821044921875 1.636962890625 585.8982052044727 1113
370 0 0 0 4179.821044921875 1.636962890625 585.8982052044727 1113
380 0 0 0 4179.821044921875 1.636962890625 585.8982052044727 1113
390 0 0 0 4179.821044921875 1.636962890625 585.8982052044727 1113
400 0 0 0 4179.821044921875 1.636962890625 585.8982052044727 1113
410 0 0 0 4179.821044921875 1.636962890625 585.8982052044727 1113
420 0 0 0 4179.821044921875 1.636962890625 585.8982052044727 1113
421 0 0 0 4179.821044921875 1.636962890625 585.8982052044727 1113
