0 10 10
10 23 23
20 28 30
30 38 38
40 45 45
50 52 53
60 50 53
70 54 57
80 65 66
90 72 72
100 97 98
110 124 126
120 158 160
130 228 228
140 283 283
150 358 358
160 508 508
170 637 638
180 791 791
190 1017 1017
200 1212 1212
210 1480 1481
220 1847 1847
230 2166 2172
240 2219 2350
250 1827 2350
260 1423 2350
270 1011 2350
280 676 2350
290 422 2350
300 166 2350
310 76 2350
320 35 2350
330 18 2350
340 12 2350
350 6 2350
360 3 2350
370 2 2350
380 2 2350
390 2 2350
400 1 2350
410 1 2350
420 0 2350
421 0 2350
