0 0.1 0.01953125 0 0.01953125 0.01953125 0 0
10 0.1 0.01953125 0.0 0.01953125 0.01953125 0.01953125 1
20 0.1 0.01953125 0.0 0.01953125 0.01953125 0.01953125 2
30 0.1 0.01171875 0.0 0.01953125 0.01171875 0.01953125 3
40 0.1 0.01171875 0.0 0.01953125 0.01171875 0.017578125 4
50 0.1 0.01171875 0.0 0.01953125 0.01171875 0.01640625 5
60 0.1 0.01171875 0.0 0.01953125 0.01171875 0.015625 6
70 0.1 0.01171875 0.0 0.01953125 0.01171875 0.015066964285714286 7
80 0.1 0.01171875 0.0 0.01953125 0.01171875 0.0146484375 8
90 0.1 0.01171875 0.0 0.01953125 0.01171875 0.014322916666666666 9
100 0.1 0.0 0.0 0.01953125 0.0 0.0140625 10
110 0.1 0.0 0.0 0.01953125 0.0 0.01278409090909091 11
120 0.1 0.0 0.0 0.01953125 0.0 0.01171875 12
130 0.1 0.0 0.0 0.01953125 0.0 0.010817307692307692 13
140 0.1 0.0 0.0 0.01953125 0.0 0.010044642857142858 14
150 0.1 0.0 0.0 0.01953125 0.0 0.009375 15
160 0.1 0.16015625 0.0 0.16015625 0.0 0.0087890625 16
170 0.1 0.12890625 0.0 0.16015625 0.0 0.017693014705882353 17
180 0.1 0.109375 0.0 0.16015625 0.0 0.023871527777777776 18
190 0.1 0.08984375 0.0 0.16015625 0.0 0.02837171052631579 19
200 0.1 0.078125 0.0 0.16015625 0.0 0.0314453125 20
210 0.1 0.140625 0.0 0.16015625 0.0 0.03366815476190476 21
220 0.1 0.19140625 0.0 0.19140625 0.0 0.038529829545454544 22
230 0.1 0.16015625 0.0 0.19140625 0.0 0.04517663043478261 23
240 0.1 0.140625 0.0 0.19140625 0.0 0.049967447916666664 24
250 0.1 0.19921875 0.0 0.19921875 0.0 0.05359375 25
260 0.1 0.390625 0.0 0.390625 0.0 0.059194711538461536 26
270 0.1 0.328125 0.0 0.390625 0.0 0.07146990740740741 27
280 0.1 0.28125 0.0 0.390625 0.0 0.08063616071428571 28
290 0.1 0.23046875 0.0 0.390625 0.0 0.08755387931034483 29
300 0.1 0.28125 0.0 0.390625 0.0 0.09231770833333333 30
310 0.1 0.23828125 0.0 0.390625 0.0 0.09841229838709678 31
320 0.1 0.19921875 0.0 0.390625 0.0 0.102783203125 32
330 0.1 0.23828125 0.0 0.390625 0.0 0.10570549242424243 33
340 0.1 0.19921875 0.0 0.390625 0.0 0.1096047794117647 34
350 0.1 0.171875 0.0 0.390625 0.0 0.11216517857142858 35
360 0.1 0.1484375 0.0 0.390625 0.0 0.11382378472222222 36
370 0.1 0.12109375 0.0 0.390625 0.0 0.11475929054054054 37
380 0.1 0.1015625 0.0 0.390625 0.0 0.11492598684210527 38
390 0.1 0.08984375 0.0 0.390625 0.0 0.11458333333333333 39
400 0.1 0.078125 0.0 0.390625 0.0 0.11396484375 40
410 0.1 0.05859375 0.0 0.390625 0.0 0.1130907012195122 41
420 0.1 0.05078125 0.0 0.390625 0.0 0.11179315476190477 42
