0 1.6 47.7374267578125 90.90586510373852 370.304931640625 5.42822265625 0 0
10 2 21.59127197265625 26.30323230606347 370.304931640625 5.385009765625 47.7374267578125 16
20 6.4 21.978477478027344 48.4486678419249 370.304931640625 4.322021484375 33.21178521050347 36
30 8.8 17.564802689985793 23.936800206618447 370.304931640625 4.222900390625 26.02246826171875 100
40 7.8 23.515728290264423 28.300251586030466 370.304931640625 4.222900390625 22.063560972822472 188
50 11.3 19.97021484375 24.79802857092376 370.304931640625 4.222900390625 22.489384471921994 266
60 16.3 19.419629804927148 41.1320459729633 469.510986328125 4.222900390625 21.738286403364118 379
70 23.4 16.17999424078525 20.451069813077407 469.510986328125 4.218017578125 21.04097823815152 542
80 29.6 15.239085429423561 20.369441654775308 469.510986328125 4.218017578125 19.5751660533787 776
90 18.2 15.808175223214288 20.72395951239281 469.510986328125 4.218017578125 18.377890060197057 1072
100 32.8 16.105220143387953 21.132224831256842 469.510986328125 4.218017578125 18.00493304238935 1254
110 27.2 18.707276288200823 29.66136260669513 469.510986328125 4.218017578125 17.611060835769592 1582
120 41.4 16.50690434405191 21.917459503810438 469.510986328125 4.218017578125 17.77188640376382 1854
130 57 20.709654690926552 35.133217247884225 481.693115234375 4.218017578125 17.540976980165613 2268
140 71.1 17.462443548918742 22.45351587832752 481.693115234375 4.218017578125 18.177392165202164 2838
150 84.4 16.26731981033396 21.08447987050552 481.693115234375 4.218017578125 18.03416070107776 3549
160 126.2 18.031966751993348 22.558484651907627 481.693115234375 4.218017578125 17.69470845619095 4393
170 132.8 18.93145439423711 23.244002194254648 481.693115234375 4.218017578125 17.76997281857868 5655
180 184 20.21977724821668 23.68211865895501 481.693115234375 4.218017578125 17.990858903710343 6983
190 229.9 29.8143491608104 30.03872813477839 481.693115234375 4.218017578125 18.455690565717784 8823
200 267.2 74.79027571078544 144.92613126018915 1381.55517578125 0.51611328125 20.80360965492098 11122
210 286.9 284.34098148445685 755.8765282968296 4410.06298828125 0.47705078125 31.261226858144834 13794
220 289.6 497.3739680506248 1531.8519680379677 10865.95703125 0.47705078125 74.83596226130688 16663
230 311.8 516.2080829025763 1741.5869854320242 20566.864013671875 0.47705078125 137.3989800416568 19559
240 325.3 608.0338672505442 2188.304884938638 20566.864013671875 0.465087890625 189.48377003682137 22677
250 304.1 1942.772212863009 6841.616232775797 36373.88916015625 0.465087890625 241.99219526768294 25930
260 320.1 2605.1531547300865 8848.681945054605 36419.45703125 0.465087890625 420.51803260527527 28971
270 314.8 2436.971920183085 8695.053364206035 36419.45703125 0.465087890625 637.8814861027738 32172
280 315.5 5564.23399072034 18065.814196808402 66321.10400390625 0.465087890625 798.2307694120834 35320
290 312.2 4671.573221777272 16673.403523635065 66321.10400390625 0.465087890625 1189.0492271957755 38475
300 268.5 1088.6849810324998 8101.407669079886 66321.10400390625 0.465087890625 1450.4248050279132 41597
310 220.4 19.87538559596897 21.98181418115632 66321.10400390625 0.465087890625 1428.4910299629275 44282
320 153.9 15.2915441997645 16.624978557482113 66321.10400390625 0.465087890625 1361.7055702506534 46486
330 127.9 11.867364449460041 11.126237066440542 66321.10400390625 0.465087890625 1318.5586428983927 48025
340 80.4 11.0669136616721 11.289952012621495 66321.10400390625 0.465087890625 1284.6616336266059 49304
350 52.4 10.74621022930582 9.068418192435374 66321.10400390625 0.465087890625 1264.2263706974966 50108
360 40.8 9.35229552025889 6.824075387675706 66321.10400390625 0.465087890625 1251.253871011817 50632
370 19.1 10.15757679564791 9.332842542159975 66321.10400390625 0.465087890625 1241.3264446246587 51040
380 6.3 10.31192646329365 4.354439723191304 66321.10400390625 0.465087890625 1236.736386773839 51231
390 8.5 8.517035271139706 2.6091653953651845 66321.10400390625 0.465087890625 1235.230075294922 51294
400 1.6 13.908370971679688 17.652588620320042 66321.10400390625 0.465087890625 1233.2006350877941 51379
410 0.6 10.490885416666666 1.5226692066497127 66321.10400390625 0.465087890625 1232.8210519332877 51395
420 5.3 7.859702056308962 2.5977292028039725 66321.10400390625 0.465087890625 1232.6783702539603 51401
424 0 0 0 66321.10400390625 0.465087890625 1231.4167503718427 51454
