10 0.1 89 0 89 89 0 0
20 0.1 155.0 0.0 155 89 89.0 1
30 0.1 220.0 0.0 220 89 122.0 2
40 0.1 360.0 0.0 360 89 154.66666666666666 3
50 0.1 349.0 0.0 360 89 206.0 4
60 0.1 491.0 0.0 491 89 234.6 5
70 0.1 808.0 0.0 808 89 277.3333333333333 6
80 0.1 899.0 0.0 899 89 353.14285714285717 7
90 0.1 1115.0 0.0 1115 89 421.375 8
100 0.1 880.0 0.0 1115 89 498.44444444444446 9
110 0.1 1408.0 0.0 1408 89 536.6 10
120 0.1 1192.0 0.0 1408 89 615.8181818181819 11
130 0.1 1912.0 0.0 1912 89 663.8333333333334 12
140 0.1 2753.0 0.0 2753 89 759.8461538461538 13
150 0.1 2968.0 0.0 2968 89 902.2142857142857 14
160 0.1 4195.0 0.0 4195 89 1039.9333333333334 15
170 0.1 5321.0 0.0 5321 89 1237.125 16
180 0.1 6216.0 0.0 6216 89 1477.3529411764705 17
190 0.1 8742.0 0.0 8742 89 1740.611111111111 18
200 0.1 11037.0 0.0 11037 89 2109.1052631578946 19
210 0.1 12642.0 0.0 12642 89 2555.5 20
220 0.1 14278.0 0.0 14278 89 3035.809523809524 21
230 0.1 15613.0 0.0 15613 89 3546.818181818182 22
240 0.1 16663.0 0.0 16663 89 4071.4347826086955 23
250 0.1 16054.0 0.0 16663 89 4596.083333333333 24
260 0.1 14499.0 0.0 16663 89 5054.4 25
270 0.1 14912.0 0.0 16663 89 5417.653846153846 26
280 0.1 14608.0 0.0 16663 89 5769.2962962962965 27
290 0.1 15089.0 0.0 16663 89 6084.964285714285 28
300 0.1 13281.0 0.0 16663 89 6395.448275862069 29
310 0.1 11005.0 0.0 16663 89 6624.966666666666 30
320 0.1 8768.0 0.0 16663 89 6766.258064516129 31
330 0.1 6698.0 0.0 16663 89 6828.8125 32
340 0.1 4755.0 0.0 16663 89 6824.848484848485 33
350 0.1 2934.0 0.0 16663 89 6763.970588235294 34
360 0.1 1980.0 0.0 16663 89 6654.542857142857 35
370 0.1 1453.0 0.0 16663 89 6524.694444444444 36
380 0.1 537.0 0.0 16663 89 6387.621621621622 37
390 0.1 257.0 0.0 16663 89 6233.6578947368425 38
400 0.1 281.0 0.0 16663 89 6080.410256410257 39
410 0.1 51.0 0.0 16663 51 5935.425000000001 40
420 0.1 26.0 0.0 16663 26 5791.902439024391 41
