0 0.1 9.81103515625 0 9.81103515625 9.81103515625 0 0
10 0.1 9.14111328125 0.0 9.81103515625 9.14111328125 9.81103515625 1
20 0.3 128.69864908854166 169.25825540297964 368.06494140625 8.407958984375 9.47607421875 2
30 0.5 8.143017578125 0.19746213284365557 368.06494140625 7.927978515625 81.009619140625 5
40 0.7 8.37890625 0.563729743339839 368.06494140625 7.609130859375 44.576318359375 10
50 0.7 8.159354073660714 0.601235886189272 368.06494140625 7.609130859375 29.671501608455884 17
60 0.3 8.777099609375 1.1032696385068141 368.06494140625 7.609130859375 23.397125244140625 24
70 0.8 8.8411865234375 0.7709914358915171 368.06494140625 7.609130859375 21.77267795138889 27
80 0.6 9.395711263020834 1.842493078264675 368.06494140625 7.609130859375 18.816908482142857 35
90 0.4 8.84649658203125 0.6982335096767014 368.06494140625 7.609130859375 17.438196693978657 41
100 1.6 9.1241455078125 2.605209792392347 368.06494140625 7.609130859375 16.674490017361112 45
110 1.7 8.680333754595589 1.175869888805866 368.06494140625 7.609130859375 14.69407178534836 61
120 1.6 8.724395751953127 0.9208547348178375 368.06494140625 7.590087890625 13.383385291466347 78
130 3 9.244108072916667 1.37028720203586 368.06494140625 7.590087890625 12.59036579537899 94
140 3.6 10.200025770399304 3.9401734230338037 368.06494140625 7.579833984375 11.780787314138104 124
150 3.9 9.419220753205128 2.079335829577819 368.06494140625 7.579833984375 11.425115966796875 160
160 5 10.1517626953125 2.688356662165879 368.06494140625 7.579833984375 11.032000824434673 199
170 5.4 10.321967230902779 2.661432712639254 368.06494140625 7.579833984375 10.85524618003263 249
180 7.5 11.837395833333334 4.644959651519474 368.06494140625 7.579833984375 10.76020636731642 303
190 13.7 17.634434164005473 13.766517557149589 368.06494140625 7.5751953125 10.973934435970568 378
200 14.1 51.09423654975622 68.65350971089902 774.48291015625 7.5751953125 12.74575669371966 515
210 9.9 290.588682232481 732.0905301080978 3751.4130859375 0.80419921875 20.98834154082508 656
220 8.2 110.69502369950457 532.8431094735713 4874.4169921875 0.80419921875 56.339909393108435 755
230 8.7 262.17824229974855 1073.0803291768755 5980.22900390625 0.80419921875 61.66502214475059 837
240 9.3 405.62307837701616 2187.1086013779964 19907.14208984375 0.796875 80.54451365285105 924
250 9.1 1754.0582744891826 6022.269938806891 36116.60400390625 0.796875 110.27146204945612 1017
260 9.9 2380.4351177793565 7706.003362693659 36338.5849609375 0.736083984375 245.27561361264665 1108
270 8.8 2191.1802590110087 6845.4150910677945 36338.5849609375 0.736083984375 420.4046864481928 1207
280 7.6 2819.4497391550162 12703.599130342127 66207.67602539063 0.736083984375 540.7353817265927 1295
290 9.9 1883.546820746527 9668.264402761679 66207.67602539063 0.736083984375 667.0536101471325 1371
300 4.8 27.35613505045573 22.68081986376817 66207.67602539063 0.736083984375 748.9807039221939 1470
310 0.6 9.7269287109375 1.510434203758594 66207.67602539063 0.736083984375 726.1625357365263 1518
320 0 0 0 66207.67602539063 0.736083984375 723.3419231104413 1524
330 0 0 0 66207.67602539063 0.736083984375 723.3419231104413 1524
340 0 0 0 66207.67602539063 0.736083984375 723.3419231104413 1524
350 0 0 0 66207.67602539063 0.736083984375 723.3419231104413 1524
360 0 0 0 66207.67602539063 0.736083984375 723.3419231104413 1524
370 0 0 0 66207.67602539063 0.736083984375 723.3419231104413 1524
380 0 0 0 66207.67602539063 0.736083984375 723.3419231104413 1524
390 0 0 0 66207.67602539063 0.736083984375 723.3419231104413 1524
400 0 0 0 66207.67602539063 0.736083984375 723.3419231104413 1524
410 0 0 0 66207.67602539063 0.736083984375 723.3419231104413 1524
420 0 0 0 66207.67602539063 0.736083984375 723.3419231104413 1524
424 0 0 0 66207.67602539063 0.736083984375 723.3419231104413 1524
