0 1.5 38.63243815104167 91.63336441701948 364.989990234375 5.56005859375 0 0
10 2.5 16.423447265625 25.211823777975845 364.989990234375 5.56005859375 38.63243815104167 15
20 4.5 42.43419596354167 71.1403719566353 374.244873046875 5.5 24.75181884765625 40
30 7.2 24.545169406467014 32.37334234322417 374.244873046875 5.1259765625 34.11307732077206 85
40 12.2 26.84102843237706 54.118471673791255 535.780029296875 5.1259765625 29.72524693968949 157
50 13.5 18.206495949074085 22.376707462065436 535.780029296875 4.52490234375 28.46404744903674 279
60 26.6 20.92087824541824 31.1168308075775 535.780029296875 4.403076171875 25.119193699048918 414
70 25.3 17.60957668138587 22.858932293634822 535.780029296875 4.39599609375 23.47691147748162 680
80 23 18.336073369565234 36.91760689715142 535.780029296875 4.31591796875 21.88587642559285 933
90 23.6 19.47036898338189 25.032154627089543 535.780029296875 4.31591796875 21.183851745552996 1163
100 32 31.269712066650406 60.13710618855636 819.2041015625 4.31591796875 20.894801043714267 1399
110 44.4 20.928221556517453 28.865772745561998 819.2041015625 4.31591796875 22.82613991942082 1719
120 61.4 33.38217073620734 69.64736895595587 1368.7451171875 4.31591796875 22.436553348394888 2163
130 60.4 29.780466243920714 43.10605286033777 1368.7451171875 4.291015625 24.856650242927422 2777
140 77.7 80.46656090381681 99.18824006622602 1368.7451171875 4.291015625 25.736267180105756 3381
150 88.8 98.8549711210234 97.26483194745677 1368.7451171875 4.291015625 35.96364530019317 4158
160 89.6 252.16504369463237 202.13795269733728 1368.7451171875 4.291015625 47.03132213905509 5046
170 109 815.8408565976206 511.9931246809385 1610.593994140625 0.06396484375 77.96363693437607 5942
180 165.9 646.0145752983243 588.125149588626 2022.72314453125 0.06396484375 192.33880323598822 7032
190 223.8 474.8044572136462 502.23039058961933 2022.72314453125 0.05712890625 278.9396668709457 8691
200 207.5 799.7975492987573 1037.379533760175 6228.549072265625 0.05712890625 319.04813066332963 10929
210 217.7 1104.9093331024656 2017.2691462404339 13663.369873046875 0.05712890625 395.7595305147994 13004
220 284 846.6297774193987 2198.8630593091398 18115.090087890625 0.05712890625 497.4536956049351 15181
230 173.6 549.7823358351197 263.1904931948399 18115.090087890625 0.05712890625 552.4817224820827 18021
240 176.9 472.9910282115598 170.61390486121948 18115.090087890625 0.05712890625 552.2445338796061 19757
250 150.1 179.7942660622083 128.88640696938714 18115.090087890625 0.05712890625 545.7315053779442 21526
260 69.6 13.259455538344104 15.086627533823538 18115.090087890625 0.05712890625 521.8781247285797 23027
270 49.1 11.279193948096996 12.795603312763642 18115.090087890625 0.05712890625 506.9559566319475 23723
280 41.2 9.614904903671116 9.288380740994777 18115.090087890625 0.05712890625 496.90485848716474 24214
290 23.9 8.774647988036085 12.102861274075698 18115.090087890625 0.05712890625 488.7523586546138 24626
300 6.5 12.491248497596153 14.026927861162601 18115.090087890625 0.05712890625 484.1388588416513 24865
310 6.2 6.447820848034274 3.330594898448216 18115.090087890625 0.05712890625 482.9091318190936 24930
320 4 5.767364501953125 3.105231841155625 18115.090087890625 0.05712890625 481.727129527152 24992
330 1.2 10.302591959635416 2.407797564416131 18115.090087890625 0.05712890625 480.96656742260546 25032
340 0.8 9.724639892578125 2.0145674098422948 18115.090087890625 0.05712890625 480.7410456327334 25044
350 0 0 0 18115.090087890625 0.05712890625 480.59063324067205 25052
360 0.1 7.452880859375 0.0 18115.090087890625 0.05712890625 480.59063324067205 25052
361 0 0 0 18115.090087890625 0.05712890625 480.57174776777936 25053
