20 0.3 18156.529378255207 4768.028497724436 23393.217041015625 11859.3310546875 0 0
30 0.2 29819.62255859375 3181.95947265625 33001.58203125 11859.3310546875 18156.529378255207 3
40 0.7 24434.592180524553 10199.639166605344 38694.940185546875 10410.991943359375 22821.766650390626 5
50 0.9 20588.66441514757 14881.042042788431 44488.737060546875 4545.266845703125 23762.58154296875 12
60 1.1 40127.797119140625 17456.80740767185 61931.39306640625 4545.266845703125 22402.331345331102 21
70 1.8 27518.140041775172 19233.45746572617 72011.59204101563 4056.34814453125 28495.460205078125 32
80 0.7 37678.38026646205 22424.034233178925 72011.59204101563 4056.34814453125 28143.624946289063 50
90 1.8 31812.668280707465 19823.45622715503 82219.8681640625 4056.34814453125 29314.559810169958 57
100 1.7 38792.14852366728 26463.197073914882 84642.32421875 4056.34814453125 29914.105843098958 75
110 2.3 40532.612240998635 23133.214989452765 84642.32421875 4056.34814453125 31554.613729725712 92
120 3.3 31598.415986032196 20467.832540438256 107439.0087890625 4056.34814453125 33350.2134319803 115
130 3.5 38011.8104422433 26242.813397830392 107439.0087890625 2648.55810546875 32959.60994741079 148
140 5.4 31256.87914134838 20559.56321779486 107439.0087890625 2648.55810546875 33925.87780161373 183
150 5.2 33493.799020620485 20546.580480525947 107439.0087890625 2648.55810546875 33317.751524591244 237
160 4.4 30371.985090775925 20119.095349116655 107439.0087890625 2648.55810546875 33349.42789065879 289
170 7.4 31615.92565588049 19804.353952085363 107439.0087890625 2648.55810546875 32956.0120252088 333
180 9.7 28232.72467733167 16546.7841196731 120051.99291992188 2648.55810546875 32712.3599580582 407
190 11.3 29662.83250008642 17028.74024867998 120051.99291992188 2648.55810546875 31850.207929823133 504
200 13.5 33645.283226634834 22993.09868901259 120051.99291992188 2648.55810546875 31449.60270525223 617
210 11.7 36938.688622629525 19156.917215549038 120051.99291992188 2648.55810546875 31843.774075447243 752
220 21.2 43541.39221306567 20743.580318547964 120051.99291992188 2648.55810546875 32529.740706080534 869
230 16.5 50081.69264470882 20208.67522188823 120051.99291992188 2648.55810546875 34689.28753261231 1081
240 17.1 56645.82544088085 17266.87591944195 162456.61303710938 2648.55810546875 36727.60763172621 1246
250 16.1 64517.17373714092 14251.295319571569 162456.61303710938 2648.55810546875 39131.28811539978 1417
260 10.2 75379.34733072917 13691.887196239579 162456.61303710938 2648.55810546875 41721.35629353687 1578
270 7.1 79730.22203730191 14064.012831808006 162456.61303710938 2648.55810546875 43764.87717793784 1680
280 5.9 85957.78921974312 12963.933407228218 162456.61303710938 2648.55810546875 45223.20926532496 1751
290 3.2 92612.18347930908 8725.989540735127 162456.61303710938 2648.55810546875 46551.021540082234 1810
300 1.8 104778.73109266494 8798.34725630786 162456.61303710938 2648.55810546875 47351.2154499928 1842
310 1.4 120976.2130998884 10195.841232970099 162456.61303710938 2648.55810546875 47906.96560137349 1860
320 0.4 116272.07995605469 4730.387641661247 162456.61303710938 2648.55810546875 48452.84044928129 1874
330 0.3 129891.7510579427 4405.552840155844 162456.61303710938 2648.55810546875 48597.29037368336 1878
340 0.3 146555.15494791666 9614.107391529076 162456.61303710938 2648.55810546875 48726.946610819345 1881
350 0 0 0 162456.61303710938 2648.55810546875 48882.72401263001 1884
360 0.1 160076.5439453125 0.0 162456.61303710938 2648.55810546875 48882.72401263001 1884
361 0 0 0 162456.61303710938 2648.55810546875 48941.71277652003 1885
