0 2.80390625 2.80390625
10 11.98046875 14.784375
20 30.33515625 45.11953125
30 56.76015625 101.8796875
40 125.92578125 227.80546875
50 167.11875 394.92421875
60 280.67265625 675.596875
70 257.77421875 933.37109375
80 305.01640625 1238.3875
90 276.2390625 1514.6265625
100 368.38671875 1883.01328125
110 502.10078125 2385.1140625
120 618.95390625 3004.06796875
130 656.70390625 3660.771875
140 752.4875 4413.259375
150 823.7640625 5237.0234375
160 847.36640625 6084.38984375
170 997.35 7081.73984375
180 1216.99375 8298.73359375
190 1678.7765625 9977.51015625
200 1671.21953125 11648.7296875
210 1879.80234375 13528.53203125
220 2411.34140625 15939.8734375
230 1876.3953125 17816.26875
240 1980.18125 19796.45
250 1718.47421875 21514.92421875
260 1140.94453125 22655.86875
270 789.1921875 23445.0609375
280 543.2640625 23988.325
290 359.678125 24348.003125
300 134.06796875 24482.07109375
310 90.7984375 24572.86953125
320 55.35703125 24628.2265625
330 27.0078125 24655.234375
340 21.028125 24676.2625
350 0 24676.2625
360 2.640625 24678.903125
361 0 24678.903125
