30 0.1 10.829833984375 0 10.829833984375 10.829833984375 0 0
40 0.1 10.838134765625 0.0 10.838134765625 10.829833984375 10.829833984375 1
50 0 0 0 10.838134765625 10.829833984375 10.833984375 2
60 0.1 7.81396484375 0.0 10.838134765625 7.81396484375 10.833984375 2
70 0.1 9.578125 0.0 10.838134765625 7.81396484375 9.827311197916666 3
80 0.1 8.27490234375 0.0 10.838134765625 7.81396484375 9.7650146484375 4
90 0 0 0 10.838134765625 7.81396484375 9.4669921875 5
100 0.3 68.0703125 83.77535657941512 186.5439453125 7.81396484375 9.4669921875 5
110 0.1 39.840087890625 0.0 186.5439453125 7.81396484375 31.4432373046875 8
120 0.1 11.9169921875 0.0 186.5439453125 7.81396484375 32.376220703125 9
130 0.2 19.842529296875 6.386474609375 186.5439453125 7.81396484375 30.3302978515625 10
140 1.1 45.19890802556818 44.27257432786809 186.5439453125 7.81396484375 28.58233642578125 12
150 0.3 156.625732421875 102.32112547612718 238.2900390625 7.81396484375 36.52939240828805 23
160 0.4 147.2464599609375 123.50488127556933 353.491943359375 7.81396484375 50.38666240985577 26
170 1.7 802.8259995404412 498.24739293035503 1450.777099609375 0.68896484375 63.30130208333333 30
180 1.2 720.7078043619791 534.7319175489584 1450.777099609375 0.68896484375 330.78895861037233 47
190 1.7 517.8603515625 489.8969739525837 1450.777099609375 0.68896484375 410.0944865598517 59
200 2 505.42799072265626 472.24306317510616 1450.777099609375 0.678955078125 434.2000089946546 76
210 2.6 381.9284855769231 414.3179709874506 1450.777099609375 0.670166015625 449.03917185465497 96
220 2.4 446.5653076171875 386.77183469165965 1450.777099609375 0.670166015625 434.7368944512039 122
230 1.9 481.7831388774671 294.2938997115783 1450.777099609375 0.670166015625 436.6812911360231 146
240 1 458.300634765625 110.07047307961436 1450.777099609375 0.670166015625 441.8748372395833 165
250 0.2 107.3785400390625 102.2135009765625 1450.777099609375 0.670166015625 442.81345424107144 175
260 0.1 11.7001953125 0.0 1450.777099609375 0.670166015625 439.0232292218397 177
270 0.1 11.1650390625 0.0 1450.777099609375 0.670166015625 436.62253802010184 178
280 0 0 0 1450.777099609375 0.670166015625 434.24568048402585 179
290 0 0 0 1450.777099609375 0.670166015625 434.24568048402585 179
300 0 0 0 1450.777099609375 0.670166015625 434.24568048402585 179
310 0 0 0 1450.777099609375 0.670166015625 434.24568048402585 179
320 0 0 0 1450.777099609375 0.670166015625 434.24568048402585 179
330 0 0 0 1450.777099609375 0.670166015625 434.24568048402585 179
340 0 0 0 1450.777099609375 0.670166015625 434.24568048402585 179
350 0 0 0 1450.777099609375 0.670166015625 434.24568048402585 179
360 0 0 0 1450.777099609375 0.670166015625 434.24568048402585 179
361 0 0 0 1450.777099609375 0.670166015625 434.24568048402585 179
