40 0.2 37.70458984375 2.66650390625 40.37109375 35.0380859375 0 0
50 0 0 0 40.37109375 35.0380859375 37.70458984375 2
60 0 0 0 40.37109375 35.0380859375 37.70458984375 2
70 0.2 39.864990234375 7.427978515625 47.29296875 32.43701171875 37.70458984375 2
80 0 0 0 47.29296875 32.43701171875 38.7847900390625 4
90 0.1 58.571044921875 0.0 58.571044921875 32.43701171875 38.7847900390625 4
100 0.1 37.569091796875 0.0 58.571044921875 32.43701171875 42.742041015625 5
110 0.2 33.7235107421875 0.3275146484375 58.571044921875 32.43701171875 41.8798828125 6
120 0.1 39.0390625 0.0 58.571044921875 32.43701171875 39.840789794921875 8
130 0.2 88.9691162109375 46.2760009765625 135.2451171875 32.43701171875 39.751708984375 9
140 0.7 121.96030970982143 95.47453847499828 280.6669921875 32.43701171875 48.70032848011363 11
150 0.5 180.909619140625 62.1415352442515 289.571044921875 32.43701171875 77.19032118055556 18
160 0.3 234.93473307291666 52.92149981106148 289.571044921875 32.43701171875 99.73799465013587 23
170 0.6 1017.4166666666666 494.97413327951637 1411.241943359375 0.778076171875 115.33761831430289 26
180 1.2 556.5345865885416 566.5541821851679 1411.241943359375 0.778076171875 284.4774398803711 32
190 1.6 376.30079650878906 489.39462588167686 1411.241943359375 0.733154296875 358.674843528054 44
200 2 362.96715087890624 508.05903518274926 1411.241943359375 0.708984375 363.37509765625 60
210 1.8 606.8278266059028 380.08829144656534 1411.241943359375 0.708984375 363.2731109619141 80
220 2.6 606.0054649939905 416.32193271236054 1411.241943359375 0.708984375 408.00765056999364 98
230 1.8 515.8576388888889 328.0218069752877 1411.241943359375 0.708984375 449.5233213363155 124
240 2.2 498.25808993252855 130.52383776057718 1411.241943359375 0.708984375 457.93189680072624 142
250 0.4 279.0224609375 143.56161436898446 1411.241943359375 0.708984375 463.3415080745046 164
260 0.6 20.4666748046875 22.54495702925471 1411.241943359375 0.708984375 458.9529593331473 168
270 0.2 23.510986328125 19.886962890625 1411.241943359375 0.708984375 443.8327426252694 174
280 0.3 24.319010416666668 24.696575825855348 1411.241943359375 0.708984375 439.0563590309837 176
290 0 0 0 1411.241943359375 0.708984375 432.1054537469448 179
300 0 0 0 1411.241943359375 0.708984375 432.1054537469448 179
310 0 0 0 1411.241943359375 0.708984375 432.1054537469448 179
320 0 0 0 1411.241943359375 0.708984375 432.1054537469448 179
330 0 0 0 1411.241943359375 0.708984375 432.1054537469448 179
340 0 0 0 1411.241943359375 0.708984375 432.1054537469448 179
350 0 0 0 1411.241943359375 0.708984375 432.1054537469448 179
360 0 0 0 1411.241943359375 0.708984375 432.1054537469448 179
361 0 0 0 1411.241943359375 0.708984375 432.1054537469448 179
