20 0.2 16.0340576171875 5.2769775390625 21.31103515625 10.757080078125 0 0
30 0.1 24.866943359375 0.0 24.866943359375 10.757080078125 16.0340576171875 2
40 0.7 12.392892020089286 1.0406002684418463 24.866943359375 10.757080078125 18.978352864583332 3
50 0.5 12.00693359375 1.2093547553208794 24.866943359375 10.757080078125 14.3685302734375 10
60 0.6 14.7373046875 4.7624782095349705 24.866943359375 10.468017578125 13.581331380208333 15
70 0.6 16.2069091796875 7.009049558730619 31.09912109375 10.468017578125 13.911609468005953 21
80 1.2 14.667948404947916 6.057321645251683 33.22705078125 10.406982421875 14.421676070601851 27
90 1 12.139208984375 1.2968850781152554 33.22705078125 10.406982421875 14.497452173477564 39
100 0.7 13.279541015625 2.273937262173749 33.22705078125 10.39208984375 14.01617805325255 49
110 1.6 20.207611083984375 10.999395593609428 46.949951171875 10.39208984375 13.924098423549108 56
120 1.3 21.992037259615383 10.762237384462441 47.89404296875 10.381103515625 15.3204345703125 72
130 1.8 20.6973876953125 12.217568897967043 64.69091796875 10.381103515625 16.34079733455882 85
140 1.6 56.459625244140625 61.33712364904456 261.241943359375 10.381103515625 17.10214322284587 103
150 2 125.160888671875 87.7108574161587 301.18603515625 10.381103515625 22.39390551142332 119
160 2.2 242.82719282670453 181.0257571576683 631.487060546875 10.381103515625 37.1805217935027 139
170 2.8 848.0320957728794 479.6488081073402 1339.123046875 0.7548828125 65.2813091396545 161
180 3.1 689.9330345892137 573.6913782789098 1715.259033203125 0.7548828125 181.244388640873 189
190 7.2 428.65809122721356 486.236479528511 1715.259033203125 0.718994140625 252.9232432972301 220
200 7.8 560.750751201923 478.6053449244542 1715.259033203125 0.697998046875 296.2551236087329 292
210 10.9 504.9341111489392 406.8183390375465 1715.259033203125 0.697998046875 352.01366131756754 370
220 8.3 398.7437229386295 464.1561407910362 2438.12890625 0.697998046875 386.8118430119716 479
230 6.2 528.2535321635584 279.90452826628655 2438.12890625 0.697998046875 388.5740245669762 562
240 5.8 480.2046656115302 114.4325785852252 2438.12890625 0.697998046875 402.4524371807392 624
250 3.7 190.22305875211146 132.80540060548165 2438.12890625 0.697998046875 409.0647967833578 682
260 1.9 17.92197779605263 11.818375401652423 2438.12890625 0.697998046875 397.80312180817543 719
270 0.8 13.924285888671875 7.020015078358333 2438.12890625 0.697998046875 388.0229839542048 738
280 0.6 9.686686197916666 2.9342236227148355 2438.12890625 0.697998046875 384.0112016693197 746
290 0.2 10.9864501953125 0.1314697265625 2438.12890625 0.697998046875 381.0245698969415 752
300 0.1 12.087890625 0.0 2438.12890625 0.697998046875 380.0430364229319 754
310 0 0 0 2438.12890625 0.697998046875 379.55567861392797 755
320 0 0 0 2438.12890625 0.697998046875 379.55567861392797 755
330 0 0 0 2438.12890625 0.697998046875 379.55567861392797 755
340 0 0 0 2438.12890625 0.697998046875 379.55567861392797 755
350 0 0 0 2438.12890625 0.697998046875 379.55567861392797 755
360 0 0 0 2438.12890625 0.697998046875 379.55567861392797 755
361 0 0 0 2438.12890625 0.697998046875 379.55567861392797 755
