0 1.3 13
10 5.2 65
20 5.7 122
30 2.8 150
40 5.3 203
50 9.8 301
60 13.1 432
70 18.4 616
80 19.3 809
90 24 1049
100 23.1 1280
110 21.2 1492
120 23 1722
130 27.2 1994
140 23.8 2232
150 24.1 2473
160 24.7 2720
170 27.4 2994
180 32.4 3318
190 31.4 3632
200 23.6 3868
210 22.1 4089
220 20.5 4294
230 25.9 4553
240 21.9 4772
250 23.9 5011
260 25.7 5268
270 23.6 5504
280 23.5 5739
290 25.5 5994
300 23.5 6229
310 23.4 6463
320 25.3 6716
330 22.2 6938
340 28.6 7224
350 23.8 7462
360 22.6 7688
370 20.8 7896
380 23.2 8128
390 23.5 8363
400 27 8633
410 23.1 8864
420 10.1 8965
430 8.9 9054
440 3.6 9090
450 1.5 9105
460 1.1 9116
470 0.7 9123
474 0 9123
