0 0.9 13.188042534722221 34.90952731063487 111.927001953125 0.760986328125 0 0
10 2 2.14307861328125 2.8895309145622 111.927001953125 0.60302734375 13.188042534722221 9
20 0.1 3.233154296875 0.0 111.927001953125 0.60302734375 5.570826037176724 29
30 0.5 1.666259765625 1.858916352709434 111.927001953125 0.60107421875 5.492903645833334 30
40 1.7 1.6577866498161764 2.245887102561173 111.927001953125 0.587890625 4.946240234375 35
50 1.9 0.8297054893092105 0.5712448198721137 111.927001953125 0.587890625 3.8711688701923075 52
60 2.2 2.0830078124999996 2.865290184349761 111.927001953125 0.56201171875 3.057256134463028 71
70 1.9 2.4402883429276314 2.5859568619160664 111.927001953125 0.56201171875 2.826788789482527 93
80 2.3 1.3807213824728262 1.5634955159303718 111.927001953125 0.56201171875 2.7612217494419644 112
90 2.5 3.418994140625 3.038088510745806 111.927001953125 0.51806640625 2.526025390625 135
100 4.2 2.2614106677827377 2.9125755146583376 111.927001953125 0.51806640625 2.6655517578125 160
110 4.8 3.2619781494140625 3.530026094841181 111.927001953125 0.51806640625 2.581522422261757 202
120 6.3 2.8100043402777777 2.9422111957587918 111.927001953125 0.51806640625 2.712169921875 250
130 8.6 2.979208303052327 3.324834399465241 111.927001953125 0.51416015625 2.731861833566294 313
140 10.3 2.8083187955097086 3.316413130848684 111.927001953125 0.47900390625 2.78517460643797 399
150 12.7 3.1566171721210634 3.3065514317070823 111.927001953125 0.47900390625 2.789923314554283 502
160 17 2.7146010454963228 3.1312351863691466 111.927001953125 0.47900390625 2.8639616609946343 629
170 23.5 2.7031499335106384 3.21355640396527 111.927001953125 0.47900390625 2.8321828066332917 799
180 35.7 2.7145373774509793 3.059920627527525 111.927001953125 0.47802734375 2.8028571536508706 1034
190 40.3 2.9264324936026664 3.250597967172925 111.927001953125 0.47802734375 2.7801898926132274 1391
200 26.4 67.41669163559422 287.8945613250288 3011.501953125 0.47802734375 2.8130414913862167 1794
210 28.3 1043.3664499019983 1957.1749733078875 7031.753173828125 0.470947265625 11.100390197931851 2058
220 20.2 1579.3546831489798 3332.5164281261386 15043.455810546875 0.469970703125 135.88949523691127 2341
230 26.6 5248.349113751178 6743.999805731164 31077.85791015625 0.469970703125 250.54933320711885 2543
240 26.3 12036.005429576104 11474.477416231382 31084.7548828125 0.469970703125 723.8190881464993 2809
250 29.8 13362.917396084576 12258.241804248108 31088.916015625 0.469970703125 1692.2777495384216 3072
260 35.9 17986.02296690024 16155.098349414437 63160.27783203125 0.469970703125 2724.280899292354 3370
270 34.6 27432.94572104745 27632.246529325046 63169.65087890625 0.469970703125 4193.566338356777 3729
280 39.9 32466.275953555763 31106.088385784955 63173.2490234375 0.469970703125 6166.774992690758 4075
290 32.7 28937.35667601417 30892.010091981814 63173.2490234375 0.447998046875 8512.215511999015 4474
300 34.3 26907.071202225303 30974.10672456657 63173.2490234375 0.447998046875 9903.388426107109 4801
310 20.2 1565.266918220142 9805.133086545411 63173.2490234375 0.447998046875 11037.187646987462 5144
320 8.3 2.0876553087349397 3.025199502934754 63173.2490234375 0.447998046875 10679.28865948073 5346
330 9.7 652.7310828769326 6376.498753364101 63173.2490234375 0.447998046875 10516.052762750895 5429
340 24.3 2.6366323463220165 3.490924477305475 63173.2490234375 0.447998046875 10342.918089759984 5526
350 16.3 2.287003031537577 2.5209133812033797 63173.2490234375 0.447998046875 9907.368012770641 5769
360 4.5 2.246175130208334 2.3759894903113232 63173.2490234375 0.447998046875 9635.195355220494 5932
370 2.1 2.286783854166667 3.2896559447807383 63173.2490234375 0.447998046875 9562.670223364368 5977
380 0.9 1.9765896267361112 2.722146302416648 63173.2490234375 0.447998046875 9529.197723826237 5998
390 0.2 5.35546875 4.66845703125 63173.2490234375 0.447998046875 9514.92354533318 6007
400 0 0 0 63173.2490234375 0.447998046875 9511.758436970196 6009
410 0.1 5.9619140625 0.0 63173.2490234375 0.447998046875 9511.758436970196 6009
420 0.6 2.0668131510416665 3.154525476654964 63173.2490234375 0.447998046875 9510.176773655236 6010
430 0.1 2.342041015625 0.0 63173.2490234375 0.447998046875 9500.693951221223 6016
440 0 0 0 63173.2490234375 0.447998046875 9499.11536522983 6017
450 0.1 0.8271484375 0.0 63173.2490234375 0.447998046875 9499.11536522983 6017
460 0 0 0 63173.2490234375 0.447998046875 9497.53705213299 6018
470 0 0 0 63173.2490234375 0.447998046875 9497.53705213299 6018
474 0.1 0.781005859375 0.0 63173.2490234375 0.447998046875 9497.53705213299 6018
