0 0.1 2.5326525960434005 0 2.5326525960434005 2.5326525960434005 0 0
10 0.1 2.1632251720747298 0.0 2.5326525960434005 2.1632251720747298 2.5326525960434005 1
20 0.1 1.9723865877712032 0.0 2.5326525960434005 1.9723865877712032 2.347938884059065 2
30 0.1 1.582591493570722 0.0 2.5326525960434005 1.582591493570722 2.2227547852964444 3
40 0.1 1.673228346456693 0.0 2.5326525960434005 1.582591493570722 2.062713962365014 4
50 0.1 1.678183613030602 0.0 2.5326525960434005 1.582591493570722 1.9848168391833496 5
60 0.1 2.366863905325444 0.0 2.5326525960434005 1.582591493570722 1.9337113014912248 6
70 0.1 2.8543307086614176 0.0 2.8543307086614176 1.582591493570722 1.9955902448961134 7
80 0.1 3.2480314960629917 0.0 3.2480314960629917 1.582591493570722 2.102932802866776 8
90 0.1 3.165182987141444 0.0 3.2480314960629917 1.582591493570722 2.230165990999689 9
100 0.1 3.557312252964427 0.0 3.557312252964427 1.582591493570722 2.3236676906138642 10
110 0.1 4.3264503441494595 0.0 4.3264503441494595 1.582591493570722 2.435817196282097 11
120 0.1 4.240631163708087 0.0 4.3264503441494595 1.582591493570722 2.5933699586043772 12
130 0.1 5.288932419196866 0.0 5.288932419196866 1.582591493570722 2.7200823589969705 13
140 0.1 5.434782608695652 0.0 5.434782608695652 1.582591493570722 2.9035716490112486 14
150 0.1 6.489675516224189 0.0 6.489675516224189 1.582591493570722 3.0723190463235426 15
160 0.1 9.746588693957115 0.0 9.746588693957115 1.582591493570722 3.285903825692333 16
170 0.1 10.850439882697946 0.0 10.850439882697946 1.582591493570722 3.6659441120608496 17
180 0.1 12.950340798442065 0.0 12.950340798442065 1.582591493570722 4.0650827659851325 18
190 0.1 17.43388834476004 0.0 17.43388834476004 1.582591493570722 4.532727925588129 19
200 0.1 20.25072324011572 0.0 20.25072324011572 1.582591493570722 5.177785946546725 20
210 0.1 20.540019286403087 0.0 20.540019286403087 1.582591493570722 5.895544865288105 21
220 0.1 25.337186897880535 0.0 25.337186897880535 1.582591493570722 6.5612027935206045 22
230 0.1 23.069403714565002 0.0 25.337186897880535 1.582591493570722 7.377549928492776 23
240 0.1 23.4375 0.0 25.337186897880535 1.582591493570722 8.031377169579118 24
250 0.1 16.245136186770427 0.0 25.337186897880535 1.582591493570722 8.647622082795953 25
260 0.1 16.972034715525556 0.0 25.337186897880535 1.582591493570722 8.939834163718048 26
270 0.1 16.409266409266408 0.0 25.337186897880535 1.582591493570722 9.237323073044253 27
280 0.1 16.58583899127061 0.0 25.337186897880535 1.582591493570722 9.493463906480759 28
290 0.1 17.068466730954675 0.0 25.337186897880535 1.582591493570722 9.738028564576963 29
300 0.1 16.40625 0.0 25.337186897880535 1.582591493570722 9.98237650345622 30
310 0.1 16.34050880626223 0.0 25.337186897880535 1.582591493570722 10.18959822915118 31
320 0.1 13.482056256062075 0.0 25.337186897880535 1.582591493570722 10.3818141846859 32
330 0.1 11.370262390670554 0.0 25.337186897880535 1.582591493570722 10.475760914121542 33
340 0.1 9.448818897637794 0.0 25.337186897880535 1.582591493570722 10.502069781078868 34
350 0.1 11.414634146341465 0.0 25.337186897880535 1.582591493570722 10.471976898694837 35
360 0.1 8.635917566241414 0.0 25.337186897880535 1.582591493570722 10.498161822240577 36
370 0.1 7.352941176470589 0.0 25.337186897880535 1.582591493570722 10.447830896402762 37
380 0.1 6.182531894013739 0.0 25.337186897880535 1.582591493570722 10.366386430088758 38
390 0.1 5.604719764011799 0.0 25.337186897880535 1.582591493570722 10.259108108650937 39
400 0.1 5.7673509286412505 0.0 25.337186897880535 1.582591493570722 10.142748400034957 40
410 0.1 5.413385826771654 0.0 25.337186897880535 1.582591493570722 10.03603138853755 41
420 0.1 3.23846908734053 0.0 25.337186897880535 1.582591493570722 9.925968398971696 42
430 0.1 2.366863905325444 0.0 25.337186897880535 1.582591493570722 9.77044515916632 43
440 0.1 1.6748768472906401 0.0 25.337186897880535 1.582591493570722 9.602181948851754 44
450 0.1 1.4807502467917077 0.0 25.337186897880535 1.4807502467917077 9.426019613261508 45
460 0.1 1.3779527559055118 0.0 25.337186897880535 1.3779527559055118 9.253296366164339 46
470 0.1 1.2807881773399015 0.0 25.337186897880535 1.2807881773399015 9.085735863818407 47
