0 0 0
10 0.2 2
20 0.5 7
30 0.4 11
40 0.4 15
50 0.8 23
60 0.6 29
70 0.7 36
80 1.2 48
90 1.8 66
100 2 86
110 1.1 97
120 0.9 106
130 1.4 120
140 2.7 147
150 4.3 190
160 6.3 253
170 8.6 339
180 9.7 436
190 11.7 553
200 12.9 682
210 16.5 847
220 13.5 982
230 16 1142
240 14.5 1287
250 19.1 1478
260 21.9 1697
270 16.9 1866
280 20.7 2073
290 19.3 2266
300 20.7 2473
310 19.8 2671
320 14.6 2817
330 14 2957
340 11.1 3068
350 11.3 3181
360 9.9 3280
370 9.7 3377
380 8.1 3458
390 5.9 3517
400 6.3 3580
410 6.3 3643
420 2.6 3669
430 2.3 3692
440 0.8 3700
450 0.6 3706
460 0.5 3711
470 0.3 3714
474 0.1 3715
