0 0.1 0.1015625 0 0.1015625 0.1015625 0 0
10 0.1 0.08984375 0.0 0.1015625 0.08984375 0.1015625 1
20 0.1 0.0703125 0.0 0.1015625 0.0703125 0.095703125 2
30 0.1 0.05859375 0.0 0.1015625 0.05859375 0.08723958333333333 3
40 0.1 0.05078125 0.0 0.1015625 0.05078125 0.080078125 4
50 0.1 0.0390625 0.0 0.1015625 0.0390625 0.07421875 5
60 0.1 0.12109375 0.0 0.12109375 0.0390625 0.068359375 6
70 0.1 0.1015625 0.0 0.12109375 0.0390625 0.07589285714285714 7
80 0.1 0.078125 0.0 0.12109375 0.0390625 0.0791015625 8
90 0.1 0.0703125 0.0 0.12109375 0.0390625 0.07899305555555555 9
100 0.1 0.05859375 0.0 0.12109375 0.0390625 0.078125 10
110 0.1 0.05078125 0.0 0.12109375 0.0390625 0.07634943181818182 11
120 0.1 0.0390625 0.0 0.12109375 0.0390625 0.07421875 12
130 0.1 0.0390625 0.0 0.12109375 0.0390625 0.07151442307692307 13
140 0.1 0.03125 0.0 0.12109375 0.03125 0.06919642857142858 14
150 0.1 0.03125 0.0 0.12109375 0.03125 0.06666666666666667 15
160 0.1 0.01953125 0.0 0.12109375 0.01953125 0.064453125 16
170 0.1 0.01953125 0.0 0.12109375 0.01953125 0.061810661764705885 17
180 0.1 0.01953125 0.0 0.12109375 0.01953125 0.05946180555555555 18
190 0.1 0.01171875 0.0 0.12109375 0.01171875 0.05736019736842105 19
200 0.1 0.01171875 0.0 0.12109375 0.01171875 0.055078125 20
210 0.1 0.01171875 0.0 0.12109375 0.01171875 0.053013392857142856 21
220 0.1 0.01171875 0.0 0.12109375 0.01171875 0.05113636363636364 22
230 0.1 0.08984375 0.0 0.12109375 0.01171875 0.04942255434782609 23
240 0.1 0.0703125 0.0 0.12109375 0.01171875 0.051106770833333336 24
250 0.1 0.05859375 0.0 0.12109375 0.01171875 0.051875 25
260 0.1 0.05078125 0.0 0.12109375 0.01171875 0.052133413461538464 26
270 0.1 0.12109375 0.0 0.12109375 0.01171875 0.052083333333333336 27
280 0.1 0.1015625 0.0 0.12109375 0.01171875 0.05454799107142857 28
290 0.1 0.08984375 0.0 0.12109375 0.01171875 0.056169181034482756 29
300 0.1 0.0703125 0.0 0.12109375 0.01171875 0.057291666666666664 30
310 0.1 0.140625 0.0 0.140625 0.01171875 0.057711693548387094 31
320 0.1 0.12109375 0.0 0.140625 0.01171875 0.060302734375 32
330 0.1 0.1796875 0.0 0.1796875 0.01171875 0.06214488636363636 33
340 0.1 0.1484375 0.0 0.1796875 0.01171875 0.06560202205882353 34
350 0.1 0.12890625 0.0 0.1796875 0.01171875 0.06796875 35
360 0.1 0.109375 0.0 0.1796875 0.01171875 0.06966145833333333 36
370 0.1 0.08984375 0.0 0.1796875 0.01171875 0.0707347972972973 37
380 0.1 0.078125 0.0 0.1796875 0.01171875 0.07123766447368421 38
390 0.1 0.0703125 0.0 0.1796875 0.01171875 0.07141426282051282 39
400 0.1 0.05859375 0.0 0.1796875 0.01171875 0.07138671875 40
410 0.1 0.05078125 0.0 0.1796875 0.01171875 0.07107469512195122 41
420 0.1 0.0390625 0.0 0.1796875 0.01171875 0.07059151785714286 42
430 0.1 0.03125 0.0 0.1796875 0.01171875 0.06985828488372094 43
440 0.1 0.03125 0.0 0.1796875 0.01171875 0.06898082386363637 44
450 0.1 0.01953125 0.0 0.1796875 0.01171875 0.0681423611111111 45
460 0.1 0.01953125 0.0 0.1796875 0.01171875 0.06708559782608695 46
470 0.1 0.01953125 0.0 0.1796875 0.01171875 0.06607380319148935 47
