0 1.3 30.704852764423073 53.87774041595531 181.066162109375 6.912841796875 0 0
10 5.2 96.8461444561298 139.92514910845176 601.836181640625 6.258056640625 30.704852764423073 13
20 5.5 515.5371937144888 1000.1228675858855 4562.672119140625 6.258056640625 83.61788611778846 65
30 2.8 66.1091831752232 83.69569067856433 4562.672119140625 6.258056640625 281.5809020996095 120
40 5.3 82.45694833431604 110.48827465385975 4562.672119140625 6.258056640625 240.815982303104 148
50 9.5 77.0036595394737 112.80112190763663 4562.672119140625 6.258056640625 199.05962011232904 201
60 12.8 105.84453773498534 200.39423091096668 4562.672119140625 5.952880859375 159.8862543879329 296
70 18 107.88083902994796 146.7036313224165 4562.672119140625 5.952880859375 143.57177388892987 424
80 18.6 340.3919415217574 411.61564957131566 4562.672119140625 5.952880859375 132.93540257333925 604
90 23.5 385.912920752992 423.9656302412066 4562.672119140625 5.952880859375 181.77960035106807 790
100 22.5 423.5886035156249 453.260971607964 4562.672119140625 5.952880859375 228.58089819931405 1025
110 20.6 1427.5424259519111 745.7359391157096 4562.672119140625 5.952880859375 263.68228515625 1250
120 22.6 2042.815014864491 826.4124434548199 4928.113037109375 5.952880859375 428.3493105710207 1456
130 33.6 2853.628898983911 1835.9819023719915 7493.54296875 0.637939453125 645.2751424202029 1682
140 48.8 2087.5903610479613 2296.0088035677163 8021.054931640625 0.60107421875 1012.9693258718412 2018
150 65.6 1688.683498847776 2251.8373933796133 8493.51513671875 0.552978515625 1222.233118835108 2506
160 86 1135.5431226153682 1686.9009180340693 8493.51513671875 0.552978515625 1319.0046081735995 3162
170 115.9 1022.8611509703271 1603.2907977662132 8493.51513671875 0.552978515625 1279.7761453242513 4022
180 142.6 803.2242720979798 1241.1793999210586 8493.51513671875 0.552978515625 1222.3037503317407 5181
190 195.9 556.9157409512189 979.3908103377952 8493.51513671875 0.552978515625 1131.8531167671363 6607
200 175.5 981.0325835225249 1438.7286572751736 8493.51513671875 0.534912109375 1000.3679055573089 8566
210 192.3 1394.5955585196061 2251.576989321422 12474.55810546875 0.534912109375 997.0800952510357 10321
220 172.2 1333.619011607596 2283.1357814495714 21514.56005859375 0.4951171875 1059.5124895556307 12244
230 185 1775.4297536159213 3424.353154895539 24448.083984375 0.4951171875 1093.3096706363613 13966
240 179.5 2380.02187812826 5690.140975797425 37862.419189453125 0.4951171875 1173.0973637011175 15816
250 194.4 3378.9687326690296 7838.2410120800705 47036.01318359375 0.4951171875 1296.1130643085062 17611
260 205.9 4034.595387010913 9651.46795207486 60496.200927734375 0.4951171875 1503.173735200496 19555
270 201.8 5516.379811917356 14225.582430346207 68677.71704101563 0.4951171875 1744.322859891791 21614
280 210.9 7071.442992411613 18921.55473218573 69845.73608398438 0.4951171875 2066.428941864861 23632
290 200.3 7059.2943441283405 19114.84465300723 70444.98291015625 0.4951171875 2476.497495246746 25741
300 200.1 6903.338969919334 18775.940330004 90425.14282226563 0.4951171875 2807.35613453127 27744
310 189.8 834.7406210381818 3682.996671339217 90425.14282226563 0.4951171875 3082.90031518723 29745
320 139.1 876.7452772566952 3066.8001589552628 108858.41796875 0.4951171875 2948.05194115522 31643
330 113.9 934.9302156496923 2124.3238622779645 108858.41796875 0.4951171875 2860.8330887763723 33034
340 121.3 915.7919555563432 1043.7613350198767 108858.41796875 0.4951171875 2796.641962083039 34173
350 120.4 868.3054568268528 1120.8639520772517 108858.41796875 0.4951171875 2732.1681289875523 35386
360 83.2 1258.733896108773 1348.6828400077015 108858.41796875 0.4951171875 2670.8374195783836 36590
370 63.1 1576.343486900753 1430.9164509882532 108858.41796875 0.4951171875 2639.442247446303 37422
380 55.1 1881.9023973634569 1383.5487039166458 108858.41796875 0.4951171875 2621.81379981 38053
390 43.8 1662.7610236738367 693.5393385038254 108858.41796875 0.4951171875 2611.2529464593617 38604
400 50 973.1003037109384 498.36771446873814 108858.41796875 0.4951171875 2600.6121119175846 39042
410 39 235.97883425981564 215.77675214266839 108858.41796875 0.4951171875 2580.032578659193 39542
420 14.7 25.492958120748305 42.75723178269808 108858.41796875 0.4951171875 2557.1391357984357 39932
430 11.1 26.06738941089527 44.02592875178032 108858.41796875 0.4951171875 2547.853674880783 40079
440 4 11.900659179687501 4.887881950542051 108858.41796875 0.4951171875 2540.888801089114 40190
450 3.2 10.797073364257813 4.413689001045548 108858.41796875 0.4951171875 2538.374271492386 40230
460 1.1 13.011430220170455 4.309862914757399 108858.41796875 0.4951171875 2536.3653680514217 40262
470 0.7 13.983712332589286 4.43686604281933 108858.41796875 0.4951171875 2535.6761496342156 40273
474 1.7 9.913330078125 5.775562770010975 108858.41796875 0.4951171875 2535.2379210577233 40280
