0 1.4 28.502859933035715 51.008992607801176 174.800048828125 6.14306640625 0 0
10 5.7 88.34474369517544 125.97583597355391 601.836181640625 6.14306640625 28.502859933035715 14
20 7.2 393.78716362847223 869.6654700514349 4514.4130859375 4.7060546875 76.54493562940141 71
30 3.4 54.43604951746323 74.44864642194031 4514.4130859375 4.7060546875 236.27528818837413 143
40 6.7 65.21713940065298 91.80210899915801 4514.4130859375 4.7060546875 201.34571691825565 177
50 10.9 67.1068910371273 92.88943116118843 4514.4130859375 4.7060546875 163.96614850153688 244
60 16 84.6555221557617 174.7347513617111 4514.4130859375 4.7060546875 134.05776588504781 353
70 21.9 88.65147978203478 120.32253518829984 4514.4130859375 4.625 118.64965867903265 513
80 22.9 285.91963828807326 317.9748531837945 4514.4130859375 4.625 109.67479368116035 732
90 28.9 309.5820168887868 309.4704715213683 4514.4130859375 4.625 151.67278474774002 961
100 26.4 361.8198288426256 335.1387488625463 4514.4130859375 4.625 188.18139921875004 1250
110 25 1212.081510742187 431.43656899595436 4514.4130859375 4.625 218.45917030243774 1514
120 27.2 1825.619347965016 410.2884002008431 4514.4130859375 4.625 359.27866299514596 1764
130 38.7 2469.8641183936925 1332.523443401654 4614.0869140625 0.069091796875 555.1748645235373 2036
140 60.4 1713.9459281062436 1760.1367931292584 4908.291015625 0.06591796875 860.9877994173672 2423
150 78.9 1374.4267602879424 1669.0253967992746 5023.541015625 0.06591796875 1031.1849284983325 3027
160 105.1 958.8647347113615 1319.5541410472642 5023.541015625 0.06591796875 1102.1539550397376 3816
170 146.3 803.7188457872312 1213.2831323903808 5222.119140625 0.06396484375 1071.2114913937291 4867
180 173.5 636.9464759320986 934.1427488937377 5222.119140625 0.06396484375 1009.3881516587675 6330
190 240.7 458.7890183782001 810.6095933504405 5222.119140625 0.06396484375 929.2658568806187 8065
200 217.8 784.1327982640681 1236.5724054761101 6396.10595703125 0.06396484375 821.1262703379027 10472
210 234.2 1147.0728678454925 2039.7776495654732 12474.55810546875 0.06396484375 814.756959493886 12650
220 206.2 1124.8705436639948 2096.9224424417985 21514.56005859375 0.06396484375 866.6702370658885 14992
230 222.7 1467.450272819202 3127.302651341003 24448.083984375 0.06396484375 897.889249157204 17054
240 213.3 2013.3904007752087 5266.608267700579 37862.419189453125 0.06396484375 963.6748619208195 19281
250 237.3 2765.2788914143125 7170.766677042174 43040.51513671875 0.06396484375 1068.2346473124517 21414
260 252.1 3292.5021275388267 8849.678197399946 60482.593994140625 0.06396484375 1237.5324146329929 23787
270 248.2 4490.02434599428 12988.309690999833 68677.71704101563 0.053955078125 1434.4526915919257 26308
280 264.9 5623.872817019681 17115.124566150516 69845.73608398438 0.053955078125 1697.8750203945185 28790
290 245.8 5749.919100755989 17460.070035590485 70444.98291015625 0.053955078125 2028.6733334216522 31439
300 247.6 5583.033506427329 17087.3343805486 90425.14282226563 0.053955078125 2298.5149741600007 33897
310 243.1 650.6483765401645 3245.2499635033723 90425.14282226563 0.053955078125 2522.1002678089685 36373
320 172 709.7788797068033 2723.648323911778 108769.7470703125 0.053955078125 2404.8572117406648 38804
330 138.6 777.2796260949349 1882.8952908962033 108769.7470703125 0.053955078125 2332.9113344556426 40524
340 143.5 760.9822192467877 816.5492888338208 108769.7470703125 0.053955078125 2281.4652464626115 41910
350 149.5 704.1769782739331 884.0229073557958 108769.7470703125 0.053955078125 2231.127418707283 43345
360 101.8 1035.65670230768 1021.3537164008178 108769.7470703125 0.053955078125 2180.217719589356 44840
370 77.8 1295.997393845901 1055.379235172069 108769.7470703125 0.053955078125 2154.8096530449634 45858
380 66.3 1514.122973595989 919.4187579991099 108769.7470703125 0.053955078125 2140.482610896047 46636
390 53.4 1361.4217876762941 342.0031207178629 108769.7470703125 0.053955078125 2131.7027965335883 47299
400 62.8 760.7215836640374 290.2075237632283 108769.7470703125 0.053955078125 2123.1035019309124 47833
410 49.9 180.91161669041222 146.02084378083103 108769.7470703125 0.053955078125 2105.448566113005 48461
420 17.3 21.649826138005793 35.11946840183088 108769.7470703125 0.053955078125 2085.833698103163 48960
430 13 22.24135178786058 31.27076644012661 108769.7470703125 0.053955078125 2078.565592963034 49133
440 4 11.900659179687501 4.887881950542051 108769.7470703125 0.053955078125 2073.1391643786446 49263
450 4.1 8.405839129192072 4.6095433020138525 108769.7470703125 0.053955078125 2071.466861674794 49303
460 1.1 13.011430220170455 4.309862914757399 108769.7470703125 0.053955078125 2069.7526613277537 49344
470 0.7 13.983712332589286 4.43686604281933 108769.7470703125 0.053955078125 2069.2942649435536 49355
474 2.6 6.447012094350962 3.923924650526031 108769.7470703125 0.053955078125 2069.002802404186 49362
