0 18.54921875 18.54921875
10 94.93046875 113.4796875
20 161.7609375 275.240625
30 71.77578125 347.01640625
40 102.36640625 449.3828125
50 218.63125 668.0140625
60 295.73359375 963.74765625
70 390.9484375 1354.69609375
80 443.62109375 1798.3171875
90 565.64765625 2363.96484375
100 518.965625 2882.93046875
110 443.18515625 3326.115625
120 441.94375 3768.059375
130 600.2171875 4368.2765625
140 600.76171875 4969.03828125
150 673.8375 5642.87578125
160 774.20546875 6417.08125
170 980.75390625 7397.83515625
180 1097.403125 8495.23828125
190 1339.83203125 9835.0703125
200 1176.49609375 11011.56640625
210 1228.18125 12239.74765625
220 1124.6484375 13364.39609375
230 1249.3859375 14613.78203125
240 1188.8015625 15802.58359375
250 1254.45 17057.03359375
260 1364.7640625 18421.79765625
270 1319.11171875 19740.909375
280 1390.61875 21131.528125
290 1332.703125 22464.23125
300 1289.13046875 23753.36171875
310 1287.25 25040.61171875
320 1090.76953125 26131.38125
330 927.1265625 27058.5078125
340 1007.7703125 28066.278125
350 927.7515625 28994.0296875
360 753.7015625 29747.73125
370 643.48515625 30391.21640625
380 703.4640625 31094.68046875
390 618.55390625 31713.234375
400 747.36328125 32460.59765625
410 650.66171875 33111.259375
420 202.50390625 33313.76328125
430 192.234375 33505.99765625
440 52.725 33558.72265625
450 34.65078125 33593.3734375
460 16.4859375 33609.859375
470 10.6421875 33620.5015625
474 13.2890625 33633.790625
