0 0.1 6.2119140625 0 6.2119140625 6.2119140625 0 0
10 0.1 14.22314453125 0.0 14.22314453125 6.2119140625 6.2119140625 1
20 0.2 317.43408203125 50.06005859375 367.494140625 6.2119140625 10.217529296875 2
30 0 0 0 367.494140625 6.2119140625 163.8258056640625 4
40 0.7 19.193708147321427 16.13538590453314 367.494140625 6.153076171875 163.8258056640625 4
50 0.4 17.768798828125 17.93663320457429 367.494140625 5.89404296875 71.7871981534091 11
60 0.7 36.633614676339285 25.33530405395091 367.494140625 5.89404296875 57.38229166666667 15
70 1.3 39.56796499399039 36.44906936915643 367.494140625 5.89404296875 50.78043989701705 22
80 0.9 166.21500651041666 165.9837754988553 415.972900390625 5.89404296875 46.61580636160714 35
90 0.8 196.65847778320313 123.2762985937295 415.972900390625 5.89404296875 71.07927911931819 44
100 0.8 426.5885925292969 195.3841328030209 678.02880859375 5.89404296875 90.39915583683894 52
110 1.5 1072.631591796875 429.59389521025025 1576.054931640625 5.89404296875 135.2244140625 60
120 1.1 1761.7160866477273 300.4854037426522 2342.658935546875 5.89404296875 322.705849609375 75
130 1.4 2408.060721261161 1035.1894672449293 3681.134033203125 0.684814453125 506.7652985328852 86
140 2.1 1810.9222586495537 1732.0675130010054 3715.545166015625 0.593017578125 772.9466577148437 100
150 3 1353.2769205729167 1669.1065391539053 3802.02099609375 0.593017578125 953.0911834969008 121
160 4 810.3676330566409 1241.961973673078 3802.02099609375 0.593017578125 1032.5982835782286 151
170 6.4 1087.0519180297852 1279.3387480482425 3802.02099609375 0.576904296875 986.0578332072155 191
180 6.9 852.0034038156703 976.8038381747257 3802.02099609375 0.56982421875 1011.4053682215075 255
190 8.3 642.1600738893075 921.6735135782785 3802.02099609375 0.56982421875 977.4586535795236 324
200 11.3 561.4446989076328 881.4911532614667 3802.02099609375 0.56396484375 909.080810546875 407
210 8 617.0138763427734 906.5494852614314 3802.02099609375 0.56396484375 833.536809363732 520
220 6.4 498.6335754394531 831.0243255321573 3802.02099609375 0.56396484375 804.6670849609375 600
230 7.1 649.885126678037 856.5414695872244 3802.02099609375 0.554931640625 775.169879223927 664
240 5.5 602.2655672940341 1129.5830088694534 7061.965087890625 0.554931640625 763.0675425834396 735
250 7.9 632.9902900019779 950.3090785869878 7061.965087890625 0.554931640625 751.8724683544303 790
260 7.4 663.6824753220018 848.4010126137531 7061.965087890625 0.554931640625 741.0649975951166 869
270 8.6 1066.3819580078127 3604.240482565846 33102.135009765625 0.554931640625 734.992562125116 943
280 7.1 625.7258197623239 852.1543368284 33102.135009765625 0.554931640625 762.6888576021927 1029
290 7.5 536.9973763020835 845.9118586751455 33102.135009765625 0.554931640625 753.8485160688921 1100
300 7.8 603.2239645933493 955.8113689732857 33102.135009765625 0.554931640625 740.0069539561171 1175
310 6 461.60646972656264 731.6349337434474 33102.135009765625 0.554931640625 731.4921309949871 1253
320 3.9 761.4579702524037 829.5743319564959 33102.135009765625 0.554931640625 719.1591990253713 1313
330 1.7 1286.4679888556984 608.3427933703239 33102.135009765625 0.554931640625 720.3793558876895 1352
340 2.1 1188.7799711681548 670.4231116681233 33102.135009765625 0.554931640625 727.4089444636253 1369
350 2.4 729.9726969401041 949.8043123217426 33102.135009765625 0.554931640625 734.3792981044851 1390
360 3.7 1067.882132865287 1003.4746868660142 33102.135009765625 0.554931640625 734.3045043082013 1414
370 2 1326.1348510742187 905.8724431667572 33102.135009765625 0.554931640625 742.8106188889127 1451
380 1.5 1693.485693359375 854.4636804647862 33102.135009765625 0.554931640625 750.7416077697462 1471
390 0.6 1347.9123128255208 276.9910531198052 33102.135009765625 0.554931640625 760.25786704555 1486
400 0.4 776.3087158203125 163.6039865864868 33102.135009765625 0.554931640625 762.6210886773729 1492
410 0 0 0 33102.135009765625 0.554931640625 762.6576866109102 1496
420 0.1 5.699951171875 0.0 33102.135009765625 0.554931640625 762.6576866109102 1496
430 0 0 0 33102.135009765625 0.554931640625 762.1520368210378 1497
440 0 0 0 33102.135009765625 0.554931640625 762.1520368210378 1497
450 0 0 0 33102.135009765625 0.554931640625 762.1520368210378 1497
460 0 0 0 33102.135009765625 0.554931640625 762.1520368210378 1497
470 0 0 0 33102.135009765625 0.554931640625 762.1520368210378 1497
474 0 0 0 33102.135009765625 0.554931640625 762.1520368210378 1497
