20 0.1 116.218017578125 0 116.218017578125 116.218017578125 0 0
30 0 0 0 116.218017578125 116.218017578125 116.218017578125 1
40 0 0 0 116.218017578125 116.218017578125 116.218017578125 1
50 0.3 206.46728515625 59.38046552331753 290.120849609375 116.218017578125 116.218017578125 1
60 0.1 115.052001953125 0.0 290.120849609375 115.052001953125 183.90496826171875 4
70 0.2 303.91943359375 165.37451171875 469.2939453125 115.052001953125 170.134375 5
80 0.4 583.8621826171875 213.4767279712772 888.48486328125 115.052001953125 208.35867745535714 7
90 0.3 891.7096354166666 146.55530572751766 1017.130859375 115.052001953125 344.9054066051136 11
100 0.4 730.480712890625 218.1094217919341 1082.60595703125 115.052001953125 462.07774135044644 14
110 0.2 1604.388916015625 110.81005859375 1715.198974609375 115.052001953125 521.7228461371528 18
120 0.1 1867.720947265625 0.0 1867.720947265625 115.052001953125 629.989453125 20
130 0.4 3544.0700073242188 269.7253278071412 3820.7490234375 115.052001953125 688.9290480840774 21
140 0.4 2978.1105346679688 1765.0985332044543 4624.610107421875 0.635009765625 1145.7516015625 25
150 0.7 1955.3181849888392 1750.4641984745379 4624.610107421875 0.625 1398.4907647494613 29
160 1.4 1728.5976736886162 1515.4098416339173 4624.610107421875 0.608154296875 1506.7627631293403 36
170 1.6 661.6527099609375 1176.867558009903 4624.610107421875 0.608154296875 1568.8765380859375 50
180 1.7 830.5794175091912 996.5466237873846 4624.610107421875 0.608154296875 1348.9434888435133 66
190 2.3 443.46514096467394 795.3069154323133 4624.610107421875 0.608154296875 1242.7725344738328 83
200 2.5 402.6312499999999 708.8347390078428 4624.610107421875 0.595947265625 1069.337911353921 106
210 4.1 412.1084996665396 846.0388121603733 4624.610107421875 0.595947265625 942.1038156756919 131
220 2.7 566.4613353587965 881.0700469816445 4624.610107421875 0.595947265625 815.7677229060683 172
230 3.1 660.4583779611894 889.5617793553021 4624.610107421875 0.595947265625 781.942233138348 199
240 2.7 653.8780381944446 873.7050202974517 4624.610107421875 0.595947265625 765.5683222231658 230
250 3.6 401.4812418619792 749.301148419735 4624.610107421875 0.595947265625 753.8343235119771 257
260 2.6 383.7105243389423 700.5099446740116 4624.610107421875 0.595947265625 710.5417947085645 293
270 2.6 373.75716458834125 756.2704578274236 4624.610107421875 0.595947265625 683.9035093492848 319
280 3 2510.69013671875 11821.867284440897 66062.2548828125 0.595947265625 660.5301616281703 345
290 3.5 536.7439592633928 858.3929835743237 66062.2548828125 0.595947265625 808.5429596354167 375
300 3.4 585.9865794462316 786.8023909041582 66062.2548828125 0.595947265625 785.340605945122 410
310 2.2 474.9881702769886 696.062665007075 66062.2548828125 0.595947265625 770.0747570690808 444
320 2.4 698.3834228515625 772.6082658668898 66062.2548828125 0.595947265625 756.1436306540035 466
330 2 908.7981811523438 763.4358947954828 66062.2548828125 0.595947265625 753.314559251435 490
340 0.9 1126.7294921875 864.3756942316941 66062.2548828125 0.595947265625 759.4119561887255 510
350 0.5 1046.06298828125 859.4146539763735 66062.2548828125 0.595947265625 765.7816244430395 519
360 1 1096.5395751953124 1130.5273662200777 66062.2548828125 0.595947265625 768.4560649376789 524
370 0.7 554.7994559151786 873.5316870584603 66062.2548828125 0.595947265625 774.5999508975597 534
380 1.3 1488.2913536658655 1064.6873330365484 66062.2548828125 0.595947265625 771.7559518866971 541
390 0.7 1304.4586704799108 318.26020998921825 66062.2548828125 0.595947265625 788.5699595096739 554
400 0.7 1307.40869140625 310.0808541562018 66062.2548828125 0.595947265625 795.0070735503008 561
410 0.1 789.29296875 0.0 66062.2548828125 0.595947265625 801.3218822210607 568
420 0.2 64.8916015625 61.25341796875 66062.2548828125 0.595947265625 801.3007417755931 569
430 0.1 294.300048828125 0.0 66062.2548828125 0.595947265625 798.7213752599606 571
440 0 0 0 66062.2548828125 0.595947265625 797.8395197941707 572
450 0 0 0 66062.2548828125 0.595947265625 797.8395197941707 572
460 0 0 0 66062.2548828125 0.595947265625 797.8395197941707 572
470 0 0 0 66062.2548828125 0.595947265625 797.8395197941707 572
474 0 0 0 66062.2548828125 0.595947265625 797.8395197941707 572
