20 0.8 29.41748046875 7.640379084586738 41.64208984375 18.096923828125 0 0
30 0 0 0 41.64208984375 18.096923828125 29.41748046875 8
40 0 0 0 41.64208984375 18.096923828125 29.41748046875 8
50 0 0 0 41.64208984375 18.096923828125 29.41748046875 8
60 1.6 55.98616027832031 47.781143046593606 192.483154296875 18.096923828125 29.41748046875 8
70 1.6 63.92202758789062 64.40463211388062 249.43994140625 18.096923828125 47.12993367513021 24
80 1.1 223.2193048650568 174.04839090071397 576.181884765625 18.096923828125 53.846771240234375 40
90 2.9 236.37792126885773 183.34502236103387 652.05810546875 18.096923828125 90.37810202205883 51
100 1.3 258.54501577524036 186.78992297133203 674.570068359375 18.096923828125 143.30303649902345 80
110 0.6 1282.6839599609375 369.3770825311944 1664.779052734375 18.096923828125 159.4121303763441 93
120 0.6 1799.8380126953125 397.74967204943346 2376.10302734375 18.096923828125 227.48921095722852 99
130 1 1717.72646484375 1416.1006424512618 3160.029052734375 0.1298828125 317.3377139136905 105
140 3.7 1223.3581608952702 1666.733744227751 3953.994140625 0.119140625 439.11064877717394 115
150 4 1207.9875610351562 1576.8841916936074 3953.994140625 0.119140625 630.0130037006579 152
160 5.8 723.1483827788254 1174.2403468145528 3953.994140625 0.119140625 750.4243698120117 192
170 13.6 510.52962897805605 1044.3431872680017 3953.994140625 0.115966796875 744.0963408203125 250
180 12.2 512.2259061219263 879.3831094504305 3953.994140625 0.115966796875 661.8034060779631 386
190 16.8 186.32582019624257 546.1351221189694 3953.994140625 0.115966796875 625.8812505767103 508
200 12.4 604.785469301285 1083.4959119399903 5010.56884765625 0.115966796875 516.6426229081917 676
210 13.2 806.2799793590201 1546.3531527291937 8553.777099609375 0.115966796875 530.3047640991213 800
220 11.7 721.2114445612981 1427.3813688138957 8553.777099609375 0.115966796875 569.3913825694074 932
230 13.2 882.6410725911459 1668.7580371535996 8553.777099609375 0.115966796875 586.3246020670729 1049
240 11.9 674.4069701122639 1548.754364230209 8553.777099609375 0.115966796875 619.4438011434299 1181
250 15.6 1478.7884771885015 3046.206617915052 19624.526123046875 0.115966796875 624.4750450721154 1300
260 22.6 1951.7428767111455 4888.088423459289 60493.27197265625 0.080810546875 716.0086270845854 1456
270 22.8 2180.846759996917 6331.363017067898 67008.72900390625 0.044921875 882.0466416004015 1682
280 27.4 1826.1199514570026 6051.313923139924 67008.72900390625 0.044921875 1037.086655733598 1910
290 23 2459.3936597741167 7621.7503793146825 67008.72900390625 0.044921875 1136.077096680582 2184
300 25.4 2151.5606487604596 8196.42166018272 67008.72900390625 0.044921875 1262.1594535619047 2414
310 34.8 403.8580364358837 681.9601818039145 67008.72900390625 0.044921875 1346.8325808409274 2668
320 19.1 432.90606977053335 693.04492190757 67008.72900390625 0.044921875 1238.0278257172686 3016
330 15.8 865.17075318928 5139.707696122982 67008.72900390625 0.044921875 1190.0770133113358 3207
340 15.3 647.2623618132149 804.5422373189755 67008.72900390625 0.044921875 1174.8213850500329 3365
350 20.1 504.5010919523479 804.418629972177 67008.72900390625 0.044921875 1151.8775162168229 3518
360 8.4 1031.0826125372023 1000.7551602226006 67008.72900390625 0.044921875 1116.8889006542631 3719
370 6.6 1039.3269264914768 1052.8287887147512 67008.72900390625 0.044921875 1114.9936263440259 3803
380 6 1400.614619954427 832.4895077768687 67008.72900390625 0.044921875 1113.7028529684071 3869
390 6.1 1270.7970350922133 299.36234156244006 67008.72900390625 0.044921875 1118.0843001608637 3929
400 11.3 672.7161314297566 253.60023460000988 67008.72900390625 0.044921875 1120.4190061334982 3990
410 10.6 187.59049786261792 137.23659198325632 67008.72900390625 0.044921875 1108.0889001521375 4103
420 1.6 8.857101440429688 11.029026230398651 67008.72900390625 0.044921875 1084.9069494173575 4209
430 1.6 18.880844116210938 15.966654313753214 67008.72900390625 0.044921875 1080.8319677445456 4225
440 0 0 0 67008.72900390625 0.044921875 1076.825549923736 4241
450 0.8 4.5274658203125 2.6840475884140043 67008.72900390625 0.044921875 1076.825549923736 4241
460 0 0 0 67008.72900390625 0.044921875 1074.806631431661 4249
470 0 0 0 67008.72900390625 0.044921875 1074.806631431661 4249
474 0.8 10.170013427734375 4.059957238410032 67008.72900390625 0.044921875 1074.806631431661 4249
