20 0.2 304.9840087890625 293.5369873046875 598.52099609375 11.447021484375 0 0
30 0.1 11.699951171875 0.0 598.52099609375 11.447021484375 304.9840087890625 2
40 0 0 0 598.52099609375 11.447021484375 207.22265625 3
50 0.2 76.1434326171875 34.2535400390625 598.52099609375 11.447021484375 207.22265625 3
60 0.2 38.011962890625 10.593994140625 598.52099609375 11.447021484375 154.790966796875 5
70 0.2 16.7659912109375 5.1829833984375 598.52099609375 11.447021484375 121.425537109375 7
80 0.3 355.1013997395833 239.61795494940606 692.690185546875 11.447021484375 98.16786024305556 9
90 0.5 334.91796875 264.80375882456474 692.690185546875 11.177978515625 162.4012451171875 12
100 0.5 433.4310546875 177.95139412758556 710.862060546875 11.177978515625 213.14145795036765 17
110 0.4 1415.3310546875 255.7648643321191 1680.593017578125 11.177978515625 263.207275390625 22
120 0.4 1789.0340576171875 360.9865022347999 2384.10009765625 11.177978515625 440.4570875901442 26
130 0.5 2980.000244140625 370.3350858849288 3312.110107421875 11.177978515625 620.2673502604167 30
140 0.9 1154.8063422309028 1631.8288224294276 3590.55615234375 0.68603515625 957.3720493861607 35
150 1.3 1296.337139423077 1640.9780620116935 3707.151123046875 0.68603515625 997.7563365589489 44
160 1.8 911.5845540364584 1294.7665568106868 3707.151123046875 0.677978515625 1065.8537126507676 57
170 1.6 863.4597930908204 1317.9051359324187 3707.151123046875 0.677978515625 1028.8291145833334 75
180 2.4 758.3392435709635 879.7309156884183 3707.151123046875 0.677978515625 999.753189925309 91
190 3.7 425.27257970861484 807.7598573182346 3707.151123046875 0.677978515625 949.3711489470109 115
200 3 348.8400553385417 771.8358385698193 3707.151123046875 0.677978515625 821.794523540296 152
210 3.5 509.91997767857146 878.7214114251102 3707.151123046875 0.677978515625 743.8349958147321 182
220 3.1 529.5566012474798 817.4181792079469 3707.151123046875 0.64599609375 706.1067670830934 217
230 2.4 533.7897338867189 819.8198985274885 3707.151123046875 0.64599609375 684.0379963536417 248
240 2.5 411.30794921875 732.1545459182329 3707.151123046875 0.64599609375 670.7807967242072 272
250 3 438.5039469401042 763.4785734090815 3707.151123046875 0.64599609375 648.9396479442867 297
260 2.5 343.71943359375 676.1915545900665 3707.151123046875 0.64599609375 629.633620329224 327
270 2.7 398.98864293981484 744.3218759282256 3707.151123046875 0.64599609375 609.3272150213068 352
280 2.7 619.8818721064815 814.1669657162197 3707.151123046875 0.64599609375 594.3426729468997 379
290 1.9 396.16796875 661.0759769256366 3707.151123046875 0.64599609375 596.0410925954434 406
300 2.6 717.1210186298077 910.6161818419772 3707.151123046875 0.64599609375 587.1055882352941 425
310 3.1 428.6775611139113 655.8021115059083 3707.151123046875 0.64599609375 594.6009345551552 451
320 1.7 693.3708639705883 742.7653009507478 3707.151123046875 0.64599609375 583.9295142715897 482
330 0.6 469.95166015625 658.6133998096476 3707.151123046875 0.64599609375 587.6579770869864 499
340 0.5 1258.555419921875 629.0858016432489 3707.151123046875 0.64599609375 586.2594861927599 505
350 0.7 811.8262765066964 940.2338800096325 3707.151123046875 0.64599609375 592.8506227979473 510
360 0.7 1496.903564453125 965.2207293475344 3707.151123046875 0.64599609375 595.815476910058 517
370 1.2 1372.4496663411458 1023.4680553686832 3707.151123046875 0.64599609375 607.8529131940303 524
380 0.6 916.4068603515625 989.0211578394573 3707.151123046875 0.64599609375 624.9707509510553 536
390 0.4 1289.4299926757813 216.26618262007298 3707.151123046875 0.64599609375 628.1969809444188 542
400 0.1 1024.157958984375 0.0 3707.151123046875 0.64599609375 633.0411788325607 546
410 0 0 0 3707.151123046875 0.64599609375 633.7562003684872 547
420 0 0 0 3707.151123046875 0.64599609375 633.7562003684872 547
430 0 0 0 3707.151123046875 0.64599609375 633.7562003684872 547
440 0 0 0 3707.151123046875 0.64599609375 633.7562003684872 547
450 0 0 0 3707.151123046875 0.64599609375 633.7562003684872 547
460 0 0 0 3707.151123046875 0.64599609375 633.7562003684872 547
470 0 0 0 3707.151123046875 0.64599609375 633.7562003684872 547
474 0 0 0 3707.151123046875 0.64599609375 633.7562003684872 547
