0 0.1 174.951904296875 0 174.951904296875 174.951904296875 0 0
10 0.1 154.501953125 0.0 174.951904296875 154.501953125 174.951904296875 1
20 0.2 1131.6370849609375 69.2181396484375 1200.855224609375 154.501953125 164.7269287109375 2
30 0 0 0 1200.855224609375 154.501953125 648.1820068359375 4
40 0.7 220.80472237723214 69.09767464801706 1200.855224609375 151.695068359375 648.1820068359375 4
50 0.4 257.509033203125 88.7924646021991 1200.855224609375 151.695068359375 376.21464399857956 11
60 0.7 362.92574637276783 232.89743821215052 1200.855224609375 151.695068359375 344.559814453125 15
70 1.3 379.7265061598558 181.48141678140496 1200.855224609375 151.695068359375 350.40352006392044 22
80 0.9 692.4825846354166 341.98792035364676 1386.491943359375 151.695068359375 361.2949148995536 35
90 0.8 1105.2388305664063 359.6078479269239 1522.496826171875 151.695068359375 429.03784734552556 44
100 0.8 1217.8720397949219 347.6301457492596 1559.97314453125 151.695068359375 533.0687678410457 52
110 1.6 1724.5377960205078 262.91398703856015 2410.737060546875 151.695068359375 624.3758707682292 60
120 1.6 2571.5274353027344 366.7369635782725 3294.81298828125 151.695068359375 855.9889076634457 76
130 0.9 3408.6532118055557 1315.786732846006 4551.10400390625 8.139892578125 1154.343434209409 92
140 2.3 2653.551311990489 1968.512317993414 4672.10009765625 0.73388671875 1355.222523302135 101
150 3.1 1612.0643034904233 2039.7921914744572 5023.64306640625 0.73388671875 1596.0415728169103 124
160 4.4 1282.995394620028 1572.726735548148 5023.64306640625 0.68408203125 1599.246118951613 155
170 6.2 960.0678986580141 1426.3876490845028 5222.18994140625 0.68408203125 1529.3213356823178 199
180 6.5 746.0024151141827 1089.195769288481 5222.18994140625 0.66796875 1394.0963812934028 261
190 8.8 417.28528941761357 810.9246759590908 5222.18994140625 0.66796875 1264.8751917177915 326
200 10.9 530.1385374856651 916.5674838600083 5222.18994140625 0.660888671875 1084.711154513889 414
210 7.9 561.4355994115901 1395.0110325786015 7547.461181640625 0.660888671875 969.1310106208174 523
220 6.6 669.2810724431818 1088.3977612085641 7547.461181640625 0.660888671875 915.6294533358856 602
230 7.1 585.4045066296214 1195.1495554247251 7547.461181640625 0.660888671875 891.2896432476844 668
240 5.6 668.198691231864 992.916306903333 7547.461181640625 0.660888671875 861.9014907444604 739
250 8.3 1082.1542321630277 3094.8169710839293 19668.9990234375 0.660888671875 848.2570168165291 795
260 7.1 724.570429412412 964.1057494120209 19668.9990234375 0.660888671875 870.3680292012208 878
270 8.3 706.7691459196161 1203.9936026694495 19668.9990234375 0.652099609375 859.4600949704459 949
280 7.1 886.9004112566021 2399.9001820356866 19668.9990234375 0.652099609375 847.1797182541485 1032
290 8 3157.347271728516 12709.990991172677 67218.73095703125 0.652099609375 849.7365353014505 1103
300 7.4 661.0075353673984 1069.3277436091487 67218.73095703125 0.652099609375 1005.7879798611845 1183
310 5.8 515.3374275996767 806.561112666444 67218.73095703125 0.652099609375 985.4906426356156 1257
320 3.8 823.2759752775494 1062.2273135707942 67218.73095703125 0.652099609375 964.7538468393536 1315
330 2 1586.7053466796874 786.8780117214101 67218.73095703125 0.652099609375 960.7803367733162 1353
340 1.7 1320.7701775045955 1054.1999246593787 67218.73095703125 0.652099609375 969.8979625549094 1373
350 2.8 1042.1566685267858 1105.3318196524908 67218.73095703125 0.652099609375 974.1892054715603 1390
360 3.7 1218.329180743243 1218.158359852752 67218.73095703125 0.652099609375 975.5312992413391 1418
370 1.9 1281.1676860608552 1169.9170255307251 67218.73095703125 0.652099609375 981.705540901525 1455
380 1.2 2098.8988240559897 1160.6176442063952 67218.73095703125 0.652099609375 985.5656363954375 1474
390 0.6 1799.6118570963542 547.0381330016121 67218.73095703125 0.652099609375 994.5562139539346 1486
400 0.4 1520.1517333984375 506.5260264020215 67218.73095703125 0.652099609375 997.7937031354725 1492
410 0 0 0 67218.73095703125 0.652099609375 999.1903823607746 1496
420 0.1 5.52392578125 0.0 67218.73095703125 0.652099609375 999.1903823607746 1496
430 0 0 0 67218.73095703125 0.652099609375 998.5266105126921 1497
440 0 0 0 67218.73095703125 0.652099609375 998.5266105126921 1497
450 0 0 0 67218.73095703125 0.652099609375 998.5266105126921 1497
460 0 0 0 67218.73095703125 0.652099609375 998.5266105126921 1497
470 0 0 0 67218.73095703125 0.652099609375 998.5266105126921 1497
474 0 0 0 67218.73095703125 0.652099609375 998.5266105126921 1497
