0 10 10
10 27 28
20 23 28
30 24 28
40 38 39
50 48 50
60 66 66
70 76 77
80 87 89
90 97 97
100 116 118
110 153 153
120 207 207
130 277 278
140 329 331
150 411 411
160 492 492
170 569 569
180 755 755
190 962 962
200 1128 1128
210 1512 1512
220 1976 1976
230 2393 2393
240 2428 2549
250 2237 2549
260 2018 2549
270 1849 2549
280 1642 2549
290 1449 2549
300 1242 2549
310 1044 2549
320 898 2549
330 758 2549
340 647 2549
350 534 2549
360 435 2549
370 338 2549
380 257 2549
390 198 2549
400 135 2549
410 72 2549
420 46 2549
430 23 2549
440 15 2549
450 9 2549
460 4 2549
470 1 2549
474 0 2549
