0 0.4 28.63824462890625 46.799632375986725 109.675048828125 0.720947265625 0 0
10 0.8 0.694854736328125 0.06565912784141185 109.675048828125 0.60205078125 28.63824462890625 4
20 1.8 1.1993950737847223 1.8412877302971233 109.675048828125 0.59814453125 10.009318033854166 12
30 1.4 0.7205810546875 0.23594908509913595 109.675048828125 0.5478515625 4.7233642578125 30
40 1.9 1.4755216899671053 2.063440853336383 109.675048828125 0.5478515625 3.4497514204545454 44
50 1.2 2.5229288736979165 2.6675079630270155 109.675048828125 0.531982421875 2.8543488033234126 63
60 1.1 2.0356889204545454 2.263776911099247 109.675048828125 0.531982421875 2.8013216145833333 75
70 2.2 1.5803777521306819 2.241440659119697 109.675048828125 0.52099609375 2.703391851380814 86
80 1.9 0.9058773643092105 0.7615267837049495 109.675048828125 0.5009765625 2.4746297200520835 108
90 3.2 1.2200469970703127 1.846030155291529 109.675048828125 0.48388671875 2.2399344857283463 127
100 3.9 2.2105055588942304 3.086141160950403 109.675048828125 0.48388671875 2.034674110652516 159
110 3.6 2.3753797743055554 2.7659445441203085 109.675048828125 0.450927734375 2.0693075777304295 198
120 5.6 3.0439976283482144 3.488284688386849 109.675048828125 0.450927734375 2.116395607972757 234
130 7.5 3.501126302083333 3.3882458762793797 109.675048828125 0.450927734375 2.2955187567349142 290
140 8.3 2.758994964231927 3.198577276357782 109.675048828125 0.450927734375 2.5432463345462333 365
150 13.2 2.863893451112689 3.13237748181018 109.675048828125 0.450927734375 2.5832176208496094 448
160 17.2 3.19805908203125 3.2961978551345035 109.675048828125 0.444091796875 2.647095568426724 580
170 18.8 2.731272595994017 3.2352583836250637 109.675048828125 0.444091796875 2.7731138188788234 752
180 32.2 3.093570306434394 3.6961215117365036 109.675048828125 0.444091796875 2.7647455743018616 940
190 43.7 2.5931052899742575 3.2580674213571035 109.675048828125 0.444091796875 2.848645387096375 1262
200 38.4 3.027348200480143 3.5020380894290892 109.675048828125 0.444091796875 2.782917887130297 1699
210 21.7 2.6977291546658986 3.347407497847226 109.675048828125 0.444091796875 2.827978492183749 2083
220 10.6 1.4753394936615567 2.332605815660916 109.675048828125 0.444091796875 2.815689750339674 2300
230 8.5 1.6633473115808821 3.121488500855635 109.675048828125 0.433837890625 2.7566385752740543 2406
240 2.9 1.6890069369612069 3.8081546121188 109.675048828125 0.433837890625 2.71933236996939 2491
250 0.1 0.537109375 0.0 109.675048828125 0.433837890625 2.7074754503038196 2520
260 0.2 2.125 1.487060546875 109.675048828125 0.433837890625 2.706614535557567 2521
270 0.1 5.444091796875 0.0 109.675048828125 0.433837890625 2.706153485588833 2523
280 0.1 0.73583984375 0.0 109.675048828125 0.433837890625 2.7072382472018623 2524
290 0.2 0.675048828125 0.094970703125 109.675048828125 0.433837890625 2.706457495358911 2525
300 0.3 0.7664388020833334 0.06113771764910236 109.675048828125 0.433837890625 2.704849732266522 2527
308 0.1 0.734130859375 0.0 109.675048828125 0.433837890625 2.702551221282115 2530
