0 0.1 14.874980660978018 0 14.874980660978018 14.874980660978018 0 0
10 0.1 2.75049115913556 0.0 14.874980660978018 2.75049115913556 14.874980660978018 1
20 0.1 1.4822134387351777 0.0 14.874980660978018 1.4822134387351777 8.812735910056789 2
30 0.1 1.3820335636722607 0.0 14.874980660978018 1.3820335636722607 6.369228419616252 3
40 0.1 2.0771513353115725 0.0 14.874980660978018 1.3820335636722607 5.122429705630253 4
50 0.1 1.9801980198019802 0.0 14.874980660978018 1.3820335636722607 4.513374031566517 5
60 0.1 2.171767028627838 0.0 14.874980660978018 1.3820335636722607 4.091178029605761 6
70 0.1 2.272727272727273 0.0 14.874980660978018 1.3820335636722607 3.816976458037486 7
80 0.1 2.4703557312252964 0.0 14.874980660978018 1.3820335636722607 3.6239453098737093 8
90 0.1 2.1739130434782608 0.0 14.874980660978018 1.3820335636722607 3.4957686900238856 9
100 0.1 3.0632411067193677 0.0 14.874980660978018 1.3820335636722607 3.363583125369323 10
110 0.1 3.3630069238377844 0.0 14.874980660978018 1.3820335636722607 3.3362793054920545 11
120 0.1 4.137931034482759 0.0 14.874980660978018 1.3820335636722607 3.3385066070208658 12
130 0.1 4.733727810650888 0.0 14.874980660978018 1.3820335636722607 3.4000007937487036 13
140 0.1 6.568627450980393 0.0 14.874980660978018 1.3820335636722607 3.4952670092417173 14
150 0.1 5.824284304047384 0.0 14.874980660978018 1.3820335636722607 3.7001577053576287 15
160 0.1 7.874015748031496 0.0 14.874980660978018 1.3820335636722607 3.8329156177757384 16
170 0.1 9.43952802359882 0.0 14.874980660978018 1.3820335636722607 4.0706273901437235 17
180 0.1 10.157790927021697 0.0 14.874980660978018 1.3820335636722607 4.368899647557896 18
190 0.1 17.63005780346821 0.0 17.63005780346821 1.3820335636722607 4.673578135950727 19
200 0.1 20.46783625730994 0.0 20.46783625730994 1.3820335636722607 5.321402119326601 20
210 0.1 21.07795957651588 0.0 21.07795957651588 1.3820335636722607 6.042660887801998 21
220 0.1 17.251461988304094 0.0 21.07795957651588 1.3820335636722607 6.726083555470811 22
230 0.1 13.482056256062075 0.0 21.07795957651588 1.3820335636722607 7.183708704724432 23
240 0.1 10.721247563352826 0.0 21.07795957651588 1.3820335636722607 7.446139852696834 24
250 0.1 9.362934362934363 0.0 21.07795957651588 1.3820335636722607 7.577144161123073 25
260 0.1 9.029779058597502 0.0 21.07795957651588 1.3820335636722607 7.645828399654277 26
270 0.1 6.9364161849710975 0.0 21.07795957651588 1.3820335636722607 7.697085831466989 27
280 0.1 1.582591493570722 0.0 21.07795957651588 1.3820335636722607 7.66991905837785 28
290 0.1 1.671583087512291 0.0 21.07795957651588 1.3820335636722607 7.4600112113155355 29
300 0.1 1.5794669299111548 0.0 21.07795957651588 1.3820335636722607 7.267063607188761 30
308 0.1 1.282051282051282 0.0 21.07795957651588 1.282051282051282 7.083592746631418 31
