0 0.7 86.11418805803571 113.011703284289 347.744873046875 6.778076171875 0 0
10 2.5 62.630986328125 197.34921739152358 1006.366943359375 5.717041015625 86.11418805803571 7
20 3.6 41.736328125 150.10798114131984 1006.366943359375 5.6689453125 67.76793670654297 32
30 10.1 53.91236801902848 127.79075818378669 1113.30810546875 5.18505859375 53.98649686925552 68
40 11.8 46.547137761520126 120.54098074121914 1113.30810546875 5.18505859375 53.94219501201923 169
50 12.3 32.11181640624998 67.19125344286832 1113.30810546875 5.1650390625 50.901718511814025 287
60 11.5 47.126929772418464 128.5290854156795 1113.30810546875 5.029052734375 45.26474788014481 410
70 14.8 27.834848764780418 47.00309405844845 1113.30810546875 5.029052734375 45.67265438988094 525
80 15.8 22.10357897794698 28.84203449784034 1113.30810546875 5.029052734375 41.74992744706537 673
90 16.5 23.86500059185606 51.37386357447157 1113.30810546875 5.029052734375 38.01452063825586 831
100 24.7 52.41448060317564 124.1619223241879 1611.140869140625 5.029052734375 35.67047364261734 996
110 25.2 129.28734867156504 285.610985937323 3344.239013671875 5.029052734375 38.997722008874696 1243
120 35.5 180.1856080820864 231.12581865164927 3344.239013671875 5.029052734375 54.21711058345528 1495
130 42.4 299.5994112986438 272.32664625806484 3344.239013671875 5.029052734375 78.38944388724666 1850
140 42 384.1739984421503 345.1592534595826 3344.239013671875 5.029052734375 119.63527774055903 2274
150 44.6 1556.327813529113 991.8646277541031 5035.9609375 0.5810546875 160.8773945537247 2694
160 74.6 1428.880315131222 1405.270428950797 6278.566162109375 0.543212890625 359.0846833636047 3140
170 93.4 1193.4259352102004 1355.3880083350953 6278.566162109375 0.494140625 564.4546116442641 3886
180 139.3 755.2930833716574 992.1283624820142 6278.566162109375 0.494140625 686.3341170821448 4820
190 195.8 544.8690451133975 901.5036477105847 6278.566162109375 0.494140625 701.7952212252786 6213
200 197.6 559.0730771207622 871.8619499948423 6278.566162109375 0.494140625 664.1913229475815 8171
210 198.4 703.5102540293047 920.6495320490202 6278.566162109375 0.490966796875 643.7208731837306 10147
220 169.8 619.0131101215119 789.5787393328957 6278.566162109375 0.490966796875 653.4993029584912 12131
230 131.5 805.8444012892103 808.4606686681881 6278.566162109375 0.490966796875 649.2649002224156 13829
240 98.5 1052.0975930460806 709.294832443188 6278.566162109375 0.490966796875 662.861178874214 15144
250 77.4 1150.5152546885117 493.36220963825855 6278.566162109375 0.490966796875 686.6318942291206 16129
260 69.9 730.5761540621644 399.4238326604546 6278.566162109375 0.490966796875 707.8734324765068 16903
270 21.9 56.19813739654683 88.62004592648381 6278.566162109375 0.490966796875 708.7749892534853 17602
280 7 16.54593680245536 9.50254888710968 6278.566162109375 0.490966796875 700.7555554082089 17821
290 9.5 15.999414062500005 8.419290970575313 6278.566162109375 0.490966796875 698.0785293446908 17891
300 3.9 9.243358122996796 5.043238671169887 6278.566162109375 0.490966796875 694.4758652753142 17986
308 1.9 9.792480468749998 4.597809121242488 6278.566162109375 0.490966796875 692.9932540254423 18025
