10 0.1 63 0 63 63 0 0
20 0.1 432.0 0.0 432 63 63.0 1
30 0.1 205.0 0.0 432 63 247.5 2
40 0.1 578.0 0.0 578 63 233.33333333333334 3
50 0.1 601.0 0.0 601 63 319.5 4
60 0.1 591.0 0.0 601 63 375.8 5
70 0.1 629.0 0.0 629 63 411.6666666666667 6
80 0.1 913.0 0.0 913 63 442.7142857142857 7
90 0.1 753.0 0.0 913 63 501.5 8
100 0.1 1038.0 0.0 1038 63 529.4444444444445 9
110 0.1 1512.0 0.0 1512 63 580.3 10
120 0.1 1655.0 0.0 1655 63 665.0 11
130 0.1 2456.0 0.0 2456 63 747.5 12
140 0.1 2935.0 0.0 2935 63 878.9230769230769 13
150 0.1 2346.0 0.0 2935 63 1025.7857142857142 14
160 0.1 2798.0 0.0 2935 63 1113.8 15
170 0.1 3424.0 0.0 3424 63 1219.0625 16
180 0.1 3770.0 0.0 3770 63 1348.764705882353 17
190 0.1 5691.0 0.0 5691 63 1483.2777777777778 18
200 0.1 6570.0 0.0 6570 63 1704.7368421052631 19
210 0.1 6432.0 0.0 6570 63 1948.0 20
220 0.1 6803.0 0.0 6803 63 2161.5238095238096 21
230 0.1 5569.0 0.0 6803 63 2372.5 22
240 0.1 5069.0 0.0 6803 63 2511.478260869565 23
250 0.1 4404.0 0.0 6803 63 2618.0416666666665 24
260 0.1 4316.0 0.0 6803 63 2689.48 25
270 0.1 3265.0 0.0 6803 63 2752.0384615384614 26
280 0.1 456.0 0.0 6803 63 2771.037037037037 27
290 0.1 468.0 0.0 6803 63 2688.3571428571427 28
300 0.1 554.0 0.0 6803 63 2611.793103448276 29
308 0.1 162.0 0.0 6803 63 2543.2 30
