0 8.575 8.575
10 42.0328125 50.6078125
20 46.84140625 97.44921875
30 196.20859375 293.6578125
40 227.1796875 520.8375
50 207.86328125 728.70078125
60 246.7625 975.46328125
70 314.5640625 1290.02734375
80 356.44140625 1646.46875
90 276.29609375 1922.76484375
100 576.4578125 2499.22265625
110 556.88359375 3056.10625
120 858.35625 3914.4625
130 854.7734375 4769.2359375
140 864.2859375 5633.521875
150 725.94609375 6359.46796875
160 894.56796875 7254.0359375
170 1019.32734375 8273.36328125
180 1252.52890625 9525.8921875
190 1436.35078125 10962.24296875
200 1452.328125 12414.57109375
210 1431.54140625 13846.1125
220 1279.98203125 15126.09453125
230 1114.16328125 16240.2578125
240 1007.45546875 17247.71328125
250 963.7390625 18211.45234375
260 1028.059375 19239.51171875
270 269.10625 19508.61796875
280 154.403125 19663.02109375
290 202.146875 19865.16796875
300 33.1609375 19898.32890625
308 14.6859375 19913.01484375
