10 0.1 1006.472900390625 0 1006.472900390625 1006.472900390625 0 0
20 0 0 0 1006.472900390625 1006.472900390625 1006.472900390625 1
30 0.3 174.88704427083334 117.03303905342499 1006.472900390625 27.044921875 1006.472900390625 1
40 0.1 40.217041015625 0.0 1006.472900390625 27.044921875 382.78350830078125 4
50 0.2 55.52099609375 20.18701171875 1006.472900390625 27.044921875 314.27021484375 5
60 0.3 60.773111979166664 14.673163595184077 1006.472900390625 27.044921875 240.34186662946428 7
70 0.3 56.734293619791664 32.46386367109372 1006.472900390625 26.837158203125 186.471240234375 10
80 0.7 52.76890345982143 37.013809015059635 1006.472900390625 26.755859375 156.53194486177884 13
90 0 0 0 1006.472900390625 26.755859375 120.21488037109376 20
100 0.9 76.59518771701389 47.28594826905167 1006.472900390625 26.755859375 120.21488037109376 20
110 0.6 201.60750325520834 91.03540497421476 1006.472900390625 26.755859375 106.677734375 29
120 0.8 257.9039001464844 101.63923989054699 1006.472900390625 26.755859375 122.95140904017858 35
130 0.6 384.8486735026042 169.10347695265506 1006.472900390625 26.755859375 148.0588492460029 43
140 1.5 491.9386881510417 145.935139424427 1006.472900390625 26.755859375 177.0535216039541 49
150 1.4 1401.3207310267858 710.8889628514158 2312.345947265625 0.64404296875 250.85473251342773 64
160 2.7 1222.3619972511574 1180.584577738 2631.385009765625 0.64404296875 457.348629682492 78
170 2.4 1417.0572204589844 1020.4100156484677 2631.385009765625 0.64111328125 654.0663527715774 105
180 4.2 817.2072986421131 953.9446869528193 2631.385009765625 0.60791015625 796.0181421087693 129
190 5.9 808.4402476165254 986.7458646026629 2827.774169921875 0.60791015625 801.2224963450292 171
200 6.1 607.0456863153177 838.1964566731338 2827.774169921875 0.60791015625 803.0740064538044 230
210 4.2 842.663097563244 882.7035941327504 2827.774169921875 0.60791015625 761.9821592770081 291
220 1.2 1156.7864990234375 662.8160130778153 2827.774169921875 0.60791015625 772.1581334752722 333
230 0.2 1357.7550048828125 65.2159423828125 2827.774169921875 0.60791015625 785.5365114073822 345
240 0 0 0 2827.774169921875 0.60791015625 788.8346007069524 347
250 0 0 0 2827.774169921875 0.60791015625 788.8346007069524 347
260 0 0 0 2827.774169921875 0.60791015625 788.8346007069524 347
270 0 0 0 2827.774169921875 0.60791015625 788.8346007069524 347
280 0 0 0 2827.774169921875 0.60791015625 788.8346007069524 347
290 0 0 0 2827.774169921875 0.60791015625 788.8346007069524 347
300 0 0 0 2827.774169921875 0.60791015625 788.8346007069524 347
308 0 0 0 2827.774169921875 0.60791015625 788.8346007069524 347
