10 0.1 44.072998046875 0 44.072998046875 44.072998046875 0 0
20 0 0 0 44.072998046875 44.072998046875 44.072998046875 1
30 0 0 0 44.072998046875 44.072998046875 44.072998046875 1
40 0 0 0 44.072998046875 44.072998046875 44.072998046875 1
50 0.3 8.573567708333334 0.6512514615586554 44.072998046875 7.699951171875 44.072998046875 1
60 0.1 8.004150390625 0.0 44.072998046875 7.699951171875 17.44842529296875 4
70 0 0 0 44.072998046875 7.699951171875 15.5595703125 5
80 0 0 0 44.072998046875 7.699951171875 15.5595703125 5
90 0.1 170.61181640625 0.0 170.61181640625 7.699951171875 15.5595703125 5
100 0 0 0 170.61181640625 7.699951171875 41.401611328125 6
110 0.4 226.2315673828125 192.40521170078256 536.112060546875 7.699951171875 41.401611328125 6
120 0.2 359.08154296875 4.408447265625 536.112060546875 7.699951171875 115.33359375 10
130 0 0 0 536.112060546875 7.699951171875 155.958251953125 12
140 0.4 313.8399658203125 193.99169777961262 564.406005859375 7.699951171875 155.958251953125 12
150 0.3 1800.2354329427083 630.0608481693482 2566.43408203125 7.699951171875 195.42868041992188 16
160 0.6 1178.0598958333333 1180.7865580950245 2566.43408203125 0.744140625 448.8192202919408 19
170 0.9 1342.334255642361 980.3048618987555 2566.43408203125 0.744140625 623.836982421875 25
180 1.4 487.5936628069197 774.1884352411822 2566.43408203125 0.656982421875 814.027437097886 34
190 2.7 585.2009186921297 822.3235886251956 2566.43408203125 0.651123046875 718.8175862630209 48
200 2.4 381.1638692220052 661.3550509660179 2566.43408203125 0.6279296875 670.7155859375 75
210 3.6 546.9228786892361 718.2395341089937 2566.43408203125 0.6279296875 600.5212303701073 99
220 3.1 787.4418630292339 636.1675000756845 2566.43408203125 0.6279296875 586.2283365885417 135
230 1.6 589.9739990234375 590.4782786799008 2566.43408203125 0.575927734375 623.8043565865023 166
240 0.4 768.5560913085938 443.6598431917164 2566.43408203125 0.575927734375 620.8302592183209 182
250 0.4 951.2034912109375 158.1854799129682 2566.43408203125 0.575927734375 624.0071588331655 186
260 0.2 534.2640380859375 222.7860107421875 2566.43408203125 0.575927734375 630.8955026726975 190
270 0 0 0 2566.43408203125 0.575927734375 629.8889249165854 192
280 0 0 0 2566.43408203125 0.575927734375 629.8889249165854 192
290 0 0 0 2566.43408203125 0.575927734375 629.8889249165854 192
300 0.1 3.64013671875 0.0 2566.43408203125 0.575927734375 629.8889249165854 192
308 0 0 0 2566.43408203125 0.575927734375 626.6441125425034 193
