0 0.1 12.58984375 0 12.58984375 12.58984375 0 0
10 0.2 6.03955078125 0.242431640625 12.58984375 5.797119140625 12.58984375 1
20 0.1 7.27197265625 0.0 12.58984375 5.797119140625 8.222981770833334 3
30 0.9 17.05715603298611 24.96097769774819 84.91796875 5.234130859375 7.9852294921875 4
40 0.6 6.836100260416667 1.3535696254060303 84.91796875 5.234130859375 14.265794020432692 13
50 1.1 11.046564275568182 7.726264661106689 84.91796875 5.234130859375 11.919574938322368 19
60 0.4 25.85357666015625 27.923222347264932 84.91796875 5.234130859375 11.599471028645834 30
70 0.6 7.7933349609375 4.823229402827808 84.91796875 5.234130859375 13.276424632352942 34
80 0.7 16.109200613839285 10.97988734870002 84.91796875 5.234130859375 12.453961181640626 40
90 1 6.26845703125 1.1559966876946088 84.91796875 5.234130859375 12.99835854388298 47
100 0.7 21.04833984375 17.036993575638526 84.91796875 5.234130859375 11.817674067982455 57
110 1.4 42.24461146763393 32.387746215376 129.12109375 5.234130859375 12.827278137207031 64
120 1.3 166.26949368990384 79.40667055992583 307.7451171875 5.234130859375 18.10731232471955 78
130 2.1 269.7817964099702 158.6528426747892 556.1220703125 5.234130859375 39.27333823403159 91
140 2.6 364.4474346454327 180.3938362747044 657.6298828125 5.234130859375 82.49367414202008 112
150 1.9 1429.983796772204 481.4700502197923 2274.52197265625 5.234130859375 135.61539713541666 138
160 3.8 1510.0865221525494 1092.1277822323987 2599.696044921875 0.60302734375 292.25870664560114 157
170 6.5 1125.1235990084135 1086.9832313945267 2599.696044921875 0.60302734375 529.5789988982372 195
180 8 660.845379638672 839.7979482453834 2599.696044921875 0.60302734375 678.4651489257813 260
190 10.3 541.0814078618022 819.8561363119294 2599.696044921875 0.60302734375 674.3193208582261 340
200 10.8 516.6376161928534 749.6423896714274 2599.696044921875 0.600830078125 643.3407541795993 443
210 10 428.6258569335939 712.608298887628 3070.059814453125 0.600830078125 618.5060193292027 551
220 6.6 422.2477324514678 588.6790371617417 3070.059814453125 0.600830078125 589.3385596678188 651
230 2.6 625.7605168269231 622.5486171580689 3070.059814453125 0.600830078125 573.9578140663137 717
240 0.9 831.4325358072916 443.9920706067607 3070.059814453125 0.600830078125 575.7705600579367 743
250 0.1 731.39892578125 0.0 3070.059814453125 0.600830078125 578.830344342171 752
260 0 0 0 3070.059814453125 0.600830078125 579.0329586601512 753
270 0 0 0 3070.059814453125 0.600830078125 579.0329586601512 753
280 0 0 0 3070.059814453125 0.600830078125 579.0329586601512 753
290 0 0 0 3070.059814453125 0.600830078125 579.0329586601512 753
300 0 0 0 3070.059814453125 0.600830078125 579.0329586601512 753
308 0 0 0 3070.059814453125 0.600830078125 579.0329586601512 753
