40 0.1 8.916015625 0 8.916015625 8.916015625 0 0
50 0.4 7.207275390625 0.6409979176792476 8.916015625 6.511962890625 8.916015625 1
60 1 17.32705078125 23.266337532830168 84.0361328125 6.1611328125 7.5490234375 5
70 0.7 9.614920479910714 5.434781465618704 84.0361328125 6.1611328125 14.067708333333334 15
80 0.4 12.09326171875 8.43378241726842 84.0361328125 6.1611328125 12.650912198153408 22
90 0.9 13.012451171875 9.737040368950804 84.0361328125 6.1611328125 12.56511981670673 26
100 0.7 33.392054966517854 38.24515716797188 101.35302734375 6.153076171875 12.680147879464286 35
110 0.8 99.25527954101563 89.85715611589413 270.464111328125 6.153076171875 16.132132393973215 42
120 0.3 145.82633463541666 145.92892080902837 351.152099609375 6.153076171875 29.4318359375 50
130 1 233.949169921875 159.03820667360947 507.501953125 6.153076171875 36.020203788325475 53
140 1.1 265.1338556463068 225.00674003428233 780.155029296875 6.153076171875 67.4375 63
150 1.4 1769.951869419643 635.8048186757759 2484.22802734375 5.9169921875 96.82479610958615 74
160 2.1 1430.6826753162202 1129.0168316952102 2702.39794921875 0.671142578125 363.0041032270952 88
170 1.9 894.6455335115131 1062.4362756547732 2702.39794921875 0.64892578125 568.7036446387615 109
180 2.5 511.26104492187517 841.8553811564715 2702.39794921875 0.64892578125 617.0856437683105 128
190 4.7 375.385498046875 706.3616796070944 2702.39794921875 0.614990234375 599.7940426496119 153
200 6.7 478.1569678463153 734.2589848101768 2702.39794921875 0.614990234375 547.0580346679687 200
210 7 443.94837472098214 714.5615702570485 2702.39794921875 0.60888671875 529.7682538550445 267
220 7.2 632.4335462782118 617.6446917522189 2702.39794921875 0.60888671875 511.94216620108494 337
230 9.6 719.8716150919598 610.8793177564633 2702.39794921875 0.60888671875 533.1533626938799 409
240 8.6 817.4899419740188 513.1693554526244 2702.39794921875 0.60888671875 568.648317605198 505
250 8 920.9427856445312 227.58456126057865 2702.39794921875 0.60888671875 604.8587739431314 591
260 4 585.5642761230469 166.332141162213 2702.39794921875 0.60888671875 642.5439020148333 671
270 3 36.872517903645836 63.824893042499404 2702.39794921875 0.60888671875 639.3382971826653 711
280 0.8 15.090576171875002 11.02820351857257 2702.39794921875 0.60888671875 614.9469700863488 741
290 0.4 9.06982421875 2.5801966406770696 2702.39794921875 0.60888671875 608.5399592034171 749
300 0 0 0 2702.39794921875 0.60888671875 605.3555228953976 753
308 0 0 0 2702.39794921875 0.60888671875 605.3555228953976 753
