0 0.1 57.550048828125 0 57.550048828125 57.550048828125 0 0
10 0.2 7.224609375 0.6884765625 57.550048828125 6.5361328125 57.550048828125 1
20 0.5 7.143212890625 0.8545191625206484 57.550048828125 6.132080078125 23.999755859375 3
30 1 41.06416015625 93.87272801480422 322.243896484375 6.031005859375 13.46441650390625 8
40 1 68.896435546875 174.7443162409823 592.626953125 6.031005859375 28.797607421875 18
50 0.7 10.172049386160714 5.986129853064282 592.626953125 6.031005859375 43.118617466517854 28
60 0.3 26.487467447916668 28.467006247033844 592.626953125 6.031005859375 36.52930385044643 35
70 0.5 11.925244140625 7.737415370262645 592.626953125 6.031005859375 35.73652729235198 38
80 0.9 12.161268446180555 12.067381323082012 592.626953125 5.952880859375 32.96777343750001 43
90 1.2 10.677083333333334 10.041078122390163 592.626953125 5.952880859375 29.366647573617794 52
100 0.9 33.73084852430556 31.414398592355283 592.626953125 5.952880859375 25.862354278564457 64
110 1.7 51.977653952205884 46.551968206262664 592.626953125 5.952880859375 26.83244261023117 73
120 1.7 144.5829647288603 89.07333279161762 592.626953125 5.952880859375 31.58209364149306 90
130 2.5 194.397763671875 86.68291345574667 592.626953125 5.952880859375 49.53550306658879 107
140 2.5 282.12056640625 183.6440945186756 736.13916015625 5.952880859375 76.97153727213542 132
150 2.6 1078.0658522385818 899.0222141015273 2291.166015625 0.678955078125 109.63858012788614 157
160 6.7 1358.928947790345 1121.8517986290792 2679.972900390625 0.631103515625 247.22934009989754 183
170 6.3 953.1822606646825 1041.751897299521 2679.972900390625 0.6181640625 545.1648349609375 250
180 9.6 735.5035171508789 846.8160770603644 2679.972900390625 0.614990234375 627.2897481217552 313
190 10.9 472.6248611310205 749.9447322715199 2679.972900390625 0.610107421875 652.6895569892267 409
200 10.9 442.253942087156 726.6767426898051 2679.972900390625 0.610107421875 614.7994955055502 518
210 8.2 559.2308349609377 760.0194615817363 2679.972900390625 0.610107421875 584.8035380532297 627
220 4 715.8687255859375 648.7972510994944 2679.972900390625 0.610107421875 581.8459052555315 709
230 0.4 915.699462890625 536.9469523357723 2679.972900390625 0.610107421875 589.0033322424691 749
240 0 0 0 2679.972900390625 0.610107421875 590.738769855474 753
250 0 0 0 2679.972900390625 0.610107421875 590.738769855474 753
260 0 0 0 2679.972900390625 0.610107421875 590.738769855474 753
270 0 0 0 2679.972900390625 0.610107421875 590.738769855474 753
280 0 0 0 2679.972900390625 0.610107421875 590.738769855474 753
290 0 0 0 2679.972900390625 0.610107421875 590.738769855474 753
300 0 0 0 2679.972900390625 0.610107421875 590.738769855474 753
308 0 0 0 2679.972900390625 0.610107421875 590.738769855474 753
