10 0.1 8.704833984375 0 8.704833984375 8.704833984375 0 0
20 0 0 0 8.704833984375 8.704833984375 8.704833984375 1
30 0.4 11.457763671875 4.405751118926782 19.06103515625 8.3310546875 8.704833984375 1
40 0.2 8.490966796875 0.338134765625 19.06103515625 8.15283203125 10.907177734375 5
50 0.3 8.61328125 0.7739783813700393 19.06103515625 7.949951171875 10.216831752232142 7
60 0.1 31.2099609375 0.0 31.2099609375 7.949951171875 9.7357666015625 10
70 0.3 12.011393229166666 5.017049396369383 31.2099609375 7.949951171875 11.687966086647727 11
80 0.4 12.885009765625 7.399311455141943 31.2099609375 7.949951171875 11.757271902901786 14
90 0.4 8.20050048828125 0.2670809379920034 31.2099609375 7.843994140625 12.007880316840279 18
100 0.2 41.5040283203125 33.1490478515625 74.653076171875 7.843994140625 11.315629438920455 22
110 0.7 501.808349609375 1160.5890711925974 3344.322998046875 7.843994140625 13.831329345703125 24
120 0.7 119.21261160714286 57.692951069490086 3344.322998046875 7.843994140625 124.01968876008064 31
130 0.7 280.10689871651783 159.1626597184532 3344.322998046875 7.843994140625 123.13417454769737 38
140 0.8 268.42041015625 222.80576312204997 3344.322998046875 7.843994140625 147.55215386284723 45
150 1.3 1476.1642503004807 695.8542918725643 3344.322998046875 5.513916015625 165.7964189637382 53
160 2 1274.5882568359375 1155.4928490156587 3344.322998046875 0.779052734375 423.8991736209754 66
170 2.4 1121.4362182617185 1047.3007999586864 3344.322998046875 0.7412109375 621.7338441360829 86
180 2.4 1110.9673258463542 950.392337999277 3344.322998046875 0.68603515625 730.7598166725852 110
190 4.8 446.5567270914714 804.883470779787 3344.322998046875 0.68603515625 798.8566839872901 134
200 5.6 645.9926845005581 834.1683912877584 3344.322998046875 0.68603515625 705.9424096411401 182
210 1.9 883.5310444078947 844.9064833028624 3344.322998046875 0.68603515625 691.8365919610031 238
220 0.4 635.4671630859375 636.7648871153946 3344.322998046875 0.68603515625 706.0085553714738 257
230 0.4 885.2349853515625 519.609317906422 3344.322998046875 0.68603515625 704.9274612368295 261
240 0.1 1097.587890625 0.0 3344.322998046875 0.68603515625 707.6490842423349 265
250 0 0 0 3344.322998046875 0.68603515625 709.1150196046758 266
260 0 0 0 3344.322998046875 0.68603515625 709.1150196046758 266
270 0 0 0 3344.322998046875 0.68603515625 709.1150196046758 266
280 0 0 0 3344.322998046875 0.68603515625 709.1150196046758 266
290 0 0 0 3344.322998046875 0.68603515625 709.1150196046758 266
300 0 0 0 3344.322998046875 0.68603515625 709.1150196046758 266
308 0 0 0 3344.322998046875 0.68603515625 709.1150196046758 266
