0 1.5 15
10 2.3 38
20 3.9 77
30 8.1 158
40 8.2 240
50 12.4 364
60 11.7 481
70 15.6 637
80 15.3 790
90 16.4 954
100 22.5 1179
110 22.1 1400
120 38.8 1788
130 40 2188
140 43.9 2627
150 69.8 3325
160 90 4225
170 93.2 5157
180 127.4 6431
190 172.7 8158
200 202.3 10181
210 226.2 12443
220 163.7 14080
230 175.5 15835
240 221 18045
250 193.5 19980
260 123.1 21211
270 114.3 22354
280 142.9 23783
290 175.3 25536
300 108.9 26625
310 39.4 27019
320 17.7 27196
330 12.4 27320
340 4.2 27362
350 1.8 27380
360 0 27380
370 0 27380
380 0 27380
388 0 27380
