0 0.1 2.465979729017848 0 2.465979729017848 2.465979729017848 0 0
10 0.1 2.355250245338567 0.0 2.465979729017848 2.355250245338567 2.465979729017848 1
20 0.1 1.574803149606299 0.0 2.465979729017848 1.574803149606299 2.4106149871782074 2
30 0.1 1.6798418972332017 0.0 2.465979729017848 1.574803149606299 2.132011041320905 3
40 0.1 1.9782393669634024 0.0 2.465979729017848 1.574803149606299 2.018968755298979 4
50 0.1 2.0710059171597637 0.0 2.465979729017848 1.574803149606299 2.0108228776318637 5
60 0.1 2.4582104228121926 0.0 2.465979729017848 1.574803149606299 2.0208533842198473 6
70 0.1 2.277227722772277 0.0 2.465979729017848 1.574803149606299 2.0833329611616107 7
80 0.1 3.045186640471513 0.0 3.045186640471513 1.574803149606299 2.1075698063629438 8
90 0.1 2.566633761105627 0.0 3.045186640471513 1.574803149606299 2.2117494545972294 9
100 0.1 3.0602171767028628 0.0 3.0602171767028628 1.574803149606299 2.2472378852480692 10
110 0.1 4.223968565815324 0.0 4.223968565815324 1.574803149606299 2.321145093562141 11
120 0.1 4.023552502453385 0.0 4.223968565815324 1.574803149606299 2.4797137162499063 12
130 0.1 6.176470588235294 0.0 6.176470588235294 1.574803149606299 2.5984705459578663 13
140 0.1 6.090373280943026 0.0 6.176470588235294 1.574803149606299 2.8540419775491115 14
150 0.1 7.302823758519961 0.0 7.302823758519961 1.574803149606299 3.0697973977753725 15
160 0.1 11.992263056092844 0.0 11.992263056092844 1.574803149606299 3.3343615453219093 16
170 0.1 11.500974658869396 0.0 11.992263056092844 1.574803149606299 3.8436498694849055 17
180 0.1 12.984496124031008 0.0 12.984496124031008 1.574803149606299 4.269056802228488 18
190 0.1 18.155339805825243 0.0 18.155339805825243 1.574803149606299 4.727764134954937 19
200 0.1 23.21772639691715 0.0 23.21772639691715 1.574803149606299 5.399142918498453 20
210 0.1 24.057971014492754 0.0 24.057971014492754 1.574803149606299 6.247646893661248 21
220 0.1 31.17254528122021 0.0 31.17254528122021 1.574803149606299 7.057207080971771 22
230 0.1 27.30806608357629 0.0 31.17254528122021 1.574803149606299 8.105700046199964 23
240 0.1 32.69961977186312 0.0 32.69961977186312 1.574803149606299 8.905798631090644 24
250 0.1 26.996197718631176 0.0 32.69961977186312 1.574803149606299 9.857551476721543 25
260 0.1 22.318840579710145 0.0 32.69961977186312 1.574803149606299 10.516730178333452 26
270 0.1 17.681159420289855 0.0 32.69961977186312 1.574803149606299 10.95384537838444 27
280 0.1 17.231364956437563 0.0 32.69961977186312 1.574803149606299 11.194106594166778 28
290 0.1 20.306513409961685 0.0 32.69961977186312 1.574803149606299 11.4022879170037 29
300 0.1 18.38306063522618 0.0 32.69961977186312 1.574803149606299 11.699095433435634 30
310 0.1 9.197651663405088 0.0 32.69961977186312 1.574803149606299 11.914707214138554 31
320 0.1 4.330708661417323 0.0 32.69961977186312 1.574803149606299 11.829799228178134 32
330 0.1 2.6600985221674875 0.0 32.69961977186312 1.574803149606299 11.602554059488412 33
340 0.1 2.167487684729064 0.0 32.69961977186312 1.574803149606299 11.339540661331913 34
350 0.1 1.4792899408284024 0.0 32.69961977186312 1.4792899408284024 11.077482004857545 35
360 0.1 1.282051282051282 0.0 32.69961977186312 1.282051282051282 10.810865558634513 36
370 0.1 1.0848126232741617 0.0 32.69961977186312 1.0848126232741617 10.553330037645777 37
380 0.1 1.279527559055118 0.0 32.69961977186312 1.0848126232741617 10.304158526741261 38
388 0.1 1.4749262536873156 0.0 32.69961977186312 1.0848126232741617 10.072757732698026 39
