0 0.1 3157.87890625 0 3157.87890625 3157.87890625 0 0
10 0.1 3158.0703125 0.0 3158.0703125 3157.87890625 3157.87890625 1
20 0.1 3157.6015625 0.0 3158.0703125 3157.6015625 3157.974609375 2
30 0.1 3155.3203125 0.0 3158.0703125 3155.3203125 3157.8502604166665 3
40 0.1 3154.9453125 0.0 3158.0703125 3154.9453125 3157.2177734375 4
50 0.1 3152.3125 0.0 3158.0703125 3152.3125 3156.76328125 5
60 0.1 3151.2421875 0.0 3158.0703125 3151.2421875 3156.021484375 6
70 0.1 3149.67578125 0.0 3158.0703125 3149.67578125 3155.3387276785716 7
80 0.1 3148.484375 0.0 3158.0703125 3148.484375 3154.630859375 8
90 0.1 3148.37109375 0.0 3158.0703125 3148.37109375 3153.9479166666665 9
100 0.1 3147.91015625 0.0 3158.0703125 3147.91015625 3153.390234375 10
110 0.1 3144.5 0.0 3158.0703125 3144.5 3152.8920454545455 11
120 0.1 3144.01953125 0.0 3158.0703125 3144.01953125 3152.1927083333335 12
130 0.1 3142.06640625 0.0 3158.0703125 3142.06640625 3151.564002403846 13
140 0.1 3139.19921875 0.0 3158.0703125 3139.19921875 3150.8856026785716 14
150 0.1 3133.3125 0.0 3158.0703125 3133.3125 3150.106510416667 15
160 0.1 3123.62109375 0.0 3158.0703125 3123.62109375 3149.056884765625 16
170 0.1 3115.6796875 0.0 3158.0703125 3115.6796875 3147.560661764706 17
180 0.1 3111.76953125 0.0 3158.0703125 3111.76953125 3145.789496527778 18
190 0.1 3093.6953125 0.0 3158.0703125 3093.6953125 3143.9989720394738 19
200 0.1 3068.453125 0.0 3158.0703125 3068.453125 3141.4837890625 20
210 0.1 3052.37890625 0.0 3158.0703125 3052.37890625 3138.0061383928573 21
220 0.1 3010.65234375 0.0 3158.0703125 3010.65234375 3134.1139914772725 22
230 0.1 2969.98828125 0.0 3158.0703125 2969.98828125 3128.74609375 23
240 0.1 2932.1015625 0.0 3158.0703125 2932.1015625 3122.1311848958335 24
250 0.1 2912.1328125 0.0 3158.0703125 2912.1328125 3114.53 25
260 0.1 2903.94140625 0.0 3158.0703125 2903.94140625 3106.7454927884614 26
270 0.1 2901.546875 0.0 3158.0703125 2901.546875 3099.234230324074 27
280 0.1 2899.87890625 0.0 3158.0703125 2899.87890625 3092.1739676339284 28
290 0.1 2898.43359375 0.0 3158.0703125 2898.43359375 3085.543103448276 29
300 0.1 2897.94140625 0.0 3158.0703125 2897.94140625 3079.306119791667 30
310 0.1 2904.19140625 0.0 3158.0703125 2897.94140625 3073.4556451612902 31
320 0.1 2915.515625 0.0 3158.0703125 2897.94140625 3068.1661376953125 32
330 0.1 2954.76171875 0.0 3158.0703125 2897.94140625 3063.5403645833335 33
340 0.1 2965.28515625 0.0 3158.0703125 2897.94140625 3060.340992647059 34
350 0.1 2995.3515625 0.0 3158.0703125 2897.94140625 3057.625111607143 35
360 0.1 3018.28125 0.0 3158.0703125 2897.94140625 3055.8952907986113 36
370 0.1 3018.48046875 0.0 3158.0703125 2897.94140625 3054.8786951013512 37
380 0.1 3028.48046875 0.0 3158.0703125 2897.94140625 3053.9208470394738 38
388 0.1 3028.5390625 0.0 3158.0703125 2897.94140625 3053.268529647436 39
