0 0.1 0.140625 0 0.140625 0.140625 0 0
10 0.1 0.12109375 0.0 0.140625 0.12109375 0.140625 1
20 0.1 0.1015625 0.0 0.140625 0.1015625 0.130859375 2
30 0.1 0.078125 0.0 0.140625 0.078125 0.12109375 3
40 0.1 0.0703125 0.0 0.140625 0.0703125 0.1103515625 4
50 0.1 0.05859375 0.0 0.140625 0.05859375 0.10234375 5
60 0.1 0.05078125 0.0 0.140625 0.05078125 0.09505208333333333 6
70 0.1 0.0390625 0.0 0.140625 0.0390625 0.08872767857142858 7
80 0.1 0.0390625 0.0 0.140625 0.0390625 0.08251953125 8
90 0.1 0.03125 0.0 0.140625 0.03125 0.07769097222222222 9
100 0.1 0.03125 0.0 0.140625 0.03125 0.073046875 10
110 0.1 0.01953125 0.0 0.140625 0.01953125 0.06924715909090909 11
120 0.1 0.01953125 0.0 0.140625 0.01953125 0.06510416666666667 12
130 0.1 0.01953125 0.0 0.140625 0.01953125 0.061598557692307696 13
140 0.1 0.01171875 0.0 0.140625 0.01171875 0.05859375 14
150 0.1 0.01171875 0.0 0.140625 0.01171875 0.05546875 15
160 0.1 0.08984375 0.0 0.140625 0.01171875 0.052734375 16
170 0.1 0.078125 0.0 0.140625 0.01171875 0.054917279411764705 17
180 0.1 0.05859375 0.0 0.140625 0.01171875 0.056206597222222224 18
190 0.1 0.12890625 0.0 0.140625 0.01171875 0.05633223684210526 19
200 0.1 0.109375 0.0 0.140625 0.01171875 0.0599609375 20
210 0.1 0.08984375 0.0 0.140625 0.01171875 0.062313988095238096 21
220 0.1 0.23046875 0.0 0.23046875 0.01171875 0.06356534090909091 22
230 0.1 0.3515625 0.0 0.3515625 0.01171875 0.07082201086956522 23
240 0.1 0.37890625 0.0 0.37890625 0.01171875 0.08251953125 24
250 0.1 0.3203125 0.0 0.37890625 0.01171875 0.094375 25
260 0.1 0.26953125 0.0 0.37890625 0.01171875 0.10306490384615384 26
270 0.1 0.23046875 0.0 0.37890625 0.01171875 0.10923032407407407 27
280 0.1 0.19140625 0.0 0.37890625 0.01171875 0.11356026785714286 28
290 0.1 0.16015625 0.0 0.37890625 0.01171875 0.11624461206896551 29
300 0.1 0.3515625 0.0 0.37890625 0.01171875 0.11770833333333333 30
310 0.1 0.2890625 0.0 0.37890625 0.01171875 0.12525201612903225 31
320 0.1 0.25 0.0 0.37890625 0.01171875 0.13037109375 32
330 0.1 0.2109375 0.0 0.37890625 0.01171875 0.13399621212121213 33
340 0.1 0.1796875 0.0 0.37890625 0.01171875 0.1362591911764706 34
350 0.1 0.1484375 0.0 0.37890625 0.01171875 0.1375 35
360 0.1 0.12890625 0.0 0.37890625 0.01171875 0.13780381944444445 36
370 0.1 0.109375 0.0 0.37890625 0.01171875 0.1375633445945946 37
380 0.1 0.08984375 0.0 0.37890625 0.01171875 0.13682154605263158 38
388 0.1 0.078125 0.0 0.37890625 0.01171875 0.13561698717948717 39
