10 0.1 116 0 116 116 0 0
20 0.1 120.0 0.0 120 116 116.0 1
30 0.1 240.0 0.0 240 116 118.0 2
40 0.1 422.0 0.0 422 116 158.66666666666666 3
50 0.1 494.0 0.0 494 116 224.5 4
60 0.1 541.0 0.0 541 116 278.4 5
70 0.1 504.0 0.0 541 116 322.1666666666667 6
80 0.1 761.0 0.0 761 116 348.14285714285717 7
90 0.1 684.0 0.0 761 116 399.75 8
100 0.1 920.0 0.0 920 116 431.3333333333333 9
110 0.1 1051.0 0.0 1051 116 480.2 10
120 0.1 1076.0 0.0 1076 116 532.0909090909091 11
130 0.1 2069.0 0.0 2069 116 577.4166666666666 12
140 0.1 2003.0 0.0 2069 116 692.1538461538462 13
150 0.1 2249.0 0.0 2249 116 785.7857142857143 14
160 0.1 4277.0 0.0 4277 116 883.3333333333334 15
170 0.1 4266.0 0.0 4277 116 1095.4375 16
180 0.1 4732.0 0.0 4732 116 1281.9411764705883 17
190 0.1 7033.0 0.0 7033 116 1473.611111111111 18
200 0.1 9682.0 0.0 9682 116 1766.2105263157894 19
210 0.1 11107.0 0.0 11107 116 2162.0 20
220 0.1 13221.0 0.0 13221 116 2587.9523809523807 21
230 0.1 10594.0 0.0 13221 116 3071.2727272727275 22
240 0.1 13549.0 0.0 13549 116 3398.3478260869565 23
250 0.1 13352.0 0.0 13549 116 3821.2916666666665 24
260 0.1 10989.0 0.0 13549 116 4202.52 25
270 0.1 8122.0 0.0 13549 116 4463.538461538462 26
280 0.1 9101.0 0.0 13549 116 4599.037037037037 27
290 0.1 13415.0 0.0 13549 116 4759.821428571428 28
300 0.1 13098.0 0.0 13549 116 5058.275862068966 29
310 0.1 5495.0 0.0 13549 116 5326.266666666666 30
320 0.1 1783.0 0.0 13549 116 5331.709677419355 31
330 0.1 843.0 0.0 13549 116 5220.8125 32
340 0.1 694.0 0.0 13549 116 5088.151515151515 33
350 0.1 336.0 0.0 13549 116 4958.911764705882 34
360 0.1 111.0 0.0 13549 111 4826.828571428571 35
370 0.1 2.0 0.0 13549 2 4695.833333333333 36
380 0.1 84.0 0.0 13549 2 4568.972972972973 37
388 0.1 75.0 0.0 13549 2 4450.9473684210525 38
