0 1.5 527.4349772135416 706.8296992462286 1836.05908203125 10.599853515625 0 0
10 2.5 86.025419921875 176.68351973713987 1836.05908203125 8.833984375 527.4349772135416 15
20 4.2 150.87136695498512 365.2410367591902 1836.05908203125 8.833984375 251.55400390625 40
30 10.2 63.7093745212929 183.36945470883884 1836.05908203125 6.644775390625 199.9848483946265 82
40 10.7 56.04949209623248 137.00918250772702 1836.05908203125 6.64111328125 124.44083570397419 184
50 18.1 40.31023798989985 110.57067137924737 1836.05908203125 6.64111328125 99.2935031746671 291
60 12.5 58.949513671875 133.24678658105603 1836.05908203125 6.64111328125 76.67492055084746 472
70 18.3 59.60518858862705 151.5233518781809 1836.05908203125 6.64111328125 72.96357070181638 597
80 22 28.08422185724432 76.41604861468069 1836.05908203125 5.970947265625 69.8294887444912 780
90 18.5 60.802735694679065 198.1437094010549 2041.585205078125 5.970947265625 60.64553002929689 1000
100 29.1 49.00180043223798 169.92943045516827 2041.585205078125 5.9521484375 60.67007268591773 1185
110 27.1 49.11574517844788 126.0665334666929 2041.585205078125 5.9521484375 58.36962063590364 1476
120 56.6 52.478718787958265 149.33614056531334 2041.585205078125 5.9521484375 56.934131082972605 1747
130 49 72.865622010523 207.4757881068266 2805.581787109375 5.9521484375 55.84387455077281 2313
140 54.3 67.47403386855441 198.02868546951885 2805.581787109375 5.9521484375 58.81949219446799 2803
150 95.2 75.25704853474595 246.8027371732526 4068.657958984375 5.9521484375 60.22397997959319 3346
160 119.6 84.90934217574195 299.835938545451 4322.27490234375 5.9521484375 63.55378018073451 4298
170 117.3 55.8693360623801 152.4279484214429 4322.27490234375 5.93701171875 68.2027157733863 5494
180 159.1 74.78189142540063 187.74164286392255 4322.27490234375 5.93701171875 66.03276611071789 6667
190 215.1 106.39774559797766 294.8666321606968 5857.1279296875 5.93701171875 67.7183871298097 8258
200 250.6 104.14981300737597 232.1302603814382 5857.1279296875 5.93701171875 75.71140279558253 10409
210 278.5 327.8422989192938 646.595774702768 6587.31884765625 5.93701171875 81.22953334074353 12915
220 191.8 1623.2386853931114 1431.5026610697514 9323.198974609375 1.526123046875 124.9758105468749 15700
230 325.3 2295.560527136612 2265.3810067437344 12954.63720703125 1.422119140625 288.08559565046676 17618
240 330.2 2716.65185827836 1845.2399582731098 14368.534912109375 1.41796875 600.9750572059472 20871
250 312.9 1931.4236738693235 1388.4447913627894 14368.534912109375 1.39892578125 889.9737250229789 24173
260 258.2 2477.882973337798 2371.2574929794364 14368.534912109375 1.39892578125 1009.3311673327075 27302
270 258.9 2547.780972477462 3056.1652385042944 17264.751220703125 1.39892578125 1136.2151441465592 29884
280 265.8 2361.3937851422866 2712.908854510069 17264.751220703125 1.39892578125 1248.7561452720697 32473
290 382.9 1049.7737275484953 1873.446611193688 17264.751220703125 1.39892578125 1332.9379461537708 35131
300 245 387.68345802774286 678.3017062058055 17264.751220703125 1.39892578125 1305.1084853467996 38960
310 81.9 49.81985611502217 90.05969203823993 17264.751220703125 1.39892578125 1250.8295354088211 41410
320 45.7 14.24877128350657 34.213041992275855 17264.751220703125 1.39892578125 1227.5368472717205 42229
330 30.8 14.620207551237824 15.548089751686305 17264.751220703125 1.39892578125 1214.5472804177962 42686
340 16.3 17.28992972344709 56.542046888800584 17264.751220703125 1.39892578125 1205.9512544969025 42994
350 10.4 11.1793212890625 5.536088164879969 17264.751220703125 1.39892578125 1201.4617905411578 43157
360 0 0 0 17264.751220703125 1.39892578125 1198.6003361873006 43261
370 2.6 7.411639873798077 2.0675639283754896 17264.751220703125 1.39892578125 1198.6003361873006 43261
380 0 0 0 17264.751220703125 1.39892578125 1197.8848579581752 43287
388 2.6 7.118558443509615 2.2837913194583 17264.751220703125 1.39892578125 1197.8848579581752 43287
