10 0.1 126 0 126 126 0 0
20 0.1 123.0 0.0 126 123 126.0 1
30 0.1 229.0 0.0 229 123 124.5 2
40 0.1 440.0 0.0 440 123 159.33333333333334 3
50 0.1 513.0 0.0 513 123 229.5 4
60 0.1 543.0 0.0 543 123 286.2 5
70 0.1 550.0 0.0 550 123 329.0 6
80 0.1 810.0 0.0 810 123 360.57142857142856 7
90 0.1 749.0 0.0 810 123 416.75 8
100 0.1 994.0 0.0 994 123 453.6666666666667 9
110 0.1 1247.0 0.0 1247 123 507.7 10
120 0.1 1160.0 0.0 1247 123 574.9090909090909 11
130 0.1 2152.0 0.0 2152 123 623.6666666666666 12
140 0.1 2109.0 0.0 2152 123 741.2307692307693 13
150 0.1 2366.0 0.0 2366 123 838.9285714285714 14
160 0.1 4324.0 0.0 4324 123 940.7333333333333 15
170 0.1 4561.0 0.0 4561 123 1152.1875 16
180 0.1 4958.0 0.0 4958 123 1352.7058823529412 17
190 0.1 7514.0 0.0 7514 123 1553.0 18
200 0.1 9782.0 0.0 9782 123 1866.7368421052631 19
210 0.1 10745.0 0.0 10745 123 2262.5 20
220 0.1 12940.0 0.0 12940 123 2666.4285714285716 21
230 0.1 10835.0 0.0 12940 123 3133.409090909091 22
240 0.1 13532.0 0.0 13532 123 3468.2608695652175 23
250 0.1 11964.0 0.0 13532 123 3887.5833333333335 24
260 0.1 9488.0 0.0 13532 123 4210.64 25
270 0.1 7114.0 0.0 13532 123 4413.615384615385 26
280 0.1 7727.0 0.0 13532 123 4513.62962962963 27
290 0.1 10418.0 0.0 13532 123 4628.392857142857 28
300 0.1 10041.0 0.0 13532 123 4828.0344827586205 29
310 0.1 4762.0 0.0 13532 123 5001.8 30
320 0.1 1789.0 0.0 13532 123 4994.064516129032 31
330 0.1 895.0 0.0 13532 123 4893.90625 32
340 0.1 630.0 0.0 13532 123 4772.727272727273 33
350 0.1 309.0 0.0 13532 123 4650.882352941177 34
360 0.1 158.0 0.0 13532 123 4526.828571428571 35
370 0.1 1.0 0.0 13532 1 4405.472222222223 36
380 0.1 149.0 0.0 13532 1 4286.4324324324325 37
388 0.1 140.0 0.0 13532 1 4177.5526315789475 38
