0 4.715625 4.715625
10 12.14140625 16.85703125
20 24.6453125 41.50234375
30 64.48046875 105.9828125
40 70.98515625 176.96796875
50 138.509375 315.47734375
60 85.875 401.35234375
70 128.03515625 529.3875
80 163.51171875 692.89921875
90 117.27734375 810.1765625
100 201.43203125 1011.60859375
110 187.365625 1198.97421875
120 401.60078125 1600.575
130 333.0234375 1933.5984375
140 364.42578125 2298.02421875
150 671.2171875 2969.24140625
160 827.27421875 3796.515625
170 826.1671875 4622.6828125
180 1042.56796875 5665.25078125
190 1439.3984375 7104.64921875
200 1763.4390625 8868.08828125
210 1981.46171875 10849.55
220 1450.75390625 12300.30390625
230 1978.48203125 14278.7859375
240 2134.39453125 16413.18046875
250 2436.97734375 18850.1578125
260 2052.9296875 20903.0875
270 1970.090625 22873.178125
280 2006.59140625 24879.76953125
290 2944.1609375 27823.93046875
300 1897.86328125 29721.79375
310 668.4515625 30390.2453125
320 383.06953125 30773.31484375
330 260.71640625 31034.03125
340 138.47421875 31172.50546875
350 87.965625 31260.47109375
360 0 31260.47109375
370 21.71484375 31282.1859375
380 0 31282.1859375
388 21.71484375 31303.90078125
