0 0.3 1827.61474609375 8.543199172980207 1836.162109375 1815.946044921875 0 0
10 0.1 572.345947265625 0.0 1836.162109375 572.345947265625 1827.61474609375 3
20 0.3 1159.5189615885417 516.1298188914892 1836.162109375 563.720947265625 1513.7975463867188 4
30 0.5 700.26748046875 370.29657468421345 1836.162109375 88.774169921875 1361.9638671875 7
40 0.5 567.4544921875 4.779794106318715 1836.162109375 88.774169921875 1086.2570393880208 12
50 0.3 563.580322265625 3.5096398842120267 1836.162109375 88.774169921875 933.6680549172794 17
60 0.1 566.975830078125 0.0 1836.162109375 88.774169921875 878.1548950195313 20
70 0.5 490.186572265625 216.7259428867468 1836.162109375 63.391845703125 863.3368443080357 21
80 0.2 562.798095703125 0.824951171875 1836.162109375 63.391845703125 791.5771766075721 26
90 0.8 779.5600891113281 478.6804534613243 2041.6640625 63.391845703125 775.2358136858259 28
100 0.7 702.0758579799107 562.0429076024383 2041.6640625 63.391845703125 776.196763780382 36
110 0.7 582.0193219866071 27.513623142408306 2041.6640625 63.391845703125 764.1305698128634 43
120 1.2 548.8302205403646 270.6000970207291 2041.6640625 63.391845703125 738.6349951171875 50
130 1.1 624.9551890980114 176.90895237922425 2041.6640625 63.391845703125 701.8985871345766 62
140 1.5 639.2136555989583 243.8142197270477 2041.6640625 63.391845703125 690.3043764715326 73
150 2 826.902978515625 649.7565915736565 3466.39208984375 61.27783203125 681.5957308682529 88
160 3.6 743.3568115234375 833.0074107244441 4322.3330078125 58.368896484375 708.504480432581 108
170 3.6 524.1449856228301 388.0969745097201 4322.3330078125 58.139892578125 717.2175632052952 144
180 4.9 528.8920450015944 288.9201450274896 4322.3330078125 58.139892578125 678.6030476888021 180
190 6.4 702.3246994018554 665.9789258599657 5459.533935546875 58.139892578125 646.568815672762 229
200 5.3 642.4311707694576 274.31083705796163 5459.533935546875 58.139892578125 658.7475752586391 293
210 9 873.497900390625 454.2139622650901 5459.533935546875 58.139892578125 656.2482416230131 346
220 7 1789.5872070312498 1189.8922219982142 5459.533935546875 1.594970703125 701.0933546713733 436
230 11.9 2571.0233000426733 2340.5890963243373 8820.68310546875 1.594970703125 851.6755081598938 506
240 9.2 3477.191353175951 1764.9308615120867 8820.68310546875 1.594970703125 1179.039327734375 625
250 1.5 4130.897998046875 2006.2905520535785 8820.68310546875 1.594970703125 1473.9207591717877 717
260 0 0 0 8820.68310546875 1.594970703125 1528.3670140667691 732
270 0 0 0 8820.68310546875 1.594970703125 1528.3670140667691 732
280 0 0 0 8820.68310546875 1.594970703125 1528.3670140667691 732
290 0 0 0 8820.68310546875 1.594970703125 1528.3670140667691 732
300 0 0 0 8820.68310546875 1.594970703125 1528.3670140667691 732
310 0 0 0 8820.68310546875 1.594970703125 1528.3670140667691 732
320 0 0 0 8820.68310546875 1.594970703125 1528.3670140667691 732
330 0 0 0 8820.68310546875 1.594970703125 1528.3670140667691 732
340 0 0 0 8820.68310546875 1.594970703125 1528.3670140667691 732
350 0 0 0 8820.68310546875 1.594970703125 1528.3670140667691 732
360 0 0 0 8820.68310546875 1.594970703125 1528.3670140667691 732
370 0 0 0 8820.68310546875 1.594970703125 1528.3670140667691 732
380 0 0 0 8820.68310546875 1.594970703125 1528.3670140667691 732
388 0 0 0 8820.68310546875 1.594970703125 1528.3670140667691 732
