0 0.1 12.53515625 0 12.53515625 12.53515625 0 0
10 0.4 10.360107421875 0.23624216833707162 12.53515625 9.97412109375 12.53515625 1
20 0.4 12.3375244140625 1.8374186973036624 15.14306640625 9.97412109375 10.7951171875 5
30 1 15.5280029296875 10.962216574687066 46.666015625 9.1279296875 11.480631510416666 9
40 0.9 10.16455078125 1.0223422543800125 46.666015625 9.1279296875 13.610826994243421 19
50 0.2 11.654052734375 0.071044921875 46.666015625 9.1279296875 12.503095354352679 28
60 0.5 10.827197265625 1.2021162525519977 46.666015625 9.1279296875 12.446492513020834 30
70 0.8 11.014739990234375 0.9740214815573353 46.666015625 9.1279296875 12.215164620535715 35
80 1 11.161279296875 2.4364617293194057 46.666015625 9.1279296875 11.99182980559593 43
90 1.5 12.964322916666667 8.380722120809672 46.666015625 9.1279296875 11.835122162441039 53
100 1.5 10.868489583333334 1.9480887331928747 46.666015625 8.885986328125 12.084210564108457 68
110 1.2 11.449117024739584 2.605864837329556 46.666015625 8.885986328125 11.864501953125 83
120 2.8 12.771745954241071 5.161292506560099 46.666015625 8.885986328125 11.812032277960526 95
130 2.9 13.862523572198276 7.899461624028495 46.666015625 8.318115234375 12.03050368394309 123
140 3.7 15.361888988597974 14.199014777327625 74.276123046875 8.318115234375 12.380033794202303 152
150 5.2 20.255643404447117 45.322494968691935 335.873046875 8.14892578125 12.963783223792989 189
160 5.7 14.542394805372806 9.005026137784695 335.873046875 8.14892578125 14.53713064866442 241
170 6 14.093558756510417 10.620893249461036 335.873046875 7.97900390625 14.538137551122064 298
180 12.7 17.28152489849902 14.368233785441673 335.873046875 7.97900390625 14.46362713861732 358
190 15.2 25.664594148334707 23.646928673584732 335.873046875 7.97900390625 15.201509644813145 485
200 11.2 24.400085449218754 21.972450056228766 335.873046875 7.97900390625 17.69819542901295 637
210 19.8 227.0356063072128 432.87570917465894 2129.61181640625 7.97900390625 18.700347207735312 749
220 17.5 1476.621142578125 1214.6239138320877 5048.798095703125 2.89501953125 62.259355974046336 947
230 26.1 2513.9073911937244 2117.8580422312048 8578.491943359375 2.721923828125 282.8594563802083 1122
240 13.1 3368.044592005606 1847.9865646813548 8735.90185546875 2.721923828125 703.9032098048849 1383
250 0 0 0 8735.90185546875 2.721923828125 934.4200665210635 1514
260 0 0 0 8735.90185546875 2.721923828125 934.4200665210635 1514
270 0 0 0 8735.90185546875 2.721923828125 934.4200665210635 1514
280 0 0 0 8735.90185546875 2.721923828125 934.4200665210635 1514
290 0 0 0 8735.90185546875 2.721923828125 934.4200665210635 1514
300 0 0 0 8735.90185546875 2.721923828125 934.4200665210635 1514
310 0 0 0 8735.90185546875 2.721923828125 934.4200665210635 1514
320 0 0 0 8735.90185546875 2.721923828125 934.4200665210635 1514
330 0 0 0 8735.90185546875 2.721923828125 934.4200665210635 1514
340 0 0 0 8735.90185546875 2.721923828125 934.4200665210635 1514
350 0 0 0 8735.90185546875 2.721923828125 934.4200665210635 1514
360 0 0 0 8735.90185546875 2.721923828125 934.4200665210635 1514
370 0 0 0 8735.90185546875 2.721923828125 934.4200665210635 1514
380 0 0 0 8735.90185546875 2.721923828125 934.4200665210635 1514
388 0 0 0 8735.90185546875 2.721923828125 934.4200665210635 1514
