30 0.1 17.156005859375 0 17.156005859375 17.156005859375 0 0
40 0.1 15.583984375 0.0 17.156005859375 15.583984375 17.156005859375 1
50 0.3 305.1650390625 391.6929285707935 858.97509765625 15.583984375 16.3699951171875 2
60 0 0 0 858.97509765625 15.583984375 189.647021484375 5
70 0.1 18.240966796875 0.0 858.97509765625 15.583984375 189.647021484375 5
80 0.3 18.513346354166668 3.661484898651253 858.97509765625 15.583984375 161.079345703125 6
90 0.1 19.30078125 0.0 858.97509765625 15.583984375 113.55734592013889 9
100 0.3 388.7006022135417 526.9372428902892 1133.89697265625 13.639892578125 104.131689453125 10
110 0.2 17.8094482421875 1.5504150390625 1133.89697265625 13.639892578125 169.80143855168268 13
120 0.9 26.962510850694443 16.842769542803268 1133.89697265625 13.639892578125 149.53583984375 15
130 0.3 24.205729166666668 9.454091282439343 1133.89697265625 13.639892578125 103.57084147135417 24
140 0.5 31.3171875 16.0841935596123 1133.89697265625 13.639892578125 94.75249565972223 27
150 1.2 40.500874837239586 33.43239002286486 1133.89697265625 13.639892578125 84.84072875976563 32
160 1.4 381.38961356026783 903.0452516624 3255.23193359375 13.639892578125 72.74804132634944 44
170 1.2 36.07073974609375 12.13550601066464 3255.23193359375 13.639892578125 147.24773117591596 58
180 1.3 55.70511568509615 37.49667502699494 3255.23193359375 13.639892578125 128.188818359375 70
190 1.9 68.5714047080592 48.35118182514536 3255.23193359375 13.639892578125 116.83594926581326 83
200 2.1 80.2765880766369 47.07279650320201 3255.23193359375 13.639892578125 107.8454948874081 102
210 2.7 278.4997468171296 281.9352813946634 3255.23193359375 13.639892578125 103.13860835873983 123
220 1.8 2148.0215115017363 1309.690457537564 4547.010986328125 9.488037109375 134.70361328125 150
230 3.2 1708.8424224853513 1660.8991507711469 5641.02001953125 1.992919921875 350.41624523344495 168
240 3.2 2429.7372436523438 1683.1063449882888 5887.030029296875 1.8671875 567.76443359375 200
250 6.5 1853.1869065504807 1226.7147084630064 5887.030029296875 1.8671875 824.5882694639008 232
260 4 2712.1035156249995 2533.914451271033 7940.44189453125 1.8671875 1049.702449297664 297
270 3.8 2873.5541542454775 2982.637202399892 8667.841064453125 1.8671875 1247.0200832831047 337
280 6.1 2439.261094390369 2196.0773582939723 8667.841064453125 1.8671875 1411.8422024739584 375
290 4 1308.8354187011719 1761.7182760484172 8667.841064453125 1.8671875 1555.5865887283185 436
300 2.9 212.79976259428878 612.9713197496118 8667.841064453125 1.8671875 1534.8511962890625 476
310 1.7 54.82005399816177 93.85702080926394 8667.841064453125 1.8671875 1458.9314109877785 505
320 1.4 17.279070172991073 6.7732904521415165 8667.841064453125 1.8671875 1413.2036464881166 522
330 1 17.3037353515625 7.677481406776884 8667.841064453125 1.8671875 1376.7429299425723 536
340 0.6 15.357666015625 3.584008010107233 8667.841064453125 1.8671875 1351.8447761954842 546
350 0.4 15.34747314453125 4.72089195386746 8667.841064453125 1.8671875 1337.3177423891814 552
360 0 0 0 8667.841064453125 1.8671875 1327.8071649126011 556
370 0.1 13.614013671875 0.0 8667.841064453125 1.8671875 1327.8071649126011 556
380 0 0 0 8667.841064453125 1.8671875 1325.4477517146825 557
388 0.1 13.780029296875 0.0 8667.841064453125 1.8671875 1325.4477517146825 557
