20 0.1 1223.10693359375 0 1223.10693359375 1223.10693359375 0 0
30 0.1 714.9541015625 0.0 1223.10693359375 714.9541015625 1223.10693359375 1
40 0.1 704.557861328125 0.0 1223.10693359375 704.557861328125 969.030517578125 2
50 0.1 707.14404296875 0.0 1223.10693359375 704.557861328125 880.8729654947916 3
60 0.3 547.110107421875 248.8417214567187 1223.10693359375 195.34912109375 837.4407348632813 4
70 0.2 770.546142578125 58.35400390625 1223.10693359375 195.34912109375 713.0133231026786 7
80 0.1 712.115966796875 0.0 1223.10693359375 195.34912109375 725.7983940972222 9
90 0.1 708.95703125 0.0 1223.10693359375 195.34912109375 724.4301513671875 10
100 0.1 518.053955078125 0.0 1223.10693359375 195.34912109375 723.0235040838069 11
110 0.2 731.5421142578125 11.8089599609375 1223.10693359375 195.34912109375 705.9427083333334 12
120 0.6 854.2876790364584 197.53324840950097 1279.83203125 195.34912109375 709.5997663225446 14
130 0.9 975.8205837673611 648.3370021746952 2805.64892578125 195.34912109375 753.0061401367187 20
140 0.9 929.365478515625 509.32400820322226 2805.64892578125 195.34912109375 822.1554502289871 29
150 1.2 1048.4175415039063 964.0791232612366 4068.718017578125 195.34912109375 847.5472990337171 38
160 0.8 776.0902404785156 214.07359373641827 4068.718017578125 195.34912109375 895.7561572265626 50
170 1.4 678.5526820591518 329.17647288962655 4068.718017578125 195.34912109375 879.2505135371767 58
180 1.6 775.0686645507813 301.84120692983015 4068.718017578125 195.34912109375 840.2259351942274 72
190 2.3 1434.0077488111413 1200.9378308969137 5857.2119140625 195.34912109375 828.3791587136009 88
200 2.4 1391.9578247070313 631.2434585400632 5857.2119140625 195.34912109375 953.8697674725506 111
210 2.5 4699.98369140625 831.1413854837348 6587.373046875 195.34912109375 1031.7520887586807 135
220 3.1 6397.031958795363 1681.6034302671123 9323.27099609375 1.7841796875 1604.9132766723633 160
230 4.2 7291.592465355283 4292.966953025635 12954.72705078125 1.697021484375 2382.6917015195518 191
240 4.6 5147.226233440897 4337.340245093745 14368.616943359375 1.697021484375 3267.55793362728 233
250 5.9 4824.499971034165 3273.7399739150414 14368.616943359375 1.656005859375 3577.4674024137544 279
260 6.7 4956.925431436567 4450.5301343858955 14368.616943359375 1.656005859375 3795.1446851019323 338
270 5.4 7600.793900101273 5131.804926944011 17264.800048828125 1.656005859375 3987.340512273341 405
280 3.9 8665.413968599762 4589.969783562926 17264.800048828125 1.656005859375 4412.452675547215 459
290 3.5 8123.64079938616 4236.131213599207 17264.800048828125 1.656005859375 4745.515909340487 498
300 0.8 2171.21728515625 1583.53364027823 17264.800048828125 1.656005859375 4967.343997805025 533
310 0.2 706.5760498046875 2.7039794921875 17264.800048828125 1.656005859375 4925.996467858277 541
320 0.1 708.931884765625 0.0 17264.800048828125 1.656005859375 4910.455324513697 543
330 0 0 0 17264.800048828125 1.656005859375 4902.73193583769 544
340 0.1 713.404052734375 0.0 17264.800048828125 1.656005859375 4902.73193583769 544
350 0 0 0 17264.800048828125 1.656005859375 4895.045095685206 545
360 0 0 0 17264.800048828125 1.656005859375 4895.045095685206 545
370 0 0 0 17264.800048828125 1.656005859375 4895.045095685206 545
380 0 0 0 17264.800048828125 1.656005859375 4895.045095685206 545
388 0 0 0 17264.800048828125 1.656005859375 4895.045095685206 545
