130 12.5 125
140 19 315
150 42.7 742
160 94.7 1689
170 98.5 2674
180 146.1 4135
190 173.7 5872
200 164.9 7521
210 158.4 9105
220 169 10795
230 181.6 12611
240 171.9 14330
250 161.4 15944
260 189.9 17843
270 181.8 19661
280 227.5 21936
290 214.9 24085
300 221.8 26303
310 197.5 28278
320 102.6 29304
330 91.5 30219
340 91.2 31131
350 85.9 31990
360 64.5 32635
370 41.2 33047
380 24 33287
390 2.1 33308
400 0 33308
410 0 33308
420 0 33308
430 0 33308
440 0 33308
450 0 33308
460 0 33308
470 0 33308
480 0 33308
485 0 33308
