0 0.1 3171.84765625 0 3171.84765625 3171.84765625 0 0
10 0.1 3171.3359375 0.0 3171.84765625 3171.3359375 3171.84765625 1
20 0.1 3168.71484375 0.0 3171.84765625 3168.71484375 3171.591796875 2
30 0.1 3165.46484375 0.0 3171.84765625 3165.46484375 3170.6328125 3
40 0.1 3160.73828125 0.0 3171.84765625 3160.73828125 3169.3408203125 4
50 0.1 3157.34765625 0.0 3171.84765625 3157.34765625 3167.6203125 5
60 0.1 3156.1328125 0.0 3171.84765625 3156.1328125 3165.908203125 6
70 0.1 3158.546875 0.0 3171.84765625 3156.1328125 3164.51171875 7
80 0.1 3154.64453125 0.0 3171.84765625 3154.64453125 3163.76611328125 8
90 0.1 3155.3828125 0.0 3171.84765625 3154.64453125 3162.7526041666665 9
100 0.1 3147.6796875 0.0 3171.84765625 3147.6796875 3162.015625 10
110 0.1 3140.4765625 0.0 3171.84765625 3140.4765625 3160.7123579545455 11
120 0.1 3131.6328125 0.0 3171.84765625 3131.6328125 3159.0260416666665 12
130 0.1 3125.39453125 0.0 3171.84765625 3125.39453125 3156.9188701923076 13
140 0.1 3115.55859375 0.0 3171.84765625 3115.55859375 3154.6671316964284 14
150 0.1 3109.19140625 0.0 3171.84765625 3109.19140625 3152.0598958333335 15
160 0.1 3103.9765625 0.0 3171.84765625 3103.9765625 3149.380615234375 16
170 0.1 3108.46484375 0.0 3171.84765625 3103.9765625 3146.709788602941 17
180 0.1 3102.17578125 0.0 3171.84765625 3102.17578125 3144.5850694444443 18
190 0.1 3093.8984375 0.0 3171.84765625 3093.8984375 3142.3530016447367 19
200 0.1 3085.9296875 0.0 3171.84765625 3085.9296875 3139.9302734375 20
210 0.1 3079.84765625 0.0 3171.84765625 3079.84765625 3137.358816964286 21
220 0.1 3068.96484375 0.0 3171.84765625 3068.96484375 3134.7446732954545 22
230 0.1 3056.8671875 0.0 3171.84765625 3056.8671875 3131.8846807065215 23
240 0.1 3040.921875 0.0 3171.84765625 3040.921875 3128.7589518229165 24
250 0.1 3030.80859375 0.0 3171.84765625 3030.80859375 3125.24546875 25
260 0.1 3021.265625 0.0 3171.84765625 3021.265625 3121.61328125 26
270 0.1 3014.890625 0.0 3171.84765625 3014.890625 3117.8967013888887 27
280 0.1 3013.9921875 0.0 3171.84765625 3013.9921875 3114.2179129464284 28
290 0.1 3013.609375 0.0 3171.84765625 3013.609375 3110.761853448276 29
300 0.1 3014.07421875 0.0 3171.84765625 3013.609375 3107.5234375 30
310 0.1 3013.58984375 0.0 3171.84765625 3013.58984375 3104.5089465725805 31
320 0.1 3014.6328125 0.0 3171.84765625 3013.58984375 3101.667724609375 32
330 0.1 3018.2890625 0.0 3171.84765625 3013.58984375 3099.030303030303 33
340 0.1 3017.00390625 0.0 3171.84765625 3013.58984375 3096.655560661765 34
350 0.1 3017.8203125 0.0 3171.84765625 3013.58984375 3094.379799107143 35
360 0.1 3031.81640625 0.0 3171.84765625 3013.58984375 3092.2531467013887 36
370 0.1 3029.078125 0.0 3171.84765625 3013.58984375 3090.6197212837837 37
380 0.1 3028.69140625 0.0 3171.84765625 3013.58984375 3089.0002055921054 38
390 0.1 3027.51953125 0.0 3171.84765625 3013.58984375 3087.453826121795 39
400 0.1 3042.85546875 0.0 3171.84765625 3013.58984375 3085.95546875 40
410 0.1 3042.98046875 0.0 3171.84765625 3013.58984375 3084.904249237805 41
420 0.1 3046.96875 0.0 3171.84765625 3013.58984375 3083.9060639880954 42
430 0.1 3060.34765625 0.0 3171.84765625 3013.58984375 3083.0470566860463 43
440 0.1 3062.296875 0.0 3171.84765625 3013.58984375 3082.531161221591 44
450 0.1 3062.5078125 0.0 3171.84765625 3013.58984375 3082.081510416667 45
460 0.1 3062.796875 0.0 3171.84765625 3013.58984375 3081.655995244565 46
470 0.1 3062.4453125 0.0 3171.84765625 3013.58984375 3081.2547373670213 47
480 0.1 3062.79296875 0.0 3171.84765625 3013.58984375 3080.8628743489585 48
