0 0.1 0.0 0 0.0 0.0 0 0
10 0.1 0.0 0.0 0.0 0.0 0.0 1
20 0.1 0.078125 0.0 0.078125 0.0 0.0 2
30 0.1 0.0703125 0.0 0.078125 0.0 0.026041666666666668 3
40 0.1 0.05859375 0.0 0.078125 0.0 0.037109375 4
50 0.1 0.05078125 0.0 0.078125 0.0 0.04140625 5
60 0.1 0.0390625 0.0 0.078125 0.0 0.04296875 6
70 0.1 0.0390625 0.0 0.078125 0.0 0.04241071428571429 7
80 0.1 0.03125 0.0 0.078125 0.0 0.0419921875 8
90 0.1 0.03125 0.0 0.078125 0.0 0.04079861111111111 9
100 0.1 0.01953125 0.0 0.078125 0.0 0.03984375 10
110 0.1 0.1015625 0.0 0.1015625 0.0 0.03799715909090909 11
120 0.1 0.078125 0.0 0.1015625 0.0 0.043294270833333336 12
130 0.1 0.0703125 0.0 0.1015625 0.0 0.045973557692307696 13
140 0.1 0.05859375 0.0 0.1015625 0.0 0.04771205357142857 14
150 0.1 0.05078125 0.0 0.1015625 0.0 0.0484375 15
160 0.1 0.0390625 0.0 0.1015625 0.0 0.048583984375 16
170 0.1 0.0390625 0.0 0.1015625 0.0 0.04802389705882353 17
180 0.1 0.03125 0.0 0.1015625 0.0 0.047526041666666664 18
190 0.1 0.03125 0.0 0.1015625 0.0 0.04666940789473684 19
200 0.1 0.1796875 0.0 0.1796875 0.0 0.0458984375 20
210 0.1 0.1484375 0.0 0.1796875 0.0 0.05226934523809524 21
220 0.1 0.12890625 0.0 0.1796875 0.0 0.056640625 22
230 0.1 0.109375 0.0 0.1796875 0.0 0.059782608695652176 23
240 0.1 0.16015625 0.0 0.1796875 0.0 0.061848958333333336 24
250 0.1 0.140625 0.0 0.1796875 0.0 0.06578125 25
260 0.1 0.12109375 0.0 0.1796875 0.0 0.06865985576923077 26
270 0.1 0.1015625 0.0 0.1796875 0.0 0.07060185185185185 27
280 0.1 0.078125 0.0 0.1796875 0.0 0.07170758928571429 28
290 0.1 0.140625 0.0 0.1796875 0.0 0.07192887931034483 29
300 0.1 0.19921875 0.0 0.19921875 0.0 0.07421875 30
310 0.1 0.171875 0.0 0.19921875 0.0 0.07825100806451613 31
320 0.1 0.21875 0.0 0.21875 0.0 0.0811767578125 32
330 0.1 0.19140625 0.0 0.21875 0.0 0.08534564393939394 33
340 0.1 0.16015625 0.0 0.21875 0.0 0.08846507352941177 34
350 0.1 0.12890625 0.0 0.21875 0.0 0.09051339285714285 35
360 0.1 0.109375 0.0 0.21875 0.0 0.0915798611111111 36
370 0.1 0.1015625 0.0 0.21875 0.0 0.09206081081081081 37
380 0.1 0.078125 0.0 0.21875 0.0 0.0923108552631579 38
390 0.1 0.0703125 0.0 0.21875 0.0 0.09194711538461539 39
400 0.1 0.05859375 0.0 0.21875 0.0 0.09140625000000001 40
410 0.1 0.05078125 0.0 0.21875 0.0 0.09060594512195123 41
420 0.1 0.0390625 0.0 0.21875 0.0 0.08965773809523811 42
430 0.1 0.0390625 0.0 0.21875 0.0 0.0884811046511628 43
440 0.1 0.03125 0.0 0.21875 0.0 0.08735795454545454 44
450 0.1 0.08984375 0.0 0.21875 0.0 0.08611111111111111 45
460 0.1 0.078125 0.0 0.21875 0.0 0.08619225543478261 46
470 0.1 0.05859375 0.0 0.21875 0.0 0.08602061170212766 47
480 0.1 0.05078125 0.0 0.21875 0.0 0.08544921875 48
