0 1.1 28.352672230113637 35.92024913065751 122.1240234375 4.87890625 0 0
10 3.1 21.249133694556452 53.48611113763022 311.571044921875 3.674072265625 28.352672230113637 11
20 4.4 80.49466219815342 163.24370293287237 782.48291015625 3.674072265625 23.109584263392858 42
30 11.8 38.694993875794495 57.90277988108725 782.48291015625 3.556884765625 52.46939157885174 86
40 15.7 136.8219359574045 329.6450089353726 3413.30517578125 3.556884765625 44.50184780943628 204
50 15.7 30.33070480443869 47.73614102252554 3413.30517578125 3.538818359375 84.65213545273546 361
60 14.6 56.128322653574486 78.86356074966223 3413.30517578125 3.538818359375 68.18791805547177 518
70 25 86.1457197265625 289.47698439590437 3413.30517578125 3.538818359375 65.53626003035579 664
80 19.8 56.07894743331753 94.43849574104236 3413.30517578125 3.538818359375 71.17342077877119 914
90 26.7 89.92874019779964 144.5259824122715 3413.30517578125 3.538818359375 68.48573577661307 1112
100 34.4 294.37158274096123 265.656959091361 3413.30517578125 3.538818359375 72.63749950428299 1379
110 35.3 268.00116952350385 269.15328537769716 3413.30517578125 3.538818359375 116.90710172913343 1723
120 34.9 1016.1364704121146 550.561647134478 3413.30517578125 3.538818359375 142.59891576160587 2076
130 55.7 1594.6520321090945 1022.7423013096055 3800.156005859375 0.067138671875 268.31627929687494 2425
140 64.7 1671.071373964572 1156.8599685659788 4164.10009765625 0.067138671875 516.0590741715921 2982
150 88.1 1230.717861838022 1257.0185197419535 4164.10009765625 0.06005859375 721.9816307894091 3629
160 151.3 698.8555210312703 1053.2783022357994 4164.10009765625 0.06005859375 821.3600386727412 4510
170 161 675.8575965644407 967.5448222079008 4164.10009765625 0.06005859375 790.5864482374855 6023
180 214.8 506.1817620133562 852.1395056939014 4164.10009765625 0.056884765625 766.3871227830637 7633
190 246.4 484.3446127160807 781.9936191893356 4164.10009765625 0.056884765625 709.2435674274424 9781
200 247.8 893.0897562613501 1577.8520215863853 9105.94921875 0.056884765625 663.988277561473 12245
210 237 1186.998752616525 2369.101745286017 13643.31494140625 0.056884765625 702.5479097164886 14723
220 253.3 1243.968250923745 2826.181085719635 22634.348876953125 0.056884765625 769.7185934860485 17093
230 255.2 1410.1475021697165 3257.4717675573465 22634.348876953125 0.053955078125 830.926908083505 19626
240 249 1451.799288070249 3611.357678193285 36078.267822265625 0.053955078125 897.5772352594456 22178
250 241.4 2807.3323174629104 7496.082845452264 38314.2470703125 0.053955078125 953.5206806745138 24668
260 275.4 2993.1710593362777 8746.504870840805 67384.5458984375 0.053955078125 1118.7633249108032 27082
270 262.8 3031.6203721044953 9642.739843100378 67954.14306640625 0.053955078125 1291.7797782090925 29836
280 321.8 4397.735214318743 15014.62035654989 68643.14599609375 0.053955078125 1432.6219751274364 32464
290 304.4 5256.372861604026 16800.410820996334 73029.1630859375 0.053955078125 1700.0322773447342 35682
300 312.4 4825.73445619785 15887.415272809923 73029.1630859375 0.053955078125 1979.5731733444577 38726
310 290.9 1013.7820791885061 6078.611215916504 73029.1630859375 0.053955078125 2192.032142224601 41850
320 195.4 592.7611163948546 1562.630720179953 73029.1630859375 0.053955078125 2115.4547067731387 44759
330 180.2 607.9811213723026 1614.2804766901197 73029.1630859375 0.053955078125 2051.7605900262124 46713
340 178.9 598.4307176942845 690.094402113886 73029.1630859375 0.053955078125 1998.134070341283 48515
350 162 735.6985957392933 3114.382251017651 122035.72680664063 0.053955078125 1948.3553390697048 50304
360 150.4 720.5705623220881 716.7704905907453 122035.72680664063 0.053955078125 1910.521121286112 51924
370 115.7 870.8884950471316 754.1000978916818 122035.72680664063 0.053955078125 1877.0239729616026 53428
380 99.7 1066.3949597816907 743.5178756183652 122035.72680664063 0.053955078125 1855.697624185436 54585
390 74.7 1322.7471180294112 310.68002955233504 122035.72680664063 0.053955078125 1841.539537819157 55582
400 72.2 1060.3490832215211 158.1472486270431 122035.72680664063 0.053955078125 1834.659636922941 56329
410 69.3 746.1684052438447 256.1830659861973 122035.72680664063 0.053955078125 1824.86047091757 57051
420 32.5 203.44891150841337 180.33984307800333 122035.72680664063 0.053955078125 1811.9148211269096 57744
430 8.9 12.034316845154496 18.93352596804702 122035.72680664063 0.053955078125 1802.9125751673441 58069
440 3.2 13.691970825195313 5.9417049000704445 122035.72680664063 0.053955078125 1800.1719691459768 58158
450 5.8 10.563497609105603 7.050925248601194 122035.72680664063 0.053955078125 1799.189543300535 58190
460 0.3 61.714680989583336 63.34813242252135 122035.72680664063 0.053955078125 1797.4085326108957 58248
470 2.9 8.759529903017238 10.341722900683079 122035.72680664063 0.053955078125 1797.319142187472 58251
480 0.4 26.2042236328125 27.80240385517642 122035.72680664063 0.053955078125 1796.4291588526014 58280
485 0.2 110.08203125 6.044921875 122035.72680664063 0.053955078125 1796.3076692544118 58284
