0 0.3 45.951416015625 55.3275573562738 124.192138671875 6.1240234375 0 0
10 0.5 10.805810546875 6.328686932892422 124.192138671875 6.031005859375 45.951416015625 3
20 0.6 19.9830322265625 10.608013931662315 124.192138671875 6.031005859375 23.98541259765625 8
30 0.5 33.990380859375 26.979634271808788 124.192138671875 6.031005859375 22.270106724330358 14
40 0.6 51.271402994791664 40.822435623433975 124.192138671875 6.031005859375 25.35438939144737 19
50 0.9 15.968695746527779 12.64973412575768 124.192138671875 6.031005859375 31.57447265625 25
60 0.7 6.552455357142857 0.540147757974349 124.192138671875 5.97900390625 27.443531709558822 34
70 1.1 40.900390625 44.08449969353731 151.462158203125 5.97900390625 23.876762576219512 41
80 1.1 20.18929776278409 22.366298761269128 151.462158203125 5.76806640625 27.47791466346154 52
90 1.8 58.80931260850694 75.08826119145346 231.97509765625 5.76806640625 26.205299014136905 63
100 2.2 236.42713512073863 145.97579780474513 542.7060546875 5.76806640625 33.45063536844136 81
110 1.4 174.70211356026786 110.91514380484385 542.7060546875 5.76806640625 76.80483919902913 103
120 2 951.1918823242188 487.5090259309702 2184.748046875 5.76806640625 88.51904296875 117
130 5.3 1778.164509323408 838.243653054943 2998.428955078125 1.43994140625 214.45668375057025 137
140 4.2 1752.7762916201636 1068.4720718369147 3038.01904296875 1.179931640625 650.6488666735197 190
150 5.4 876.4300672743055 1139.1896634222098 3038.01904296875 1.179931640625 850.171934982826 232
160 7 857.8956612723214 1059.8808680661703 3038.01904296875 1.14599609375 855.1297641567417 286
170 7 620.2484270368302 956.6006410138989 3038.01904296875 1.14599609375 855.6736203311534 356
180 12 507.0317993164063 837.6122196259449 3038.01904296875 1.14404296875 816.9887294142459 426
190 13.6 638.8597842945774 809.401528035303 3038.01904296875 1.14404296875 748.8663271949405 546
200 7.6 5162.632488049961 1421.101823876455 9096.81396484375 1.14404296875 726.9295385813783 682
210 7.4 8358.29850810283 2892.482641988093 13643.39697265625 1.14404296875 1171.6702036996003 758
220 8.2 8120.172714605564 5229.974273428062 20538.867919921875 1.14404296875 1810.8655096200796 832
230 10.3 9924.529102510622 5732.389454233166 20661.8349609375 1.14404296875 2376.9083879666987 914
240 9.1 11531.73002071171 7702.024813163041 35788.718994140625 1.14404296875 3141.3183521732117 1017
250 10.3 24486.93471253034 9874.573706361038 38314.40283203125 1.14404296875 3830.42255960733 1108
260 8.3 33398.29810746895 6546.335233057652 67281.31396484375 1.14404296875 5587.334823646199 1211
270 7.1 39055.96279778279 9783.531595656441 67281.31396484375 1.14404296875 7371.191046642559 1294
280 7.8 66220.95405461238 1066.3160304665566 68643.27709960938 1.14404296875 9019.263423441795 1365
290 10.7 66064.33741831552 1023.961767033401 73029.541015625 1.14404296875 12111.246700802367 1443
300 9.6 65767.14492034914 666.3874209982329 73029.541015625 1.14404296875 15835.750382591987 1550
310 0.3 65872.67163085938 11.169790029817648 73029.541015625 1.14404296875 18747.909480784383 1646
320 0.8 127297.72964477539 25.72647798165256 127328.0791015625 1.14404296875 18833.64282611502 1649
330 4.6 127691.95188306726 607.3941002810938 128827.44799804688 1.14404296875 19357.30769910795 1657
340 8.6 127603.30783010084 573.9246010049442 128953.7138671875 1.14404296875 22283.55175809922 1703
350 3.9 127350.11198542669 1027.435470801516 129080.79296875 1.14404296875 27346.43550443356 1789
360 1.6 127728.15036010742 701.0286204177628 129080.79296875 1.14404296875 29479.993153645122 1828
370 0 0 0 129080.79296875 1.14404296875 30332.471741119847 1844
380 0 0 0 129080.79296875 1.14404296875 30332.471741119847 1844
390 0 0 0 129080.79296875 1.14404296875 30332.471741119847 1844
400 0 0 0 129080.79296875 1.14404296875 30332.471741119847 1844
410 0 0 0 129080.79296875 1.14404296875 30332.471741119847 1844
420 0 0 0 129080.79296875 1.14404296875 30332.471741119847 1844
430 0 0 0 129080.79296875 1.14404296875 30332.471741119847 1844
440 0 0 0 129080.79296875 1.14404296875 30332.471741119847 1844
450 0 0 0 129080.79296875 1.14404296875 30332.471741119847 1844
460 0 0 0 129080.79296875 1.14404296875 30332.471741119847 1844
470 0 0 0 129080.79296875 1.14404296875 30332.471741119847 1844
480 0 0 0 129080.79296875 1.14404296875 30332.471741119847 1844
485 0 0 0 129080.79296875 1.14404296875 30332.471741119847 1844
