0 0.1 0.0 0 0.0 0.0 0 0
10 0.1 0.0 0.0 0.0 0.0 0.0 1
20 0.1 0.078125 0.0 0.078125 0.0 0.0 2
30 0.1 0.0703125 0.0 0.078125 0.0 0.026041666666666668 3
40 0.1 0.05859375 0.0 0.078125 0.0 0.037109375 4
50 0.1 0.05078125 0.0 0.078125 0.0 0.04140625 5
60 0.1 0.0390625 0.0 0.078125 0.0 0.04296875 6
70 0.1 0.0390625 0.0 0.078125 0.0 0.04241071428571429 7
80 0.1 0.03125 0.0 0.078125 0.0 0.0419921875 8
90 0.1 0.03125 0.0 0.078125 0.0 0.04079861111111111 9
100 0.1 0.01953125 0.0 0.078125 0.0 0.03984375 10
110 0.1 0.01953125 0.0 0.078125 0.0 0.03799715909090909 11
120 0.1 0.01953125 0.0 0.078125 0.0 0.036458333333333336 12
130 0.1 0.01171875 0.0 0.078125 0.0 0.03515625 13
140 0.1 0.01171875 0.0 0.078125 0.0 0.033482142857142856 14
150 0.1 0.01171875 0.0 0.078125 0.0 0.03203125 15
160 0.1 0.01171875 0.0 0.078125 0.0 0.030761718749999997 16
170 0.1 0.01171875 0.0 0.078125 0.0 0.029641544117647058 17
180 0.1 0.01171875 0.0 0.078125 0.0 0.028645833333333332 18
190 0.1 0.0 0.0 0.078125 0.0 0.027754934210526317 19
200 0.1 0.0 0.0 0.078125 0.0 0.0263671875 20
210 0.1 0.078125 0.0 0.078125 0.0 0.025111607142857144 21
220 0.1 0.05859375 0.0 0.078125 0.0 0.02752130681818182 22
230 0.1 0.2109375 0.0 0.2109375 0.0 0.028872282608695652 23
240 0.1 0.1796875 0.0 0.2109375 0.0 0.036458333333333336 24
250 0.1 0.21875 0.0 0.21875 0.0 0.0421875 25
260 0.1 0.19140625 0.0 0.21875 0.0 0.048978365384615384 26
270 0.1 0.16015625 0.0 0.21875 0.0 0.054253472222222224 27
280 0.1 0.12890625 0.0 0.21875 0.0 0.05803571428571429 28
290 0.1 0.109375 0.0 0.21875 0.0 0.060479525862068964 29
300 0.1 0.1015625 0.0 0.21875 0.0 0.062109375 30
310 0.1 0.078125 0.0 0.21875 0.0 0.0633820564516129 31
320 0.1 0.0703125 0.0 0.21875 0.0 0.0638427734375 32
330 0.1 0.05859375 0.0 0.21875 0.0 0.06403882575757576 33
340 0.1 0.05078125 0.0 0.21875 0.0 0.06387867647058823 34
350 0.1 0.0390625 0.0 0.21875 0.0 0.06350446428571428 35
360 0.1 0.0390625 0.0 0.21875 0.0 0.06282552083333333 36
370 0.1 0.03125 0.0 0.21875 0.0 0.06218327702702703 37
