10 0.1 64 0 64 64 0 0
20 0.1 176.0 0.0 176 64 64.0 1
30 0.1 134.0 0.0 176 64 120.0 2
40 0.1 282.0 0.0 282 64 124.66666666666667 3
50 0.1 263.0 0.0 282 64 164.0 4
60 0.1 541.0 0.0 541 64 183.8 5
70 0.1 564.0 0.0 564 64 243.33333333333334 6
80 0.1 583.0 0.0 583 64 289.14285714285717 7
90 0.1 661.0 0.0 661 64 325.875 8
100 0.1 1155.0 0.0 1155 64 363.1111111111111 9
110 0.1 1438.0 0.0 1438 64 442.3 10
120 0.1 1312.0 0.0 1438 64 532.8181818181819 11
130 0.1 1806.0 0.0 1806 64 597.7500000000001 12
140 0.1 1978.0 0.0 1978 64 690.6923076923078 13
150 0.1 2586.0 0.0 2586 64 782.6428571428572 14
160 0.1 3881.0 0.0 3881 64 902.8666666666668 15
170 0.1 5061.0 0.0 5061 64 1089.0 16
180 0.1 4181.0 0.0 5061 64 1322.6470588235295 17
190 0.1 5625.0 0.0 5625 64 1481.4444444444443 18
200 0.1 6789.0 0.0 6789 64 1699.5263157894738 19
210 0.1 7415.0 0.0 7415 64 1954.0 20
220 0.1 10587.0 0.0 10587 64 2214.0476190476193 21
230 0.1 11434.0 0.0 11434 64 2594.636363636364 22
240 0.1 12678.0 0.0 12678 64 2978.9565217391305 23
250 0.1 10481.0 0.0 12678 64 3383.0833333333335 24
260 0.1 9182.0 0.0 12678 64 3667.0 25
270 0.1 8585.0 0.0 12678 64 3879.1153846153848 26
280 0.1 7634.0 0.0 12678 64 4053.4074074074074 27
290 0.1 7253.0 0.0 12678 64 4181.285714285715 28
300 0.1 6009.0 0.0 12678 64 4287.206896551725 29
310 0.1 1681.0 0.0 12678 64 4344.6 30
320 0.1 710.0 0.0 12678 64 4258.677419354839 31
330 0.1 235.0 0.0 12678 64 4147.78125 32
340 0.1 123.0 0.0 12678 64 4029.212121212121 33
350 0.1 14.0 0.0 12678 14 3914.323529411765 34
360 0.1 262.0 0.0 12678 14 3802.885714285714 35
370 0.1 2.0 0.0 12678 2 3704.527777777778 36
