0 19.53671875 19.53671875
10 45.5890625 65.12578125
20 73.6328125 138.75859375
30 81.1453125 219.90390625
40 166.33828125 386.2421875
50 257.5734375 643.815625
60 244.20625 888.021875
70 291.74765625 1179.76953125
80 379.06171875 1558.83125
90 499.76015625 2058.59140625
100 777.85859375 2836.45
110 525.1328125 3361.5828125
120 950.94375 4312.5265625
130 903.17890625 5215.70546875
140 1144.67734375 6360.3828125
150 1284.4140625 7644.796875
160 1777.5046875 9422.3015625
170 1546.515625 10968.8171875
180 1477.33203125 12446.14921875
190 2051.134375 14497.28359375
200 2216.08359375 16713.3671875
210 2547.77734375 19261.14453125
220 2970.45078125 22231.5953125
230 3252.375 25483.9703125
240 3170.13984375 28654.11015625
250 2634.39921875 31288.509375
260 2392.12265625 33680.63203125
270 2068.96015625 35749.5921875
280 1838.3109375 37587.903125
290 1884.94765625 39472.85078125
300 1166.38671875 40639.2375
310 355.6875 40994.925
320 193.10625 41188.03125
330 117.13359375 41305.16484375
340 2.80390625 41307.96875
350 71.16015625 41379.12890625
360 86.47265625 41465.6015625
370 0 41465.6015625
374 23.22421875 41488.82578125
