0 4.7046875 4.7046875
10 13.5296875 18.234375
20 22.328125 40.5625
30 28.13125 68.69375
40 46.46171875 115.15546875
50 90.6640625 205.81953125
60 82.6890625 288.50859375
70 88.06640625 376.575
80 113.49453125 490.06953125
90 161.4078125 651.47734375
100 262.63828125 914.115625
110 164.8 1078.915625
120 283.21015625 1362.12578125
130 293.00546875 1655.13125
140 377.1484375 2032.2796875
150 472.625 2504.9046875
160 609.3640625 3114.26875
170 603.41875 3717.6875
180 678.75546875 4396.44296875
190 1096.90078125 5493.34375
200 1380.22421875 6873.56796875
210 1899.71171875 8773.2796875
220 2253.00859375 11026.28828125
230 2597.01171875 13623.3
240 3022.1828125 16645.4828125
250 2413.88125 19059.3640625
260 2196.31875 21255.6828125
270 1657.265625 22912.9484375
280 1344.4203125 24257.36875
290 1427.54375 25684.9125
300 688.39375 26373.30625
310 246.1421875 26619.4484375
320 151.33828125 26770.78671875
330 80.8 26851.58671875
340 2.7109375 26854.29765625
350 24.5671875 26878.86484375
360 41.6625 26920.52734375
370 0 26920.52734375
374 21.65390625 26942.18125
