30 0.1 14.80908203125 0 14.80908203125 14.80908203125 0 0
40 0.1 16.10986328125 0.0 16.10986328125 14.80908203125 14.80908203125 1
50 0 0 0 16.10986328125 14.80908203125 15.45947265625 2
60 0.4 15.215087890625 1.0389400926351195 16.23291015625 13.7412109375 15.45947265625 2
70 0.3 15.830078125 1.3895370856981535 17.72509765625 13.7412109375 15.296549479166666 6
80 0.1 18.743896484375 0.0 18.743896484375 13.7412109375 15.47439236111111 9
90 0.2 137.31005859375 121.530029296875 258.840087890625 13.7412109375 15.8013427734375 10
100 0.4 20.2655029296875 5.532351331659023 258.840087890625 13.7412109375 36.05279541015625 12
110 0.5 49.14462890625 43.36836201243687 258.840087890625 13.464111328125 32.10597229003906 16
120 0.6 77.34700520833333 71.0443371335174 258.840087890625 13.464111328125 36.16279529389881 21
130 0.4 21.3609619140625 13.71123588704654 258.840087890625 12.449951171875 45.314841941550924 27
140 0.4 40.7947998046875 21.332047002297916 258.840087890625 12.449951171875 42.224018712197584 31
150 0.7 95.40433175223214 72.69122989481467 258.840087890625 12.449951171875 42.060679408482144 35
160 0.2 31.54150390625 16.96044921875 258.840087890625 12.449951171875 50.951288132440474 42
170 0.8 1057.2010192871094 533.7048951099605 2008.22900390625 12.449951171875 50.06902521306818 44
180 0.9 1954.5682237413193 895.5205730979428 3083.458984375 2.4189453125 205.01240891676682 52
190 1.8 223.05263943142364 622.496744060125 3083.458984375 1.708984375 463.14359471055326 61
200 2.3 929.3890752377717 980.4202878796752 3083.458984375 1.708984375 408.439326419106 79
210 3.7 521.1976747255068 839.9241777856637 3083.458984375 1.708984375 525.9083874272366 102
220 2.6 601.3816950871394 809.4825531821696 3083.458984375 1.708984375 524.654456708071 139
230 2.8 351.1208234514509 661.3191337535362 3083.458984375 1.708984375 536.7448094223485 165
240 5.2 292.7036602313702 573.5361101599545 3083.458984375 1.708984375 509.8149047219074 193
250 5.4 556.5215883608217 638.6278784329575 3083.458984375 1.708984375 463.7341507892219 245
260 3.7 777.8868375211149 612.5012852158601 3083.458984375 1.708984375 480.49174821017976 299
270 2.9 741.9348312904096 583.7044523904076 3083.458984375 1.708984375 513.2406122116815 336
280 0.8 1134.6996459960938 159.7588262896462 3083.458984375 1.708984375 531.4108378371147 365
290 0.2 864.3265380859375 56.8275146484375 3083.458984375 1.708984375 544.3500079852965 373
300 0.2 182.1690673828125 167.5059814453125 3083.458984375 1.708984375 546.0565494791666 375
310 0 0 0 3083.458984375 1.708984375 544.1261119083637 377
320 0 0 0 3083.458984375 1.708984375 544.1261119083637 377
330 0 0 0 3083.458984375 1.708984375 544.1261119083637 377
340 0.1 7.210205078125 0.0 3083.458984375 1.708984375 544.1261119083637 377
350 0 0 0 3083.458984375 1.708984375 542.7056994564318 378
360 0 0 0 3083.458984375 1.708984375 542.7056994564318 378
370 0 0 0 3083.458984375 1.708984375 542.7056994564318 378
374 0 0 0 3083.458984375 1.708984375 542.7056994564318 378
