0 0.3 47.113688151041664 51.18466811923988 119.4990234375 10.64208984375 0 0
10 0.5 11.8828125 2.289881182923948 119.4990234375 10.19189453125 47.113688151041664 3
20 0.3 11.358072916666666 0.5604042760904442 119.4990234375 10.19189453125 25.094390869140625 8
30 0.5 18.917236328125 16.063140060793557 119.4990234375 9.29296875 21.348122336647727 11
40 0.7 85.49574497767857 183.52436877357718 535.034912109375 9.29296875 20.588470458984375 16
50 0.5 15.818994140625 9.759342832387091 535.034912109375 9.29296875 40.34285835597826 23
60 0.9 22.26445855034722 29.528118538437848 535.034912109375 8.463134765625 35.96359688895089 28
70 0.7 19.704415457589285 24.31692562131712 535.034912109375 8.463134765625 32.63137404983108 37
80 1.3 24.076904296875 26.324592705852364 535.034912109375 8.463134765625 30.574812455610797 44
90 1.1 39.05197975852273 68.81538212268539 535.034912109375 8.463134765625 29.092833401864034 57
100 1.5 42.0037109375 101.10123640308849 535.034912109375 8.463134765625 30.703871783088236 68
110 1.7 20.429443359375 13.697174555499377 535.034912109375 8.463134765625 32.74601138930723 83
120 2.2 31.337646484375004 23.76007254994202 535.034912109375 8.463134765625 30.65219482421875 100
130 3.9 20.52979767628205 19.16480156590478 535.034912109375 8.463134765625 30.775800861296105 122
140 2.4 55.30767822265625 62.439888396810225 535.034912109375 8.463134765625 28.293849779211957 161
150 6.7 119.57553783815298 140.5557093639003 535.034912109375 8.463134765625 31.79834644214527 185
160 7.9 415.01505327828323 314.91421517019893 1162.60498046875 8.463134765625 55.13593304346478 252
170 4 1261.1698303222656 698.4009568107704 2368.929931640625 5.330078125 141.0285327369713 331
180 8.1 1824.2525227864583 1075.5889156394576 3360.544921875 3.285888671875 261.79848395910545 371
190 14.6 1273.9260069964682 1029.3939234342902 3360.544921875 3.0390625 541.795778527724 452
200 12 1188.0216166178384 1039.1021549712195 3360.544921875 3.0390625 720.5432925016984 598
210 20.6 798.9018388766686 953.8040304309354 3360.544921875 2.98193359375 798.67337452668 718
220 25.3 607.1531572304222 829.754170672118 3360.544921875 2.98193359375 798.7243092194265 924
230 27.3 609.5244516225962 771.7435458822109 3360.544921875 2.8779296875 757.5454634647807 1177
240 10.5 732.3404529389878 751.7909080608165 3360.544921875 2.8779296875 729.6766798558729 1450
250 0 0 0 3360.544921875 2.8779296875 729.8565487778839 1555
260 0 0 0 3360.544921875 2.8779296875 729.8565487778839 1555
270 0 0 0 3360.544921875 2.8779296875 729.8565487778839 1555
280 0 0 0 3360.544921875 2.8779296875 729.8565487778839 1555
290 0 0 0 3360.544921875 2.8779296875 729.8565487778839 1555
300 0 0 0 3360.544921875 2.8779296875 729.8565487778839 1555
310 0 0 0 3360.544921875 2.8779296875 729.8565487778839 1555
320 0 0 0 3360.544921875 2.8779296875 729.8565487778839 1555
330 0 0 0 3360.544921875 2.8779296875 729.8565487778839 1555
340 0 0 0 3360.544921875 2.8779296875 729.8565487778839 1555
350 0 0 0 3360.544921875 2.8779296875 729.8565487778839 1555
360 0 0 0 3360.544921875 2.8779296875 729.8565487778839 1555
370 0 0 0 3360.544921875 2.8779296875 729.8565487778839 1555
374 0 0 0 3360.544921875 2.8779296875 729.8565487778839 1555
