10 0.1 58.447998046875 0 58.447998046875 58.447998046875 0 0
20 0 0 0 58.447998046875 58.447998046875 58.447998046875 1
30 0 0 0 58.447998046875 58.447998046875 58.447998046875 1
40 0.1 12.762939453125 0.0 58.447998046875 12.762939453125 58.447998046875 1
50 0 0 0 58.447998046875 12.762939453125 35.60546875 2
60 0 0 0 58.447998046875 12.762939453125 35.60546875 2
70 0.3 12.209716796875 0.5532213992727152 58.447998046875 11.631103515625 35.60546875 2
80 0.4 12.3917236328125 0.8184802437246496 58.447998046875 11.385986328125 21.568017578125 5
90 0.4 19.31097412109375 7.241453829837523 58.447998046875 10.680908203125 17.489664713541668 9
100 0 0 0 58.447998046875 10.680908203125 18.050067608173077 13
110 0.8 81.5911865234375 94.24259679576254 323.7041015625 10.680908203125 18.050067608173077 13
120 0.2 40.1646728515625 28.6614990234375 323.7041015625 10.680908203125 42.25620814732143 21
130 0.6 12.7823486328125 2.265262235998701 323.7041015625 10.400146484375 42.07433551290761 23
140 0.4 77.5225830078125 52.09483777505494 323.7041015625 10.400146484375 36.01392443426724 29
150 1.4 174.81236049107142 153.04430474674808 482.839111328125 10.400146484375 41.04527698863637 33
160 1.5 402.47130533854164 207.7379505496178 852.008056640625 10.400146484375 80.89079122340425 47
170 1.2 1398.6373087565105 563.4317468761022 2103.220947265625 10.400146484375 158.6925285093246 62
180 2.2 1790.5780695134943 1183.5713587244677 3260.406982421875 2.107177734375 359.76465503589526 74
190 2.1 1381.7019740513392 994.000425784687 3260.406982421875 1.7529296875 687.6593958536783 96
200 3.6 960.8956841362847 1019.6409473932117 3260.406982421875 1.68505859375 812.2311406583867 117
210 5.4 550.481775354456 844.0231922904287 3260.406982421875 1.68505859375 847.2110332414215 153
220 5.3 765.0011700324293 863.6371984704504 3260.406982421875 1.68505859375 769.8034007491697 207
230 6.3 484.35686771453396 725.9533213806129 3260.406982421875 1.68505859375 768.8244844876803 260
240 7.8 479.26463904747595 678.6650226304536 3260.406982421875 1.68505859375 713.3400886464783 323
250 5.8 467.3416790140086 613.3801063366873 3260.406982421875 1.68505859375 667.8092031883183 401
260 4.2 693.5956449962798 637.2703444029714 3260.406982421875 1.68505859375 642.4777949048542 459
270 1.6 938.3312377929688 468.8154929660285 3260.406982421875 1.68505859375 646.7631236550337 501
280 0.5 1081.10478515625 554.5995975828026 3260.406982421875 1.68505859375 655.7865082318364 517
290 0.4 709.6913452148438 183.43592697719885 3260.406982421875 1.68505859375 659.8604380874342 522
300 0.2 124.758544921875 119.235595703125 3260.406982421875 1.68505859375 660.2393803469583 526
310 0 0 0 3260.406982421875 1.68505859375 658.2110438491361 528
320 0 0 0 3260.406982421875 1.68505859375 658.2110438491361 528
330 0 0 0 3260.406982421875 1.68505859375 658.2110438491361 528
340 0 0 0 3260.406982421875 1.68505859375 658.2110438491361 528
350 0 0 0 3260.406982421875 1.68505859375 658.2110438491361 528
360 0 0 0 3260.406982421875 1.68505859375 658.2110438491361 528
370 0 0 0 3260.406982421875 1.68505859375 658.2110438491361 528
374 0 0 0 3260.406982421875 1.68505859375 658.2110438491361 528
