50 1.6 15.765396118164063 8.254275925905974 43.814208984375 10.010009765625 0 0
60 0 0 0 43.814208984375 10.010009765625 15.765396118164063 16
70 0 0 0 43.814208984375 10.010009765625 15.765396118164063 16
80 0.8 23.2698974609375 10.202869959764692 43.814208984375 10.010009765625 15.765396118164063 16
90 1.6 18.546707153320313 13.501549403289095 64.386962890625 10.010009765625 18.266896565755207 24
100 4.8 27.234751383463536 33.22608985096645 197.51611328125 9.87890625 18.37882080078125 40
110 0 0 0 197.51611328125 9.87890625 23.209328391335223 88
120 3.2 20.34326171875 16.39608549458734 197.51611328125 9.87890625 23.209328391335223 88
130 2.4 25.222483317057293 25.789820745785466 197.51611328125 9.87890625 22.445043945312495 120
140 4 44.661572265625 34.60456926534301 197.51611328125 9.87890625 22.907950507269963 144
150 3 125.6988525390625 116.88721827402715 484.336181640625 9.87890625 27.636998715608016 184
160 3.5 526.5604282924107 311.5793982431726 1167.567138671875 9.87890625 41.38398756936332 214
170 1.5 1538.830078125 448.2215851142548 2149.7509765625 9.87890625 109.58147923726155 249
180 3.7 1327.6411198796452 1255.4962361629773 3234.718994140625 1.7900390625 190.7887859922467 264
190 8.6 852.1997240643169 1033.2312533123845 3234.718994140625 1.640869140625 330.53475394518273 301
200 14.9 885.9177967045933 1019.981987684356 3234.718994140625 1.640869140625 446.4603028605459 387
210 24.8 552.1954621345764 886.9919449168581 3234.718994140625 1.623046875 568.6229270821187 536
220 28 429.6661647251674 745.0915138871093 3234.718994140625 1.623046875 563.4264840885083 784
230 33.4 369.9189548149793 665.8317580293759 3234.718994140625 1.623046875 528.226400045524 1064
240 47.2 329.38045230154256 610.6119213452365 3234.718994140625 1.623046875 490.40473573436384 1398
250 37.5 479.34450130208336 642.6962080808082 3234.718994140625 1.623046875 449.76117328501005 1870
260 43.2 555.4175884105538 645.6082073021113 3234.718994140625 1.623046875 454.70270914532296 2245
270 36.2 764.2348713743096 552.8648275669011 3234.718994140625 1.623046875 470.95553986724286 2677
280 32 926.7656677246093 329.0405935343693 3234.718994140625 1.623046875 505.89042568677496 3039
290 48.1 511.1779810534699 242.37977000057904 3234.718994140625 1.623046875 545.9857151932075 3359
300 21.2 94.67231376216091 125.12877533149822 3234.718994140625 1.623046875 541.6256839116414 3840
310 6.8 8.812830307904411 5.768228319083561 3234.718994140625 1.623046875 518.2411541802273 4052
320 4.8 13.732625325520834 12.565605984584371 3234.718994140625 1.623046875 509.83311388330554 4120
330 2.4 6.480967203776042 2.1763271825749437 3234.718994140625 1.623046875 504.1198644949241 4168
340 0 0 0 3234.718994140625 1.623046875 501.2707868386771 4192
350 0.8 11.295623779296875 0.8139374968083068 3234.718994140625 1.623046875 501.2707868386771 4192
360 1.6 9.83636474609375 2.740498263621385 3234.718994140625 1.623046875 500.3375008138021 4200
370 0 0 0 3234.718994140625 1.623046875 498.4760164264483 4216
374 0.8 6.289886474609375 2.318297162583062 3234.718994140625 1.623046875 498.4760164264483 4216
