0 1.7 17
10 4.5 62
20 6.7 129
30 9.8 227
40 13.4 361
50 12.9 490
60 17.8 668
70 19.4 862
80 21.6 1078
90 24.7 1325
100 30.6 1631
110 30 1931
120 46.4 2395
130 54 2935
140 54 3475
150 53.4 4009
160 44.2 4451
170 51.6 4967
180 52.5 5492
190 46.3 5955
200 45.7 6412
210 47.8 6890
220 45.6 7346
230 43.3 7779
240 34.6 8125
250 33 8455
260 32.7 8782
270 37 9152
280 38.6 9538
290 34.6 9884
300 31.8 10202
310 7.6 10278
320 3 10308
330 3.4 10342
340 0.7 10349
350 0.1 10350
360 0 10350
370 0.3 10353
373 0 10353
