10 0.1 137 0 137 137 0 0
20 0.1 301.0 0.0 301 137 137.0 1
30 0.1 378.0 0.0 378 137 219.0 2
40 0.1 680.0 0.0 680 137 272.0 3
50 0.1 706.0 0.0 706 137 374.0 4
60 0.1 776.0 0.0 776 137 440.4 5
70 0.1 1011.0 0.0 1011 137 496.3333333333333 6
80 0.1 1078.0 0.0 1078 137 569.8571428571429 7
90 0.1 1319.0 0.0 1319 137 633.375 8
100 0.1 1481.0 0.0 1481 137 709.5555555555555 9
110 0.1 1844.0 0.0 1844 137 786.7 10
120 0.1 1775.0 0.0 1844 137 882.8181818181819 11
130 0.1 3583.0 0.0 3583 137 957.1666666666666 12
140 0.1 3890.0 0.0 3890 137 1159.1538461538462 13
150 0.1 3798.0 0.0 3890 137 1354.2142857142858 14
160 0.1 3961.0 0.0 3961 137 1517.1333333333334 15
170 0.1 4626.0 0.0 4626 137 1669.875 16
180 0.1 5625.0 0.0 5625 137 1843.764705882353 17
190 0.1 7149.0 0.0 7149 137 2053.8333333333335 18
200 0.1 8166.0 0.0 8166 137 2322.0 19
210 0.1 8997.0 0.0 8997 137 2614.2 20
220 0.1 11773.0 0.0 11773 137 2918.1428571428573 21
230 0.1 13749.0 0.0 13749 137 3320.6363636363635 22
240 0.1 14402.0 0.0 14402 137 3774.0434782608695 23
250 0.1 13178.0 0.0 14402 137 4216.875 24
260 0.1 12691.0 0.0 14402 137 4575.32 25
270 0.1 11299.0 0.0 14402 137 4887.461538461538 26
280 0.1 9597.0 0.0 14402 137 5124.925925925926 27
290 0.1 8340.0 0.0 14402 137 5284.642857142857 28
300 0.1 7941.0 0.0 14402 137 5390.0 29
310 0.1 3433.0 0.0 14402 137 5475.033333333334 30
320 0.1 617.0 0.0 14402 137 5409.1612903225805 31
330 0.1 344.0 0.0 14402 137 5259.40625 32
340 0.1 253.0 0.0 14402 137 5110.454545454545 33
350 0.1 146.0 0.0 14402 137 4967.588235294118 34
360 0.1 6.0 0.0 14402 6 4829.828571428571 35
370 0.1 101.0 0.0 14402 6 4695.833333333333 36
