10 0.1 130 0 130 130 0 0
20 0.1 285.0 0.0 285 130 130.0 1
30 0.1 328.0 0.0 328 130 207.5 2
40 0.1 626.0 0.0 626 130 247.66666666666666 3
50 0.1 637.0 0.0 637 130 342.25 4
60 0.1 676.0 0.0 676 130 401.2 5
70 0.1 896.0 0.0 896 130 447.0 6
80 0.1 966.0 0.0 966 130 511.14285714285717 7
90 0.1 1040.0 0.0 1040 130 568.0 8
100 0.1 1280.0 0.0 1280 130 620.4444444444445 9
110 0.1 1538.0 0.0 1538 130 686.4 10
120 0.1 1522.0 0.0 1538 130 763.8181818181819 11
130 0.1 2859.0 0.0 2859 130 827.0 12
140 0.1 3025.0 0.0 3025 130 983.3076923076923 13
150 0.1 2852.0 0.0 3025 130 1129.142857142857 14
160 0.1 3198.0 0.0 3198 130 1244.0 15
170 0.1 3975.0 0.0 3975 130 1366.125 16
180 0.1 4910.0 0.0 4910 130 1519.5882352941176 17
190 0.1 6668.0 0.0 6668 130 1707.9444444444443 18
200 0.1 8249.0 0.0 8249 130 1969.0 19
210 0.1 9206.0 0.0 9206 130 2283.0 20
220 0.1 12848.0 0.0 12848 130 2612.6666666666665 21
230 0.1 15226.0 0.0 15226 130 3077.909090909091 22
240 0.1 16116.0 0.0 16116 130 3606.086956521739 23
250 0.1 13649.0 0.0 16116 130 4127.333333333333 24
260 0.1 12078.0 0.0 16116 130 4508.2 25
270 0.1 10112.0 0.0 16116 130 4799.346153846154 26
280 0.1 8017.0 0.0 16116 130 4996.111111111111 27
290 0.1 6227.0 0.0 16116 130 5104.0 28
300 0.1 5536.0 0.0 16116 130 5142.724137931034 29
310 0.1 2730.0 0.0 16116 130 5155.833333333333 30
320 0.1 648.0 0.0 16116 130 5077.580645161291 31
330 0.1 339.0 0.0 16116 130 4939.15625 32
340 0.1 254.0 0.0 16116 130 4799.757575757576 33
350 0.1 152.0 0.0 16116 130 4666.058823529412 34
360 0.1 7.0 0.0 16116 7 4537.085714285714 35
370 0.1 102.0 0.0 16116 7 4411.25 36
