0 0.6 41.547403971354164 44.60742138158787 130.5400390625 10.0771484375 0 0
10 0.6 13.594075520833334 4.9245375433598095 130.5400390625 10.0771484375 41.547403971354164 6
20 0.7 40.10048130580357 43.74686304034399 136.8330078125 10.06298828125 27.57073974609375 12
30 0.4 13.17498779296875 4.5652277656005325 136.8330078125 8.78515625 32.186960320723685 19
40 0.7 23.608921595982142 15.15620714635427 136.8330078125 8.78515625 28.88053031589674 23
50 0.9 27.178358289930557 30.49790036250164 136.8330078125 8.718017578125 27.65048828125 30
60 1.3 19.289100060096153 12.350040620565865 136.8330078125 8.718017578125 27.541535206330128 39
70 0.8 13.447357177734375 6.049883078174248 136.8330078125 8.718017578125 25.478426419771633 52
80 0.6 19.601847330729168 5.305225285908031 136.8330078125 8.718017578125 23.874283854166666 60
90 1.4 66.29603794642857 104.68008889189561 375.239990234375 8.718017578125 23.485880533854168 66
100 2 26.191650390625 19.783963516299377 375.239990234375 8.718017578125 30.977658081054688 80
110 1.6 30.53961181640625 19.97567225922233 375.239990234375 8.407958984375 30.02045654296875 100
120 3.8 182.6329474198191 148.17741779085847 496.198974609375 8.407958984375 30.092064166891163 116
130 3.9 509.0684407552083 321.0534229492918 1271.010986328125 8.407958984375 67.7320223721591 154
140 3.3 1176.3298487807765 479.9662322404073 2080.861083984375 8.407958984375 156.91399292624675 193
150 6.9 2457.4977673516755 655.4567555524567 3190.655029296875 6.541015625 305.7667506395188 226
160 9.8 2033.4208187181125 1767.1557706345575 4518.992919921875 2.697998046875 809.0529884467691 295
170 8.4 1956.6335565476184 1819.0653487130087 4739.7470703125 2.5419921875 1114.366086071684 393
180 14.2 1110.9175286091545 1359.160409838009 4739.7470703125 2.5419921875 1262.689917350465 477
190 17.7 1005.0031296897064 1374.0132376531806 4739.7470703125 2.5419921875 1227.872988107709 619
200 15.1 813.6373848820365 1115.0888436553205 4739.7470703125 2.448974609375 1178.3152432082286 796
210 25.7 688.7530826316267 1062.9094648317428 4739.7470703125 2.4248046875 1120.167031373746 947
220 31.3 503.50839282148564 944.9280600089202 4739.7470703125 2.4248046875 1028.079502447895 1204
230 34.1 391.2696973515393 807.8191547655837 4739.7470703125 2.4248046875 919.8456479237908 1517
240 7.9 523.9422499258307 898.7982574173277 4739.7470703125 2.4248046875 822.8357452622528 1858
250 0 0 0 4739.7470703125 2.4248046875 810.6454581525071 1937
260 0 0 0 4739.7470703125 2.4248046875 810.6454581525071 1937
270 0 0 0 4739.7470703125 2.4248046875 810.6454581525071 1937
280 0 0 0 4739.7470703125 2.4248046875 810.6454581525071 1937
290 0 0 0 4739.7470703125 2.4248046875 810.6454581525071 1937
300 0 0 0 4739.7470703125 2.4248046875 810.6454581525071 1937
310 0 0 0 4739.7470703125 2.4248046875 810.6454581525071 1937
320 0 0 0 4739.7470703125 2.4248046875 810.6454581525071 1937
330 0 0 0 4739.7470703125 2.4248046875 810.6454581525071 1937
340 0 0 0 4739.7470703125 2.4248046875 810.6454581525071 1937
350 0 0 0 4739.7470703125 2.4248046875 810.6454581525071 1937
360 0 0 0 4739.7470703125 2.4248046875 810.6454581525071 1937
370 0 0 0 4739.7470703125 2.4248046875 810.6454581525071 1937
373 0 0 0 4739.7470703125 2.4248046875 810.6454581525071 1937
