20 0.2 53.6834716796875 40.9945068359375 94.677978515625 12.68896484375 0 0
30 0 0 0 94.677978515625 12.68896484375 53.6834716796875 2
40 0.4 16.63409423828125 7.4257581016645275 94.677978515625 11.905029296875 53.6834716796875 2
50 0.8 22.060882568359375 21.599665884786024 94.677978515625 11.43603515625 28.98388671875 6
60 0.6 18.453165690104168 9.08843962685871 94.677978515625 11.43603515625 25.027884347098215 14
70 0.3 25.715006510416668 18.006899917806738 94.677978515625 11.43603515625 23.05546875 20
80 0.5 19.65625 8.527354233333838 94.677978515625 11.43603515625 23.402364979619566 23
90 0.5 13.90361328125 1.5454374581045125 94.677978515625 11.43603515625 22.733415876116073 28
100 1.2 39.206827799479164 36.51274666847525 120.119140625 11.025146484375 21.395566998106062 33
110 0.7 42.52207728794643 30.530028006485473 120.119140625 11.025146484375 26.14523654513889 45
120 0.9 179.966796875 171.944247540209 478.06005859375 11.025146484375 28.349811260516827 52
130 1.1 506.1437322443182 299.8372432619539 932.48779296875 11.025146484375 50.71953044953894 61
140 2 1125.6747314453125 435.48798503252726 1713.0 11.025146484375 120.29822794596355 72
150 0.9 2431.6124674479165 717.3907061346589 3029.22705078125 11.025146484375 338.85833740234375 92
160 1.1 1924.1829944957387 1789.615538825658 4236.09814453125 1.68701171875 525.3413786935334 101
170 2.5 1453.595810546875 1794.5800897103093 4608.807861328125 1.68701171875 662.7276088169643 112
180 2.6 811.6810772235577 1229.778050330037 4608.807861328125 1.68701171875 807.0466237311816 137
190 4.4 715.5265059037642 1239.8415926692496 4608.807861328125 1.68701171875 807.7858617115605 163
200 6.1 657.0843725986168 1058.7589967862496 4608.807861328125 1.467041015625 788.1751773852657 207
210 9.9 595.5368701665088 1005.9477906163462 4608.807861328125 1.4140625 758.3373449524837 268
220 11.5 387.5115828804347 848.391186580098 4608.807861328125 1.39697265625 714.4211405824251 367
230 16.1 347.6534173621895 759.5604787681093 4608.807861328125 1.39697265625 636.424046939834 482
240 18.1 360.0050743482392 779.6924430514 4608.807861328125 1.39697265625 564.1191148060848 643
250 20.5 465.4805747427591 604.1077472034575 4608.807861328125 1.39697265625 519.2833850453202 824
260 24.5 549.8415088887118 549.8589923905602 4608.807861328125 1.39697265625 508.56465218620934 1029
270 24.3 661.131770632395 510.9672779838782 4608.807861328125 1.39697265625 516.502509244383 1274
280 16.8 855.4602850051155 321.7204897389017 4608.807861328125 1.39697265625 539.6698859861673 1517
290 13.7 708.185172644845 122.66219456216986 4608.807861328125 1.39697265625 571.1552195382048 1685
300 7.9 352.9206419353243 215.2381621716707 4608.807861328125 1.39697265625 581.4587890089017 1822
310 1.5 7.532600911458333 2.935218650035664 4608.807861328125 1.39697265625 571.9614120395106 1901
320 1.2 8.876322428385416 4.602392297198855 4608.807861328125 1.39697265625 567.5426061068797 1916
330 0.7 10.599225725446429 3.87939894271723 4608.807861328125 1.39697265625 564.065430067387 1928
340 0 0 0 4608.807861328125 1.39697265625 562.0632267441862 1935
350 0.1 20.238037109375 0.0 4608.807861328125 1.39697265625 562.0632267441862 1935
360 0 0 0 4608.807861328125 1.39697265625 561.7833583611103 1936
370 0.1 12.511962890625 0.0 4608.807861328125 1.39697265625 561.7833583611103 1936
373 0 0 0 4608.807861328125 1.39697265625 561.4997902684565 1937
