30 0.1 30.927978515625 0 30.927978515625 30.927978515625 0 0
40 0.1 18.168212890625 0.0 30.927978515625 18.168212890625 30.927978515625 1
50 0.1 16.4970703125 0.0 30.927978515625 16.4970703125 24.548095703125 2
60 0.2 73.531982421875 49.989013671875 123.52099609375 16.4970703125 21.864420572916668 3
70 0.2 44.2220458984375 28.3790283203125 123.52099609375 15.843017578125 42.5314453125 5
80 0.3 27.465983072916668 7.6480150592099605 123.52099609375 15.843017578125 43.014474051339285 7
90 0.3 61.483723958333336 54.221300281834814 137.68994140625 15.843017578125 38.3499267578125 10
100 0.4 31.06988525390625 9.366648903308763 137.68994140625 15.7001953125 43.68849534254808 13
110 0.1 27.802001953125 0.0 137.68994140625 15.7001953125 40.719410615808826 17
120 0.8 260.2047424316406 199.57453515454804 540.90380859375 14.81396484375 40.00177680121528 18
130 0.7 599.236083984375 289.3155726084896 1131.238037109375 14.81396484375 107.75653545673077 26
140 0.3 1093.1183268229167 374.9801502962498 1421.870849609375 14.81396484375 212.00977302320075 33
150 1.1 2548.128972833807 707.478804138879 3104.725830078125 14.81396484375 285.43548583984375 36
160 1.5 1693.9659016927083 1809.7288132826463 3987.928955078125 1.8310546875 815.0020466256649 47
170 1.5 1658.4070475260417 1795.5174253476148 4675.89794921875 1.8310546875 1027.6545922064013 62
180 1.2 717.0785929361979 1231.0975559432654 4675.89794921875 1.69189453125 1150.5284471387988 77
190 2.4 728.0437723795573 1254.2380038408749 4675.89794921875 1.69189453125 1092.0857701676616 89
200 2.2 618.6089089133523 1136.8148190970753 4675.89794921875 1.69189453125 1014.7671157701882 113
210 3.4 558.2907571231617 921.7067518637053 4675.89794921875 1.69189453125 950.2080005787038 135
220 5.1 472.529593673407 930.6972353873751 4675.89794921875 1.68798828125 871.3607444988905 169
230 6.3 461.16637602306554 834.1570883319565 4675.89794921875 1.68798828125 778.9044322620739 220
240 7.4 193.3558250633446 553.045943001682 4675.89794921875 1.674072265625 708.1712253961462 283
250 8.8 395.4844055175781 557.4742888000994 4675.89794921875 1.674072265625 601.4587894728204 357
260 8.5 429.10938361672794 552.4931482720258 4675.89794921875 1.674072265625 560.726776465941 445
270 6.8 776.3318589154412 500.5094969150942 4675.89794921875 1.674072265625 539.6183266693691 530
280 5.4 902.7317617910879 254.6262973079879 4675.89794921875 1.674072265625 566.5355845167485 598
290 4.1 703.7489519817074 113.0758482261162 4675.89794921875 1.674072265625 594.3800531867091 652
300 1.8 254.12542046440973 222.0993436237864 4675.89794921875 1.674072265625 600.8506518167163 693
310 1.2 9.755330403645832 3.458545394652107 4675.89794921875 1.674072265625 592.0727978584301 711
320 0.4 9.7879638671875 2.924653973143193 4675.89794921875 1.674072265625 582.4077776517117 723
330 0.6 11.973836263020834 4.963741426060758 4675.89794921875 1.674072265625 579.2571872044792 727
340 0.3 9.759684244791666 0.850606874037223 4675.89794921875 1.674072265625 574.6136672786283 733
350 0.1 12.7919921875 0.0 4675.89794921875 1.674072265625 572.3112733260448 736
360 0.1 13.884033203125 0.0 4675.89794921875 1.674072265625 571.5520884126954 737
370 0.2 9.6865234375 0.095458984375 4675.89794921875 1.674072265625 570.7964406414087 738
373 0 0 0 4675.89794921875 1.674072265625 569.2799273516683 740
