30 0.1 113.592041015625 0 113.592041015625 113.592041015625 0 0
40 0 0 0 113.592041015625 113.592041015625 113.592041015625 1
50 0.3 179.086669921875 74.98536520456032 267.552001953125 84.2119140625 113.592041015625 1
60 0.5 122.491064453125 65.10750515293616 267.552001953125 84.2119140625 162.7130126953125 4
70 0.3 85.96256510416667 0.4227213121793414 267.552001953125 84.2119140625 140.36748589409723 9
80 0.5 140.046435546875 58.262213347179355 267.552001953125 84.2119140625 126.76625569661458 12
90 0.8 449.3622741699219 591.2166864693619 1968.739990234375 79.587890625 130.6721909466912 17
100 0.4 311.825927734375 149.35562744890444 1968.739990234375 79.587890625 232.653017578125 25
110 0.5 291.283740234375 238.53570008183777 1968.739990234375 79.587890625 243.57341897898706 29
120 0.7 539.5313546316964 235.81302470776293 1968.739990234375 79.587890625 250.5896426930147 34
130 0.5 1174.179541015625 290.03620509025575 1968.739990234375 79.587890625 299.9211544874238 41
140 0.7 1509.0926688058037 308.2090951075581 1968.739990234375 79.587890625 394.94923997961956 46
150 0.9 2715.4107530381943 619.1010644691901 3544.7470703125 79.587890625 542.100258881191 53
160 1.2 2966.6685587565103 1766.8179836996808 4657.4970703125 1.778076171875 857.580814484627 62
170 3 1314.474365234375 1878.1343662303545 5517.901123046875 1.56005859375 1199.595043285473 74
180 2.3 1133.8985436480978 1538.7831143977412 5517.901123046875 1.56005859375 1232.7333092322717 104
190 4.3 972.9235385628634 1479.518544290336 5517.901123046875 1.56005859375 1214.8340997170276 127
200 5 369.8086962890625 903.2258140166555 5517.901123046875 1.47900390625 1153.6449577780331 170
210 5.9 650.7420964645127 1102.167738970288 5517.901123046875 1.44091796875 975.5003528941761 220
220 6.2 517.3271366242438 1043.7711524314786 5517.901123046875 1.4189453125 906.8238757280466 279
230 10.3 383.29343806887135 839.9536400610999 5517.901123046875 1.391845703125 836.0062868000825 341
240 12.8 357.8075962066651 772.10439086878 5517.901123046875 1.391845703125 730.9850628827069 444
250 16.3 399.13678615078595 578.1945817463935 5517.901123046875 1.34716796875 647.4768185915647 572
260 12.2 434.1036977298924 535.5360169842148 5517.901123046875 1.34716796875 592.4027705808886 735
270 10.4 681.3760681152343 559.0552219354172 5517.901123046875 1.34716796875 569.8677800466744 857
280 6.9 855.2338159533515 332.55357420739296 5517.901123046875 1.34716796875 581.9352742809409 961
290 4.3 704.3176666969476 135.9214987378763 5517.901123046875 1.34716796875 600.2436231890928 1030
300 1.9 392.0098298725329 359.5884892466979 5517.901123046875 1.34716796875 604.4143444107495 1073
310 1.3 28.064340444711544 52.0617124983021 5517.901123046875 1.34716796875 600.7186614654876 1092
320 0.2 6.8759765625 0.2509765625 5517.901123046875 1.34716796875 593.9815518064196 1105
330 0.2 6.655029296875 1.218994140625 5517.901123046875 1.34716796875 592.9208371266654 1107
340 0.3 33.601725260416664 35.38331544593093 5517.901123046875 1.34716796875 591.8635498267018 1109
350 0 0 0 5517.901123046875 1.34716796875 590.3574477820086 1112
360 0 0 0 5517.901123046875 1.34716796875 590.3574477820086 1112
370 0 0 0 5517.901123046875 1.34716796875 590.3574477820086 1112
373 0 0 0 5517.901123046875 1.34716796875 590.3574477820086 1112
