0 2.1 21
10 3.5 56
20 5.5 111
30 4.6 157
40 9.2 249
50 12.5 374
60 13.2 506
70 12.6 632
80 12.5 757
90 13.5 892
100 15.9 1051
110 27.1 1322
120 34 1662
130 42.5 2087
140 51 2597
150 68.9 3286
160 70.3 3989
170 72.6 4715
180 64.5 5360
190 67.5 6035
200 70.9 6744
210 66.4 7408
220 66.8 8076
230 57.7 8653
240 53.4 9187
250 43 9617
260 46 10077
270 57.6 10653
280 53.3 11186
290 43 11616
300 21.2 11828
310 8 11908
320 3.8 11946
330 1.2 11958
340 0.2 11960
350 0.1 11961
360 0.2 11963
370 0.9 11972
380 0 11972
390 0 11972
400 0 11972
408 0 11972
