0 0.1 2.8557643589286723 0 2.8557643589286723 2.8557643589286723 0 0
10 0.1 2.0648967551622417 0.0 2.8557643589286723 2.0648967551622417 2.8557643589286723 1
20 0.1 1.87192118226601 0.0 2.8557643589286723 1.87192118226601 2.460330557045457 2
30 0.1 1.8700787401574805 0.0 2.8557643589286723 1.8700787401574805 2.2641940987856413 3
40 0.1 1.8664047151277015 0.0 2.8557643589286723 1.8664047151277015 2.165665259128601 4
50 0.1 2.366863905325444 0.0 2.8557643589286723 1.8664047151277015 2.105813150328421 5
60 0.1 2.270483711747285 0.0 2.8557643589286723 1.8664047151277015 2.1493216094945917 6
70 0.1 2.6600985221674875 0.0 2.8557643589286723 1.8664047151277015 2.1666304812449764 7
80 0.1 2.3692003948667324 0.0 2.8557643589286723 1.8664047151277015 2.2283139863602903 8
90 0.1 1.9782393669634024 0.0 2.8557643589286723 1.8664047151277015 2.243968031749895 9
100 0.1 2.3785926660059467 0.0 2.8557643589286723 1.8664047151277015 2.217395165271246 10
110 0.1 3.43811394891945 0.0 3.43811394891945 1.8664047151277015 2.2320494835198548 11
120 0.1 4.990215264187866 0.0 4.990215264187866 1.8664047151277015 2.332554855636488 12
130 0.1 5.686274509803922 0.0 5.686274509803922 1.8664047151277015 2.536990271678902 13
140 0.1 6.206896551724138 0.0 6.206896551724138 1.8664047151277015 2.761939145830689 14
150 0.1 7.352941176470589 0.0 7.352941176470589 1.8664047151277015 2.991602972890252 15
160 0.1 9.892262487757101 0.0 9.892262487757101 1.8664047151277015 3.264186610614023 16
170 0.1 10.818713450292398 0.0 10.818713450292398 1.8664047151277015 3.654073426916557 17
180 0.1 10.829268292682928 0.0 10.829268292682928 1.8664047151277015 4.05210898377077 18
190 0.1 15.922330097087379 0.0 15.922330097087379 1.8664047151277015 4.408801578976673 19
200 0.1 18.42870999030068 0.0 18.42870999030068 1.8664047151277015 4.984478004882209 20
210 0.1 20.67632850241546 0.0 20.67632850241546 1.8664047151277015 5.624679527997374 21
220 0.1 30.18322082931533 0.0 30.18322082931533 1.8664047151277015 6.308845390470924 22
230 0.1 35.009487666034154 0.0 35.009487666034154 1.8664047151277015 7.346861713898941 23
240 0.1 37.901701323251416 0.0 37.901701323251416 1.8664047151277015 8.499471128571242 24
250 0.1 27.761767531219984 0.0 37.901701323251416 1.8664047151277015 9.67556033635845 25
260 0.1 24.544582933844676 0.0 37.901701323251416 1.8664047151277015 10.371183690006971 26
270 0.1 19.001919385796544 0.0 37.901701323251416 1.8664047151277015 10.8961244027417 27
280 0.1 13.843175217812199 0.0 37.901701323251416 1.8664047151277015 11.185617080707944 28
290 0.1 11.678115799803729 0.0 37.901701323251416 1.8664047151277015 11.277257016470159 29
300 0.1 8.794466403162057 0.0 37.901701323251416 1.8664047151277015 11.290618975914612 30
310 0.1 3.6561264822134385 0.0 37.901701323251416 1.8664047151277015 11.210097925180659 31
320 0.1 2.65748031496063 0.0 37.901701323251416 1.8664047151277015 10.974036317587933 32
330 0.1 2.4485798237022527 0.0 37.901701323251416 1.8664047151277015 10.72201946902347 33
340 0.1 1.3806706114398422 0.0 37.901701323251416 1.3806706114398422 10.478683008866962 34
350 0.1 1.183431952662722 0.0 37.901701323251416 1.183431952662722 10.218739797511901 35
360 0.1 1.183431952662722 0.0 37.901701323251416 1.183431952662722 9.967759024043868 36
370 0.1 1.183431952662722 0.0 37.901701323251416 1.183431952662722 9.730344778871405 37
380 0.1 1.4720314033366046 0.0 37.901701323251416 1.183431952662722 9.505426020286967 38
390 0.1 1.085883514313919 0.0 37.901701323251416 1.085883514313919 9.299441542929266 39
400 0.1 1.1811023622047243 0.0 37.901701323251416 1.085883514313919 9.094102592213883 40
408 0.1 1.183431952662722 0.0 37.901701323251416 1.085883514313919 8.901102586603905 41
