0 0.1 1
10 0.2 3
20 0.4 7
30 0.4 11
40 0.4 15
50 0.9 24
60 1.1 35
70 1.6 51
80 2.3 74
90 1.4 88
100 2.2 110
110 2.4 134
120 2.9 163
130 4.1 204
140 5.1 255
150 6.5 320
160 6 380
170 5.1 431
180 10 531
190 15.2 683
200 15.8 841
210 25.9 1100
220 32.2 1422
230 38.5 1807
240 36.7 2174
250 35.3 2527
260 34.9 2876
270 26.3 3139
280 24.2 3381
290 23 3611
300 12.1 3732
310 4.5 3777
320 2 3797
330 1.2 3809
340 0.2 3811
350 0.1 3812
360 0.1 3813
370 0.2 3815
380 0.1 3816
390 0 3816
400 0 3816
408 0.1 3817
