0 0.1 3161.0703125 0 3161.0703125 3161.0703125 0 0
10 0.1 3160.0859375 0.0 3161.0703125 3160.0859375 3161.0703125 1
20 0.1 3158.15234375 0.0 3161.0703125 3158.15234375 3160.578125 2
30 0.1 3156.3515625 0.0 3161.0703125 3156.3515625 3159.76953125 3
40 0.1 3155.6484375 0.0 3161.0703125 3155.6484375 3158.9150390625 4
50 0.1 3152.26953125 0.0 3161.0703125 3152.26953125 3158.26171875 5
60 0.1 3150.59375 0.0 3161.0703125 3150.59375 3157.2630208333335 6
70 0.1 3149.75390625 0.0 3161.0703125 3149.75390625 3156.3102678571427 7
80 0.1 3149.0390625 0.0 3161.0703125 3149.0390625 3155.49072265625 8
90 0.1 3148.81640625 0.0 3161.0703125 3148.81640625 3154.773871527778 9
100 0.1 3148.453125 0.0 3161.0703125 3148.453125 3154.178125 10
110 0.1 3146.6328125 0.0 3161.0703125 3146.6328125 3153.6576704545455 11
120 0.1 3141.40625 0.0 3161.0703125 3141.40625 3153.072265625 12
130 0.1 3139.4375 0.0 3161.0703125 3139.4375 3152.1748798076924 13
140 0.1 3131.37109375 0.0 3161.0703125 3131.37109375 3151.265066964286 14
150 0.1 3127.7890625 0.0 3161.0703125 3127.7890625 3149.9388020833335 15
160 0.1 3121.4921875 0.0 3161.0703125 3121.4921875 3148.554443359375 16
170 0.1 3111.44140625 0.0 3161.0703125 3111.44140625 3146.9625459558824 17
180 0.1 3097.98828125 0.0 3161.0703125 3097.98828125 3144.9891493055557 18
190 0.1 3082.94921875 0.0 3161.0703125 3082.94921875 3142.5154194078946 19
200 0.1 3077.26171875 0.0 3161.0703125 3077.26171875 3139.537109375 20
210 0.1 3069.9765625 0.0 3161.0703125 3069.9765625 3136.5716145833335 21
220 0.1 3054.77734375 0.0 3161.0703125 3054.77734375 3133.5445667613635 22
230 0.1 3037.7734375 0.0 3161.0703125 3037.7734375 3130.1199048913045 23
240 0.1 3025.5546875 0.0 3161.0703125 3025.5546875 3126.2721354166665 24
250 0.1 3022.83984375 0.0 3161.0703125 3022.83984375 3122.2434375 25
260 0.1 3021.21875 0.0 3161.0703125 3021.21875 3118.420222355769 26
270 0.1 3020.53515625 0.0 3161.0703125 3020.53515625 3114.820167824074 27
280 0.1 3020.20703125 0.0 3161.0703125 3020.20703125 3111.4528459821427 28
290 0.1 3020.03125 0.0 3161.0703125 3020.03125 3108.306438577586 29
300 0.1 3021.3515625 0.0 3161.0703125 3020.03125 3105.3639322916665 30
310 0.1 3022.50390625 0.0 3161.0703125 3020.03125 3102.653855846774 31
320 0.1 3033.0625 0.0 3161.0703125 3020.03125 3100.149169921875 32
330 0.1 3058.1875 0.0 3161.0703125 3020.03125 3098.116240530303 33
340 0.1 3058.50390625 0.0 3161.0703125 3020.03125 3096.9418658088234 34
350 0.1 3059.49609375 0.0 3161.0703125 3020.03125 3095.843638392857 35
360 0.1 3059.5390625 0.0 3161.0703125 3020.03125 3094.833984375 36
370 0.1 3069.5703125 0.0 3161.0703125 3020.03125 3093.8800675675675 37
380 0.1 3069.73828125 0.0 3161.0703125 3020.03125 3093.2403371710525 38
390 0.1 3069.82421875 0.0 3161.0703125 3020.03125 3092.637720352564 39
400 0.1 3069.92578125 0.0 3161.0703125 3020.03125 3092.0673828125 40
408 0.1 3090.18359375 0.0 3161.0703125 3020.03125 3091.52734375 41
