0 40.45546875 40.45546875
10 78.3921875 118.84765625
20 140.6625 259.51015625
30 115.4890625 374.99921875
40 237.06328125 612.0625
50 361.67734375 973.73984375
60 339.403125 1313.14296875
70 340.04453125 1653.1875
80 371.30390625 2024.49140625
90 378.29296875 2402.784375
100 423.12890625 2825.91328125
110 759.62109375 3585.534375
120 871.59375 4457.128125
130 1006.15625 5463.284375
140 1358.43125 6821.715625
150 1697.71484375 8519.43046875
160 1592.7453125 10112.17578125
170 1461.6015625 11573.77734375
180 1643.61484375 13217.3921875
190 2046.1953125 15263.5875
200 2179.9765625 17443.5640625
210 2592.1453125 20035.709375
220 3080.16328125 23115.87265625
230 3014.54453125 26130.4171875
240 3083.55234375 29213.96953125
250 2609.6890625 31823.65859375
260 2443.08046875 34266.7390625
270 2063.5015625 36330.240625
280 1923.91796875 38254.15859375
290 1968.9984375 40223.15703125
300 1030.578125 41253.73515625
310 412.196875 41665.93203125
320 209.62734375 41875.559375
330 148.99453125 42024.55390625
340 26.95625 42051.51015625
350 1.278125 42052.78828125
360 24.5734375 42077.36171875
370 71.80078125 42149.1625
380 23.309375 42172.471875
390 0 42172.471875
400 0 42172.471875
408 29.83359375 42202.30546875
