0 9.14765625 9.14765625
10 22.49765625 31.6453125
20 34.346875 65.9921875
30 28.87578125 94.86796875
40 80.85546875 175.7234375
50 137.6671875 313.390625
60 109.84140625 423.23203125
70 97.0546875 520.28671875
80 115.7984375 636.08515625
90 117.0640625 753.14921875
100 101.54375 854.69296875
110 235.0984375 1089.79140625
120 258.3078125 1348.09921875
130 320.51953125 1668.61875
140 472.57890625 2141.19765625
150 594.62265625 2735.8203125
160 555.6375 3291.4578125
170 581.29140625 3872.74921875
180 763.7421875 4636.49140625
190 1059.63203125 5696.1234375
200 1259.86171875 6955.98515625
210 1803.9125 8759.89765625
220 2594.653125 11354.55078125
230 2656.046875 14010.59765625
240 2852.84453125 16863.4421875
250 2745.19609375 19608.63828125
260 2377.16328125 21985.8015625
270 1404.60390625 23390.40546875
280 1351.84609375 24742.2515625
290 1454.58671875 26196.83828125
300 749.69921875 26946.5375
310 271.24765625 27217.78515625
320 149.88125 27367.66640625
330 116.52421875 27484.190625
340 20.9703125 27505.1609375
350 0.6859375 27505.846875
360 5.86796875 27511.71484375
370 37.35703125 27549.071875
380 21.73515625 27570.80703125
390 0 27570.80703125
400 0 27570.80703125
408 21.73515625 27592.5421875
