0 0.1 3175.117919921875 0 3175.117919921875 3175.117919921875 0 0
10 0.1 565.825927734375 0.0 3175.117919921875 565.825927734375 3175.117919921875 1
20 0.1 1081.0830078125 0.0 3175.117919921875 565.825927734375 1870.471923828125 2
30 0.3 572.3853352864584 16.127680846847706 3175.117919921875 560.423828125 1607.34228515625 3
40 0 0 0 3175.117919921875 560.423828125 1089.8638102213542 6
50 0.2 578.208984375 4.56005859375 3175.117919921875 560.423828125 1089.8638102213542 6
60 0.5 364.222607421875 246.52941968895308 3175.117919921875 56.677001953125 961.9501037597656 8
70 0.3 604.1353352864584 38.44438746203642 3175.117919921875 56.677001953125 732.0549128605769 13
80 0.9 592.4717881944445 36.02158820508973 3175.117919921875 56.677001953125 708.0699920654297 16
90 0.3 407.582763671875 238.26563190000982 3175.117919921875 56.677001953125 666.454638671875 25
100 0.8 595.1270141601563 263.4388979831368 3175.117919921875 56.677001953125 638.7183663504464 28
110 1.2 392.74375406901044 260.4185694443639 3175.117919921875 56.677001953125 629.0313991970486 36
120 1 481.147900390625 238.90489613809433 3175.117919921875 56.677001953125 569.9594879150391 48
130 1.9 777.3479646381579 785.6020014033546 3804.316162109375 56.677001953125 554.647145238416 58
140 1.5 633.135888671875 258.98214105736844 3804.316162109375 56.677001953125 609.5992954799107 77
150 2.1 782.7726353236607 277.9845037369044 3804.316162109375 56.677001953125 613.4367835003396 92
160 2.4 1178.2323506673176 432.6422389472401 3804.316162109375 56.677001953125 644.9062780869746 113
170 2.3 2032.479831861413 289.49891545642214 3804.316162109375 56.677001953125 738.3356630645529 137
180 4 1579.6661071777344 1619.8751435984227 3946.7890625 1.763916015625 924.3688873291015 160
190 7.4 1450.9648206556164 1470.7634982739503 3946.7890625 1.763916015625 1055.4283312988282 200
200 7.3 1372.8729799871576 1367.5685046985604 3946.7890625 1.732177734375 1162.2520547017564 274
210 10.8 854.8121676974823 1260.8654121091465 3946.7890625 1.633056640625 1206.5613559865815 347
220 11.8 715.9610181905456 1173.7569838909626 3946.7890625 1.633056640625 1123.069240964114 455
230 12.1 480.3786641270661 1002.0666348828175 3946.7890625 1.633056640625 1039.2319455238328 573
240 8.2 795.8419725371575 1143.2830612256557 3946.7890625 1.633056640625 941.7949901218028 694
250 0.1 2611.140869140625 0.0 3946.7890625 1.633056640625 926.3721197069304 776
260 0 0 0 3946.7890625 1.633056640625 928.5404192557511 777
270 0 0 0 3946.7890625 1.633056640625 928.5404192557511 777
280 0 0 0 3946.7890625 1.633056640625 928.5404192557511 777
290 0 0 0 3946.7890625 1.633056640625 928.5404192557511 777
300 0 0 0 3946.7890625 1.633056640625 928.5404192557511 777
310 0 0 0 3946.7890625 1.633056640625 928.5404192557511 777
320 0 0 0 3946.7890625 1.633056640625 928.5404192557511 777
330 0 0 0 3946.7890625 1.633056640625 928.5404192557511 777
340 0 0 0 3946.7890625 1.633056640625 928.5404192557511 777
350 0 0 0 3946.7890625 1.633056640625 928.5404192557511 777
360 0 0 0 3946.7890625 1.633056640625 928.5404192557511 777
370 0 0 0 3946.7890625 1.633056640625 928.5404192557511 777
380 0 0 0 3946.7890625 1.633056640625 928.5404192557511 777
390 0 0 0 3946.7890625 1.633056640625 928.5404192557511 777
400 0 0 0 3946.7890625 1.633056640625 928.5404192557511 777
408 0 0 0 3946.7890625 1.633056640625 928.5404192557511 777
