10 0.2 39.1495361328125 13.0484619140625 52.197998046875 26.10107421875 0 0
20 0 0 0 52.197998046875 26.10107421875 39.1495361328125 2
30 0 0 0 52.197998046875 26.10107421875 39.1495361328125 2
40 0 0 0 52.197998046875 26.10107421875 39.1495361328125 2
50 0.1 12.18408203125 0.0 52.197998046875 12.18408203125 39.1495361328125 2
60 0.1 19.7890625 0.0 52.197998046875 12.18408203125 30.161051432291668 3
70 0.2 29.9053955078125 15.6595458984375 52.197998046875 12.18408203125 27.56805419921875 4
80 0.3 33.150634765625 13.59315959627551 52.197998046875 12.18408203125 28.34716796875 6
90 0.3 14.368001302083334 2.2786251742925097 52.197998046875 12.18408203125 29.948323567708332 9
100 0 0 0 52.197998046875 12.18408203125 26.053243001302082 12
110 0.2 112.7039794921875 99.1370849609375 211.841064453125 12.18408203125 26.053243001302082 12
120 0.3 91.04736328125 69.08461082530867 211.841064453125 12.18408203125 38.431919642857146 14
130 0.5 81.171435546875 88.97038471385608 246.119873046875 12.18408203125 47.7169979319853 17
140 1.1 99.00168678977273 110.58146827870797 363.80615234375 12.18408203125 55.32027920809659 22
150 0.6 126.17822265625 50.95648854226082 363.80615234375 12.18408203125 69.88074840198864 33
160 0.7 582.18310546875 280.01188896292456 1118.455078125 12.18408203125 78.54189828725961 39
170 1 1435.748388671875 346.60711879175955 2078.132080078125 12.18408203125 155.18295155400816 46
180 1 1323.7066650390625 1347.4778973760044 3159.086181640625 1.708984375 383.85535103934154 56
190 1.5 1153.7613932291667 1233.5975074125768 3159.086181640625 1.708984375 526.2570652817235 66
200 2.6 843.278564453125 987.7709841004474 3159.086181640625 1.708984375 642.461570457176 81
210 3.5 896.5567592075893 975.8367982171992 3159.086181640625 1.7060546875 691.2582232038551 107
220 3.5 647.1385951450893 839.3418005291522 3159.086181640625 1.7060546875 741.8599750357614 142
230 5.9 482.8767793299787 786.8310846542629 3159.086181640625 1.7060546875 723.1297586731991 177
240 6.6 361.2769775390625 673.6243408330638 3159.086181640625 1.6259765625 663.066513837394 236
250 5.1 554.8555980009191 663.4770909869236 3159.086181640625 1.6259765625 597.1125092159044 302
260 3.7 535.5929647909628 558.6307497316003 3159.086181640625 1.6259765625 591.0074030630311 353
270 1.4 1068.5845249720983 203.91698249953888 3159.086181640625 1.6259765625 585.7501358423477 390
280 0.8 849.7551574707031 185.19748390123812 3159.086181640625 1.6259765625 602.4820206141708 404
290 0.3 413.8406575520833 236.57133318001712 3159.086181640625 1.6259765625 607.2834407473074 412
300 0.2 271.603515625 71.508544921875 3159.086181640625 1.6259765625 605.8850591820408 415
310 0 0 0 3159.086181640625 1.6259765625 604.2817903880023 417
320 0.1 13.4130859375 0.0 3159.086181640625 1.6259765625 604.2817903880023 417
330 0 0 0 3159.086181640625 1.6259765625 602.8682288941015 418
340 0 0 0 3159.086181640625 1.6259765625 602.8682288941015 418
350 0 0 0 3159.086181640625 1.6259765625 602.8682288941015 418
360 0 0 0 3159.086181640625 1.6259765625 602.8682288941015 418
370 0 0 0 3159.086181640625 1.6259765625 602.8682288941015 418
380 0 0 0 3159.086181640625 1.6259765625 602.8682288941015 418
390 0 0 0 3159.086181640625 1.6259765625 602.8682288941015 418
400 0 0 0 3159.086181640625 1.6259765625 602.8682288941015 418
408 0 0 0 3159.086181640625 1.6259765625 602.8682288941015 418
