10 0.1 101.10205078125 0 101.10205078125 101.10205078125 0 0
20 0.1 56.802978515625 0.0 101.10205078125 56.802978515625 101.10205078125 1
30 0 0 0 101.10205078125 56.802978515625 78.9525146484375 2
40 0 0 0 101.10205078125 56.802978515625 78.9525146484375 2
50 0 0 0 101.10205078125 56.802978515625 78.9525146484375 2
60 0.1 18.256103515625 0.0 101.10205078125 18.256103515625 78.9525146484375 2
70 0.1 26.81494140625 0.0 101.10205078125 18.256103515625 58.720377604166664 3
80 0.3 22.39892578125 4.648388522021002 101.10205078125 18.130126953125 50.7440185546875 4
90 0.2 18.80712890625 0.217041015625 101.10205078125 18.130126953125 38.596121651785715 7
100 0.1 18.705078125 0.0 101.10205078125 18.130126953125 34.198567708333336 9
110 0.3 32.575927734375 10.130843950481353 101.10205078125 18.130126953125 32.64921875 10
120 0 0 0 101.10205078125 18.130126953125 32.63230543870192 13
130 0.7 123.45598493303571 89.17014816331279 264.932861328125 18.130126953125 32.63230543870192 13
140 0.8 97.43527221679688 77.03558476347955 264.932861328125 17.346923828125 64.42059326171875 20
150 0.6 178.5968017578125 65.62060202859357 271.614013671875 17.346923828125 73.85335867745536 28
160 0.9 734.2635633680555 317.2988052054626 1339.830078125 17.346923828125 92.33749569163604 34
170 0.1 1109.823974609375 0.0 1339.830078125 17.346923828125 226.69411450763081 43
180 1.1 1106.5215953480113 1226.2852146502858 2932.49609375 1.947998046875 246.76524769176137 44
190 1.5 655.2332845052081 1079.7686008203714 2932.49609375 1.823974609375 418.71651722301135 55
200 1 338.3253662109375 658.0880357118263 2932.49609375 1.823974609375 469.398681640625 70
210 3.2 1028.810691833496 988.7439280454092 2932.49609375 1.823974609375 453.01451721191404 80
220 3.3 241.95539624763265 631.9475385640815 2932.49609375 1.68603515625 617.5277099609375 112
230 4.2 481.36668759300596 740.3561284166223 2932.49609375 1.68603515625 532.0526316675647 145
240 5.7 619.8075229577851 746.0842257551187 2932.49609375 1.68603515625 520.6686228379846 187
250 5.7 479.94541101288377 629.2161932718619 2932.49609375 1.68603515625 543.8281199971184 244
260 5.1 646.3884373085173 524.1632397112069 2932.49609375 1.68603515625 531.7307299236919 301
270 3.3 1043.8893968986742 347.53531260467753 2932.49609375 1.68603515625 548.3430682095615 352
280 1.7 857.7452751608456 98.7718202321759 2932.49609375 1.68603515625 590.8184678114853 385
290 0.9 452.97840711805554 164.32746793047713 2932.49609375 1.68603515625 602.1064173760105 402
300 0.5 23.470263671875 17.717568616420657 2932.49609375 1.68603515625 598.840840509048 411
310 0.1 6.76318359375 0.0 2932.49609375 1.68603515625 591.9253287682166 416
320 0 0 0 2932.49609375 1.68603515625 590.522062233026 417
330 0.1 21.162109375 0.0 2932.49609375 1.68603515625 590.522062233026 417
340 0 0 0 2932.49609375 1.68603515625 589.1599570826479 418
350 0 0 0 2932.49609375 1.68603515625 589.1599570826479 418
360 0 0 0 2932.49609375 1.68603515625 589.1599570826479 418
370 0 0 0 2932.49609375 1.68603515625 589.1599570826479 418
380 0 0 0 2932.49609375 1.68603515625 589.1599570826479 418
390 0 0 0 2932.49609375 1.68603515625 589.1599570826479 418
400 0 0 0 2932.49609375 1.68603515625 589.1599570826479 418
408 0 0 0 2932.49609375 1.68603515625 589.1599570826479 418
