0 0.6 53.076619466145836 56.531667306872905 139.7021484375 10.43212890625 0 0
10 0.4 19.09698486328125 15.013171629067045 139.7021484375 9.802978515625 53.076619466145836 6
20 0.4 19.2540283203125 13.229960371284827 139.7021484375 9.802978515625 39.484765625 10
30 0.4 12.0435791015625 2.9097589644049724 139.7021484375 9.802978515625 33.704554966517854 14
40 1.3 37.58052884615385 72.82095859696445 275.260009765625 8.724853515625 28.891004774305557 18
50 0.5 21.52021484375 16.74442398819345 275.260009765625 8.724853515625 32.53499873991935 31
60 0.6 18.021728515625 11.539647227223638 275.260009765625 8.724853515625 31.005167643229168 36
70 0.7 10.499581473214286 0.930612254957977 275.260009765625 8.724853515625 29.150390625 42
80 0.5 11.85703125 2.0135602065757485 275.260009765625 8.724853515625 26.48598931760204 49
90 1 10.3504150390625 1.033548867944442 275.260009765625 8.64794921875 25.131456163194443 54
100 1.6 13.047348022460938 6.965562001669481 275.260009765625 8.43505859375 22.821918487548828 64
110 2.7 17.177797670717595 9.31133083914139 275.260009765625 8.43505859375 20.86700439453125 80
120 2.3 24.876199473505434 25.869280363135005 275.260009765625 8.339111328125 19.936083071699766 107
130 3.7 60.82352591849662 53.816820057897026 275.260009765625 8.339111328125 20.810103665865384 130
140 3.2 80.53085327148438 103.36673683486661 427.1162109375 8.339111328125 29.675352907466316 167
150 5.6 111.50371442522321 106.81534381927005 482.345947265625 8.339111328125 37.85312181022299 199
160 7.2 522.422366672092 302.44008812262206 1372.238037109375 8.339111328125 54.027369600183825 255
170 5.8 1366.88191170528 250.75370758063565 1911.093017578125 8.339111328125 157.16021299216362 327
180 7.9 1625.7526299198976 1242.1534589551056 3287.93310546875 3.162109375 339.404001369724 385
190 11.8 1367.5953927767487 1180.7563202402318 3287.93310546875 3.057861328125 558.4159445927062 464
200 10.8 1178.0361576786747 989.5679486724359 3287.93310546875 3.049072265625 722.4763825406735 582
210 19.5 778.9660782251602 937.4558683038498 3287.93310546875 2.951904296875 793.7813908231433 690
220 24.8 662.8144708448842 873.813642964343 3287.93310546875 2.951904296875 790.5169999117232 885
230 24.6 534.7263272913491 791.2578834533433 3287.93310546875 2.951904296875 762.5644604513736 1133
240 6.8 587.989699419807 738.8651796393606 3287.93310546875 2.951904296875 721.9203844851909 1379
250 0 0 0 3287.93310546875 2.951904296875 715.6264753045094 1447
260 0 0 0 3287.93310546875 2.951904296875 715.6264753045094 1447
270 0 0 0 3287.93310546875 2.951904296875 715.6264753045094 1447
280 0 0 0 3287.93310546875 2.951904296875 715.6264753045094 1447
290 0 0 0 3287.93310546875 2.951904296875 715.6264753045094 1447
300 0 0 0 3287.93310546875 2.951904296875 715.6264753045094 1447
310 0 0 0 3287.93310546875 2.951904296875 715.6264753045094 1447
320 0 0 0 3287.93310546875 2.951904296875 715.6264753045094 1447
330 0 0 0 3287.93310546875 2.951904296875 715.6264753045094 1447
340 0 0 0 3287.93310546875 2.951904296875 715.6264753045094 1447
350 0 0 0 3287.93310546875 2.951904296875 715.6264753045094 1447
360 0 0 0 3287.93310546875 2.951904296875 715.6264753045094 1447
370 0 0 0 3287.93310546875 2.951904296875 715.6264753045094 1447
380 0 0 0 3287.93310546875 2.951904296875 715.6264753045094 1447
390 0 0 0 3287.93310546875 2.951904296875 715.6264753045094 1447
400 0 0 0 3287.93310546875 2.951904296875 715.6264753045094 1447
408 0 0 0 3287.93310546875 2.951904296875 715.6264753045094 1447
