0 0.1 28.440185546875 0 28.440185546875 28.440185546875 0 0
10 0.2 17.52197265625 7.75390625 28.440185546875 9.76806640625 28.440185546875 1
20 0.6 12.854532877604166 7.248268343238198 29.06005859375 9.47998046875 21.161376953125 3
30 0.2 10.39794921875 0.446044921875 29.06005859375 9.47998046875 15.623480902777779 9
40 0.4 14.40802001953125 5.228900843577181 29.06005859375 9.052001953125 14.673384232954545 11
50 1.2 9.652242024739584 2.448870799864382 29.06005859375 7.796142578125 14.602620442708334 15
60 0.7 8.611014229910714 0.8095692997794605 29.06005859375 7.592041015625 12.402452256944445 27
70 0.8 23.74114990234375 31.24376950565505 106.18212890625 7.592041015625 11.621862074908089 34
80 0.4 12.8936767578125 5.860831673433774 106.18212890625 7.592041015625 13.9302978515625 42
90 0.3 11.962646484375 2.8583129689313242 106.18212890625 7.592041015625 13.840156886888588 46
100 1.1 17.998335404829547 20.473273152988273 106.18212890625 7.592041015625 13.725207270408163 49
110 1.4 22.449358258928573 25.930831781427646 110.565185546875 7.592041015625 14.508614095052083 60
120 2 21.1712646484375 18.77601147959201 110.565185546875 7.592041015625 16.01091704497466 74
130 2.9 71.92440059267241 70.02614758125667 321.0849609375 7.592041015625 17.108863343583778 94
140 3.1 67.68344411542337 89.51521100868155 403.955078125 7.592041015625 30.032851800685975 123
150 3.5 127.940625 104.05766255328841 481.7919921875 7.592041015625 37.61186713676948 154
160 4.4 599.4739546342329 334.90859394663113 1366.366943359375 7.592041015625 54.339414889219576 189
170 4.2 1380.8988269624256 284.05769673629055 1964.990966796875 7.592041015625 157.2832764719689 233
180 6.5 2124.7962702824534 1022.5409670624821 3271.87890625 1.72998046875 344.16274236505683 275
190 8.1 1075.0488190827546 1203.6329207034414 3271.87890625 1.71484375 684.5779756433826 340
200 9.1 942.0267669342377 1003.3784876795032 3271.87890625 1.6640625 759.7041949274424 421
210 11.1 521.2838783607825 876.1377902769665 3271.87890625 1.6640625 792.1091833114626 512
220 17.3 396.00033022489146 722.1892760223461 3271.87890625 1.6640625 743.8561996043592 623
230 20.8 334.597162099985 692.4854583603199 3271.87890625 1.6279296875 668.2543586462588 796
240 22.5 447.7995421006944 674.4603891196808 3271.87890625 1.614013671875 599.1301585649591 1004
250 13.9 522.6133128653328 640.9833623185275 3271.87890625 1.614013671875 571.4252043709317 1229
260 5.4 679.8834906684029 605.0028779979921 3271.87890625 1.614013671875 566.4655165644418 1368
270 1.9 987.2408896998355 256.8336896465603 3271.87890625 1.614013671875 570.7725282392757 1422
280 0.5 923.366845703125 89.69454668568545 3271.87890625 1.614013671875 576.2637835257092 1441
290 0.1 356.788818359375 0.0 3271.87890625 1.614013671875 577.4640015830308 1446
300 0 0 0 3271.87890625 1.614013671875 577.3114962732702 1447
310 0 0 0 3271.87890625 1.614013671875 577.3114962732702 1447
320 0 0 0 3271.87890625 1.614013671875 577.3114962732702 1447
330 0 0 0 3271.87890625 1.614013671875 577.3114962732702 1447
340 0 0 0 3271.87890625 1.614013671875 577.3114962732702 1447
350 0 0 0 3271.87890625 1.614013671875 577.3114962732702 1447
360 0 0 0 3271.87890625 1.614013671875 577.3114962732702 1447
370 0 0 0 3271.87890625 1.614013671875 577.3114962732702 1447
380 0 0 0 3271.87890625 1.614013671875 577.3114962732702 1447
390 0 0 0 3271.87890625 1.614013671875 577.3114962732702 1447
400 0 0 0 3271.87890625 1.614013671875 577.3114962732702 1447
408 0 0 0 3271.87890625 1.614013671875 577.3114962732702 1447
