30 0.1 15.510986328125 0 15.510986328125 15.510986328125 0 0
40 0.3 15.43017578125 4.869589423673613 21.27392578125 9.352783203125 15.510986328125 1
50 0.4 10.3455810546875 0.7587100445661058 21.27392578125 9.048095703125 15.45037841796875 4
60 0.5 13.968212890625 6.8736059394969935 27.344970703125 8.815185546875 12.897979736328125 8
70 0.8 11.164794921875 1.8700265329564458 27.344970703125 8.815185546875 13.309607872596153 13
80 0.7 14.178571428571429 4.593444860159354 27.344970703125 8.815185546875 12.492536272321429 21
90 0.9 12.411946614583334 2.500790632583139 27.344970703125 8.815185546875 12.914045061383929 28
100 0.6 13.9150390625 6.23968753080237 27.344970703125 8.815185546875 12.791913006756756 37
110 0.3 9.724365234375 0.6795027324592569 27.344970703125 8.815185546875 12.948628270348838 43
120 1.2 22.729451497395832 15.431635845750996 55.39892578125 8.815185546875 12.738350246263588 46
130 1.2 44.61492919921875 23.56216684428115 82.55908203125 8.815185546875 14.80547464304957 58
140 1.6 132.9443511962891 112.43011858741536 385.18408203125 8.815185546875 19.915666852678573 70
150 2 159.92403564453124 169.98238370150108 641.858154296875 8.815185546875 40.944259288699136 86
160 1.9 599.2313682154605 355.82026572912997 1435.544921875 8.815185546875 63.39327369545991 106
170 1.6 1470.888412475586 275.85703897946206 1880.0419921875 8.815185546875 144.8406640625 125
180 2.7 1685.5149830005787 1417.8746577003774 3395.77099609375 1.95703125 295.31416742852394 141
190 3.5 901.3287667410715 1172.3432224795038 3395.77099609375 1.742919921875 518.7392985026041 168
200 5 657.6893896484372 920.3758988133874 3395.77099609375 1.742919921875 584.7029999230296 203
210 6.1 702.3349889536372 928.834356759526 3395.77099609375 1.742919921875 599.1271876157979 253
220 8.3 394.72617422816273 717.0702906525894 3395.77099609375 1.680908203125 619.177110805633 314
230 9.7 430.1270059801869 763.3183251271322 3395.77099609375 1.680908203125 572.251600135784 397
240 12.5 355.01635351562504 629.2942200830926 3395.77099609375 1.680908203125 544.3445441983489 494
250 16.4 639.0319213867188 674.4872099470458 3395.77099609375 1.680908203125 506.11187241266157 619
260 17.7 642.6202633960099 588.2677431977114 3395.77099609375 1.680908203125 533.9520870125918 783
270 16.5 987.5346931226326 325.56775756584085 3395.77099609375 1.680908203125 553.9877820332846 960
280 13.8 861.412893101789 158.6492731994898 3395.77099609375 1.680908203125 617.574662326389 1125
290 10.8 471.5366188331886 180.14697323149397 3395.77099609375 1.680908203125 644.217319370732 1263
300 4.6 80.67830226732336 104.58719067025687 3395.77099609375 1.680908203125 630.6144633108818 1371
310 1.8 13.803914388020834 7.002649107434534 3395.77099609375 1.680908203125 612.7619132699476 1417
320 0.8 10.868499755859375 0.9591149898661633 3395.77099609375 1.680908203125 605.2488512630663 1435
330 0.4 10.81658935546875 0.3094909939399265 3395.77099609375 1.680908203125 601.9536032990624 1443
340 0 0 0 3395.77099609375 1.680908203125 600.319499597767 1447
350 0 0 0 3395.77099609375 1.680908203125 600.319499597767 1447
360 0 0 0 3395.77099609375 1.680908203125 600.319499597767 1447
370 0 0 0 3395.77099609375 1.680908203125 600.319499597767 1447
380 0 0 0 3395.77099609375 1.680908203125 600.319499597767 1447
390 0 0 0 3395.77099609375 1.680908203125 600.319499597767 1447
400 0 0 0 3395.77099609375 1.680908203125 600.319499597767 1447
408 0 0 0 3395.77099609375 1.680908203125 600.319499597767 1447
