0 0.3 44.300944010416664 18.64965185885048 62.556884765625 18.68798828125 0 0
10 0.4 50.1785888671875 54.31350999988843 142.407958984375 10.651123046875 44.300944010416664 3
20 0.7 22.579136439732142 20.76314373231888 142.407958984375 9.02490234375 47.659598214285715 7
30 0.1 13.216064453125 0.0 142.407958984375 9.02490234375 35.11936732700893 14
40 0.9 19.218370225694443 25.326015036006005 142.407958984375 9.02490234375 33.65914713541667 15
50 0.7 12.59716796875 3.232720406633713 142.407958984375 9.02490234375 28.243855794270832 24
60 0.7 11.199148995535714 3.439012067867312 142.407958984375 9.02490234375 24.71073273689516 31
70 0.8 13.577728271484375 5.198789737833278 142.407958984375 9.02490234375 22.221756784539473 38
80 0.3 11.690673828125 1.3335803170729734 142.407958984375 9.02490234375 20.718447477921195 46
90 0.7 10.735874720982142 1.334985758457557 142.407958984375 9.02490234375 20.165726642219386 49
100 1.3 38.84530874399039 81.2549376724055 318.430908203125 9.02490234375 18.986995152064733 56
110 1.9 25.085487767269736 35.49680153971392 318.430908203125 8.431884765625 22.728416553442027 69
120 2.8 22.922031947544642 15.008659159653165 318.430908203125 8.431884765625 23.23732965642756 88
130 2.8 74.31505475725446 92.54728491793226 399.241943359375 8.431884765625 23.161223312904095 116
140 3.1 58.775941910282256 69.67984817223189 399.241943359375 8.431884765625 33.10780164930556 144
150 4.7 126.18728183178192 108.68523194956789 525.885986328125 8.431884765625 37.65472935267857 175
160 4.8 511.2218983968099 287.1860879095618 1165.945068359375 8.431884765625 56.398107580236484 222
170 5.9 1394.9223094875529 236.2579755667875 1912.467041015625 8.431884765625 137.25567039207175 270
180 6.3 1556.5611281622023 1255.0399331597453 3452.0419921875 1.719970703125 362.7946725398936 329
190 8.5 1190.9843663832721 1213.6110877166482 3452.0419921875 1.717041015625 554.6499957649075 392
200 11.6 922.5094541352371 982.0327528277328 3452.0419921875 1.717041015625 668.0429129610521 477
210 13.3 879.1583206062029 955.4806694014513 3452.0419921875 1.697021484375 717.8205162936077 593
220 22.5 475.96869791666677 779.8470744517609 3452.0419921875 1.641845703125 747.3768909128572 726
230 22 348.3095192649148 672.9307650017383 3452.0419921875 1.6279296875 683.1635960399415 951
240 22 472.8921431107956 707.7242095769611 3452.0419921875 1.6279296875 620.2533510437794 1171
250 4.8 617.7851969401044 652.0005576689473 3452.0419921875 1.6279296875 596.9467617229624 1391
260 0.6 643.4134928385416 653.0148913294022 3452.0419921875 1.6279296875 597.6418589365987 1439
270 0.2 1052.01904296875 16.507080078125 3452.0419921875 1.6279296875 597.8319141638733 1445
280 0 0 0 3452.0419921875 1.6279296875 598.4596779908323 1447
290 0 0 0 3452.0419921875 1.6279296875 598.4596779908323 1447
300 0 0 0 3452.0419921875 1.6279296875 598.4596779908323 1447
310 0 0 0 3452.0419921875 1.6279296875 598.4596779908323 1447
320 0 0 0 3452.0419921875 1.6279296875 598.4596779908323 1447
330 0 0 0 3452.0419921875 1.6279296875 598.4596779908323 1447
340 0 0 0 3452.0419921875 1.6279296875 598.4596779908323 1447
350 0 0 0 3452.0419921875 1.6279296875 598.4596779908323 1447
360 0 0 0 3452.0419921875 1.6279296875 598.4596779908323 1447
370 0 0 0 3452.0419921875 1.6279296875 598.4596779908323 1447
380 0 0 0 3452.0419921875 1.6279296875 598.4596779908323 1447
390 0 0 0 3452.0419921875 1.6279296875 598.4596779908323 1447
400 0 0 0 3452.0419921875 1.6279296875 598.4596779908323 1447
408 0 0 0 3452.0419921875 1.6279296875 598.4596779908323 1447
