40 0.8 11.608489990234375 3.7916226536073747 15.986083984375 6.678955078125 0 0
50 2.4 10.955912272135416 5.566013210281323 27.3359375 6.663818359375 11.608489990234375 8
60 0.8 15.520660400390625 11.2856597437748 42.64501953125 6.663818359375 11.119056701660156 32
70 0 0 0 42.64501953125 6.663818359375 11.99937744140625 40
80 1.6 9.396209716796875 3.3593962833650743 42.64501953125 6.663818359375 11.99937744140625 40
90 1.6 10.13819885253906 4.348206564483783 42.64501953125 6.663818359375 11.255615234375 56
100 0 0 0 42.64501953125 6.663818359375 11.007300482855904 72
110 2.4 14.5037841796875 9.848736440844352 48.738037109375 6.663818359375 11.007300482855904 72
120 1.6 16.37802124023438 11.352593185418845 49.223876953125 6.663818359375 11.881421407063803 96
130 2.1 87.6525646391369 86.19466223128697 333.9150390625 6.663818359375 12.523792811802455 112
140 4.9 29.124367227359695 32.610273148089256 333.9150390625 6.663818359375 24.38623046875 133
150 6.8 74.55855066636029 71.81652322905512 333.9150390625 6.663818359375 25.661882672991073 182
160 2.4 420.4659729003906 308.1972505342878 1320.804931640625 6.663818359375 38.9617763671875 250
170 1.9 1347.190095600329 160.58169726571253 1666.882080078125 6.663818359375 72.37820234089872 274
180 4.5 1035.8519476996526 1237.2050722214553 3363.248046875 1.760986328125 155.04518518024744 293
190 7.9 886.0596784760684 1167.220294592379 3363.248046875 1.72998046875 272.31235770502036 338
200 10.2 787.8422516467523 964.5310348469859 3363.248046875 1.72998046875 388.5858309446194 417
210 21.4 497.16906281943653 828.8510664496424 3363.248046875 1.72998046875 467.05241073579 519
220 38.8 346.3236209830055 700.0290952025504 3363.248046875 1.694091796875 475.84499401805516 733
230 38.1 422.69474732406496 738.0006017149484 3363.248046875 1.694091796875 431.01511646444294 1121
240 42.9 363.14442369154284 627.3386944218234 3363.248046875 1.694091796875 428.90455678236304 1502
250 53.5 411.7842490508178 602.4841613423253 3363.248046875 1.694091796875 414.29497775804305 1931
260 53 505.7116984817218 564.0693316644986 3363.248046875 1.694091796875 413.7502738414309 2466
270 29.6 915.853009198163 368.3652344487576 3363.248046875 1.694091796875 430.0184831402808 2996
280 34.3 807.2577811816691 165.52957357391585 3363.248046875 1.694091796875 473.70226798631154 3292
290 47.4 379.5308631864781 214.31213585346356 3363.248046875 1.694091796875 505.17669467847315 3635
300 25.1 123.92086828467374 115.65497858401474 3363.248046875 1.694091796875 490.68262699115127 4109
310 8 8.740133666992188 3.5712493541062673 3363.248046875 1.694091796875 469.5685899647004 4360
320 4.8 7.3476409912109375 2.4759229383786354 3363.248046875 1.694091796875 461.2653745359129 4440
330 4 7.558795166015625 2.6669152967822183 3363.248046875 1.694091796875 456.4106394177877 4488
340 0.8 7.54010009765625 3.241062513184455 3363.248046875 1.694091796875 452.4455171187438 4528
350 0 0 0 3363.248046875 1.694091796875 451.6608514802586 4536
360 0.1 12.4990234375 0.0 3363.248046875 1.694091796875 451.6608514802586 4536
370 1.5 12.801969401041667 2.7790684689812855 3363.248046875 1.694091796875 451.564055838195 4537
380 0.8 10.208160400390625 1.2849827155752123 3363.248046875 1.694091796875 450.11822295230803 4552
390 0 0 0 3363.248046875 1.694091796875 449.3464509127433 4560
400 0 0 0 3363.248046875 1.694091796875 449.3464509127433 4560
408 0.8 6.854217529296875 0.10275285775759631 3363.248046875 1.694091796875 449.3464509127433 4560
