40 0.8 7.643341064453125 0.17844514676342688 8.0048828125 7.430908203125 0 0
50 2.4 11.865753173828125 4.735228264546675 20.969970703125 7.430908203125 7.643341064453125 8
60 0.8 15.45098876953125 15.504222355212967 56.038818359375 7.430908203125 10.810150146484375 32
70 0 0 0 56.038818359375 7.430908203125 11.73831787109375 40
80 1.6 11.951278686523438 8.685900782813057 56.038818359375 7.430908203125 11.73831787109375 40
90 1.6 9.977478027343752 3.016654441100822 56.038818359375 7.430908203125 11.799163818359375 56
100 0 0 0 56.038818359375 7.430908203125 11.394344753689236 72
110 2.4 16.22836303710938 10.584739182465091 56.038818359375 7.430908203125 11.394344753689236 72
120 1.6 14.870208740234375 7.308492363611865 56.038818359375 7.430908203125 12.602849324544271 96
130 2.1 108.30559430803571 68.46848003649625 321.23583984375 7.430908203125 12.9267578125 112
140 4.9 36.173454440369895 41.48557845923265 321.23583984375 7.430908203125 27.986574101268797 133
150 6.8 78.87966739430146 73.2055362947828 321.23583984375 7.430908203125 30.190734192565248 182
160 2.3 446.5324070142663 301.63836536223045 1097.247802734375 7.430908203125 43.4341240234375 250
170 2 1465.3051025390625 276.7340247150037 1967.636962890625 7.430908203125 77.39478522779304 273
180 3.8 884.163664165296 1310.3285415540788 3298.785888671875 1.671875 172.1326908463097 293
190 7.7 825.3878792106332 1126.0865026654624 3298.785888671875 1.671875 253.87642796450152 331
200 9.9 997.9873836016415 998.2364855457952 3298.785888671875 1.671875 361.73520675359987 408
210 21.2 580.5855229215798 889.3556679414548 3298.785888671875 1.671875 485.97379749907543 507
220 39.3 347.7680956037293 699.0448401162967 3298.785888671875 1.64111328125 513.8704397655162 719
230 37.6 311.57118127701153 659.567747988298 3298.785888671875 1.628173828125 455.1670033845969 1112
240 42.2 365.26138782953205 635.6930180207037 3298.785888671875 1.628173828125 418.8820375832178 1488
250 53.7 423.8344299202745 603.9152140480659 3298.785888671875 1.628173828125 407.03496208790085 1910
260 53.4 499.21846425488644 564.1023125400153 3298.785888671875 1.628173828125 410.72164546590847 2447
270 27.7 917.7702196031703 350.3585289231961 3298.785888671875 1.628173828125 426.5744804988888 2981
280 34.7 810.0883303595548 162.64650496223004 3298.785888671875 1.628173828125 468.33667194513987 3258
290 49.9 374.7752325940946 215.27509318415477 3298.785888671875 1.628173828125 501.23204655534846 3605
300 25.6 115.30718135833736 109.35029393996365 3298.785888671875 1.628173828125 485.8563277038217 4104
310 8 7.811068725585938 2.7366935792919636 3298.785888671875 1.628173828125 464.0993136064722 4360
320 4.8 6.465037027994792 1.672252350969875 3298.785888671875 1.628173828125 455.87790378879856 4440
330 4 6.729827880859375 2.1559786699714745 3298.785888671875 1.628173828125 451.0713490640841 4488
340 0.8 5.871246337890625 2.4568890587686005 3298.785888671875 1.628173828125 447.1460706084019 4528
350 0 0 0 3298.785888671875 1.628173828125 446.3678081317343 4536
360 0.1 18.240966796875 0.0 3298.785888671875 1.628173828125 446.3678081317343 4536
370 1.5 11.015348307291667 3.048758970414862 3298.785888671875 1.628173828125 446.2734447106775 4537
380 0.8 9.8316650390625 1.9059894141329037 3298.785888671875 1.628173828125 444.83915836488427 4552
390 0 0 0 3298.785888671875 1.628173828125 444.0759873239618 4560
400 0 0 0 3298.785888671875 1.628173828125 444.0759873239618 4560
408 0.8 6.350128173828125 0.40965162637916597 3298.785888671875 1.628173828125 444.0759873239618 4560
