20 0.2 1335.330078125 624.155029296875 1959.485107421875 711.175048828125 0 0
30 0 0 0 1959.485107421875 711.175048828125 1335.330078125 2
40 0.1 702.27099609375 0.0 1959.485107421875 702.27099609375 1335.330078125 2
50 0.1 208.215087890625 0.0 1959.485107421875 208.215087890625 1124.3103841145833 3
60 0.1 714.18603515625 0.0 1959.485107421875 208.215087890625 895.2865600585938 4
70 0.4 1051.0795288085938 341.18223807633655 1959.485107421875 208.215087890625 859.066455078125 5
80 0 0 0 1959.485107421875 208.215087890625 944.4055989583334 9
90 0.1 707.733154296875 0.0 1959.485107421875 208.215087890625 944.4055989583334 9
100 0.3 542.14501953125 242.9210942468209 1959.485107421875 198.77294921875 920.7383544921875 10
110 0.3 756.838623046875 40.22571588019093 1959.485107421875 198.77294921875 833.3706618088943 13
120 0.7 697.0680106026786 161.12301465730724 1959.485107421875 198.77294921875 819.0209045410156 16
130 0.3 954.4182942708334 127.63135140651819 1959.485107421875 198.77294921875 781.9048063858696 23
140 1 981.48212890625 331.2224387747416 1959.485107421875 198.77294921875 801.8102088341346 26
150 1 866.461181640625 246.0582085743422 1959.485107421875 198.77294921875 851.7190755208334 36
160 1.2 1465.0645141601563 292.297610896787 1972.64501953125 198.77294921875 854.9238811990489 46
170 1.1 2228.4644886363635 308.60237202036996 2826.466064453125 198.77294921875 981.1598742254849 58
180 2.1 2207.125 1776.7226775020092 4215.720947265625 1.906005859375 1180.0055373924365 69
190 2.6 1071.3132699819712 1613.7927322301744 4215.720947265625 1.779052734375 1419.6667453342013 90
200 2.7 1043.6548303674767 1142.6474786825618 4215.720947265625 1.779052734375 1341.5875181000808 116
210 4.6 677.6058774201766 975.0080488239677 4215.720947265625 1.705078125 1285.3344931435752 143
220 5 419.3936279296875 739.1559684341129 4215.720947265625 1.705078125 1137.4217083643352 189
230 5.8 337.3934747103988 782.8659513881892 4215.720947265625 1.705078125 987.2066287754968 239
240 8.5 369.15638786764714 623.2439173678606 4215.720947265625 1.6279296875 860.3070902712016 297
250 9.6 523.4579976399741 663.3079518211171 4215.720947265625 1.6279296875 751.0196303122955 382
260 6.3 703.1381487165179 684.7579197745741 4215.720947265625 1.6279296875 705.3168756333355 478
270 2.9 1085.8374275996766 566.6711556363095 4215.720947265625 1.6279296875 705.0631606689002 541
280 2.2 1070.268399325284 447.1063076532607 4215.720947265625 1.6279296875 724.4358865302905 570
290 0.5 1415.44140625 220.1273352866826 4215.720947265625 1.6279296875 737.2877704517261 592
300 0.4 182.74951171875 304.4841826348689 4215.720947265625 1.6279296875 742.9674491435039 597
310 0.2 361.819091796875 355.446044921875 4215.720947265625 1.6279296875 739.2388771806103 601
320 0 0 0 4215.720947265625 1.6279296875 737.9870702639147 603
330 0 0 0 4215.720947265625 1.6279296875 737.9870702639147 603
340 0 0 0 4215.720947265625 1.6279296875 737.9870702639147 603
350 0 0 0 4215.720947265625 1.6279296875 737.9870702639147 603
360 0.1 713.946044921875 0.0 4215.720947265625 1.6279296875 737.9870702639147 603
370 0 0 0 4215.720947265625 1.6279296875 737.9472672418252 604
380 0 0 0 4215.720947265625 1.6279296875 737.9472672418252 604
390 0 0 0 4215.720947265625 1.6279296875 737.9472672418252 604
400 0 0 0 4215.720947265625 1.6279296875 737.9472672418252 604
408 0 0 0 4215.720947265625 1.6279296875 737.9472672418252 604
