0 0.1 1
10 0.3 4
20 0.3 7
30 0.6 13
40 0.5 18
50 0.5 23
60 0.7 30
70 0.5 35
80 0.8 43
90 1.1 54
100 1.6 70
110 1.5 85
120 1.4 99
130 2.1 120
140 2.5 145
150 3.8 183
160 3.8 221
170 7.2 293
180 10.2 395
190 12.8 523
200 14.7 670
210 18.6 856
220 15.1 1007
230 15.4 1161
240 15.9 1320
250 20.6 1526
260 19.8 1724
270 20.1 1925
280 22.2 2147
290 20.5 2352
300 23.5 2587
310 26.8 2855
320 33.2 3187
330 26.5 3452
340 24 3692
350 22.2 3914
360 23.3 4147
370 22.5 4372
380 27.6 4648
390 25.5 4903
400 27.1 5174
410 25 5424
420 31.6 5740
430 9.3 5833
440 2.1 5854
450 0 5854
460 0.4 5858
470 0 5858
480 1.7 5875
481 0 5875
