0 11 11
10 20 9
20 26 6
30 37 11
40 46 9
50 53 7
60 54 1
70 69 15
80 82 13
90 102 20
100 127 25
110 144 17
120 203 59
130 265 62
140 326 61
150 445 119
160 576 131
170 656 80
180 860 204
190 1029 169
200 1032 3
210 1037 5
220 1037 0
230 1053 16
240 1043 -10
250 1034 -9
260 1020 -14
270 1018 -2
280 1035 17
290 1008 -27
300 910 -98
310 692 -218
320 568 -124
330 552 -16
340 542 -10
350 548 6
360 528 -20
370 444 -84
380 366 -78
390 295 -71
400 216 -79
410 127 -89
420 53 -74
430 19 -34
440 8 -11
450 1 -7
460 1 0
470 0 -1
480 0 0
481 0 0
