0 1.1 12.072088068181818 32.27679635803504 113.93798828125 0.68896484375 0 0
10 1 0.6971435546875 0.059177819150130394 113.93798828125 0.5927734375 12.072088068181818 11
20 0.8 2.40936279296875 2.9322623591739867 113.93798828125 0.5927734375 6.655447823660714 21
30 1.5 2.117171223958333 2.4512881705030023 113.93798828125 0.5927734375 5.484114022090517 29
40 1.5 1.735595703125 1.8891454871423137 113.93798828125 0.5927734375 4.336292613636363 44
50 1.6 1.0699920654296875 0.9392618143887221 113.93798828125 0.529052734375 3.675098483845339 59
60 1.2 1.90948486328125 2.6897836990829114 113.93798828125 0.52587890625 3.1193424479166665 75
70 2.6 1.6291034405048077 1.9137555701437636 113.93798828125 0.52587890625 2.952465539691092 87
80 2.2 1.9457009055397727 2.2484137136245885 113.93798828125 0.52587890625 2.647975145188053 113
90 3 1.6939453125 2.3125102108223046 113.93798828125 0.52587890625 2.5335304542824075 135
100 3.7 2.0952742293074325 2.221979600145662 113.93798828125 0.509033203125 2.38087861032197 165
110 3.5 2.103613281249999 2.1080711502565515 113.93798828125 0.509033203125 2.3285649365717824 202
120 7.4 2.274885847761824 2.434483373295555 113.93798828125 0.509033203125 2.2953442279799576 237
130 8.6 3.065230968386628 3.008005610922775 113.93798828125 0.505859375 2.290476317574357 311
140 7.9 2.9004833366297467 3.0487480040890893 113.93798828125 0.505859375 2.458307299866184 397
150 18.4 2.8194580078124987 3.0449200993040226 113.93798828125 0.48193359375 2.531693658908876 476
160 25.3 2.722872406126482 3.0572749812627307 113.93798828125 0.48193359375 2.611918871330492 660
170 21.2 2.3013708726415074 2.7755307616810057 113.93798828125 0.48193359375 2.642665031575164 913
180 38.6 2.6222189473364637 3.1221095467285225 113.93798828125 0.47900390625 2.578350043402777 1125
190 36.4 8.193551199776786 73.89986210532939 1003.656005859375 0.47900390625 2.589556791859695 1511
200 22.2 913.5423880912163 1912.9219852329193 7024.76513671875 0.47802734375 3.67747890625 1875
210 26.5 2337.556738281251 3701.135631692209 15046.783935546875 0.47802734375 100.00080262540236 2097
220 25.3 2884.8922278362766 3776.6150053659126 15049.533935546875 0.47802734375 351.03904265453014 2362
230 26.2 5324.236617925513 8183.627928508521 31074.458984375 0.47802734375 596.1881271099725 2615
240 29.1 11634.82926096703 11087.27246689735 31087.588134765625 0.47802734375 1026.7577150813565 2877
250 26.4 14890.081941546816 12838.73102672756 31087.588134765625 0.471923828125 2001.173377913658 3168
260 34.9 18262.582022855473 20540.255162989535 63168.319091796875 0.471923828125 2992.6278828085165 3432
270 37.3 23983.53275738836 27365.607883831777 63168.319091796875 0.471923828125 4402.09997878217 3781
280 43.2 33732.92433279535 30952.617598972727 63171.39892578125 0.471923828125 6160.374997178922 4154
290 34.5 27460.047240149455 30842.071186093344 63172.157958984375 0.471923828125 8757.701929796955 4586
300 38.9 15948.936371555665 27132.25513431458 63172.157958984375 0.471923828125 10066.221323849199 4931
310 24.8 2669.592103035219 12213.907919642179 63172.157958984375 0.471923828125 10496.367217375104 5320
320 19.3 2618.559061791613 12581.383954700286 63172.157958984375 0.471923828125 10147.760854523758 5568
330 25.3 252.638858116663 3962.5555932848915 63172.157958984375 0.471923828125 9895.524099446982 5761
340 26.7 2.3288519355688204 2.5242729945135847 63172.157958984375 0.464111328125 9489.862315932422 6014
350 22.3 2.518925825042037 2.5741754190051505 63172.157958984375 0.464111328125 9086.555289203054 6281
360 16 2.6048156738281247 2.969400071264035 63172.157958984375 0.464111328125 8775.09463283262 6504
370 3.5 2.400732421875 3.8487607867161824 63172.157958984375 0.464111328125 8564.470627618724 6664
380 3.3 2.443610913825758 3.147995386009921 63172.157958984375 0.464111328125 8519.736720120309 6699
390 1.7 1.4391659007352942 2.450363280042158 63172.157958984375 0.464111328125 8477.985283310472 6732
400 0.3 5.335286458333333 3.456532457554875 63172.157958984375 0.464111328125 8456.633781755285 6749
410 0.6 3.5969645182291665 3.0634225066292173 63172.157958984375 0.464111328125 8452.878761689248 6752
420 0.4 4.78216552734375 2.546698636548333 63172.157958984375 0.464111328125 8445.377179744439 6758
430 0.3 2.1595865885416665 2.038323721250888 63172.157958984375 0.464111328125 8440.384222031209 6762
440 0 0 0 63172.157958984375 0.464111328125 8436.642215540991 6765
450 0.1 0.678955078125 0.0 63172.157958984375 0.464111328125 8436.642215540991 6765
460 0.1 0.8271484375 0.0 63172.157958984375 0.464111328125 8435.395398623985 6766
470 0 0 0 63172.157958984375 0.464111328125 8434.148972105559 6767
480 0.1 0.7490234375 0.0 63172.157958984375 0.464111328125 8434.148972105559 6767
481 0 0 0 63172.157958984375 0.464111328125 8432.902902373191 6768
