0 0 0
10 0.1 1
20 0.2 3
30 0.5 8
40 0.5 13
50 0.9 22
60 1.2 34
70 1 44
80 0.9 53
90 1 63
100 1.3 76
110 1.6 92
120 1.6 108
130 2.3 131
140 1.5 146
150 3.3 179
160 6 239
170 6.1 300
180 9.8 398
190 10.1 499
200 12.3 622
210 14.6 768
220 15.7 925
230 14.4 1069
240 15.7 1226
250 14.4 1370
260 17.5 1545
270 18.3 1728
280 21.1 1939
290 18 2119
300 22.4 2343
310 21.6 2559
320 16.8 2727
330 15.6 2883
340 14.3 3026
350 12.9 3155
360 8.7 3242
370 8.8 3330
380 7.3 3403
390 7.3 3476
400 8.1 3557
410 9.2 3649
420 7.9 3728
430 3.6 3764
440 0.8 3772
450 0.7 3779
460 0.1 3780
470 0.1 3781
480 0.1 3782
481 0 3782
