0 0.1 3171.515625 0 3171.515625 3171.515625 0 0
10 0.1 3170.73046875 0.0 3171.515625 3170.73046875 3171.515625 1
20 0.1 3169.79296875 0.0 3171.515625 3169.79296875 3171.123046875 2
30 0.1 3168.47265625 0.0 3171.515625 3168.47265625 3170.6796875 3
40 0.1 3167.15625 0.0 3171.515625 3167.15625 3170.1279296875 4
50 0.1 3166.3203125 0.0 3171.515625 3166.3203125 3169.53359375 5
60 0.1 3164.8828125 0.0 3171.515625 3164.8828125 3168.998046875 6
70 0.1 3164.4140625 0.0 3171.515625 3164.4140625 3168.41015625 7
80 0.1 3163.9375 0.0 3171.515625 3163.9375 3167.91064453125 8
90 0.1 3163.9609375 0.0 3171.515625 3163.9375 3167.469184027778 9
100 0.1 3161.06640625 0.0 3171.515625 3161.06640625 3167.118359375 10
110 0.1 3157.55078125 0.0 3171.515625 3157.55078125 3166.568181818182 11
120 0.1 3155.38671875 0.0 3171.515625 3155.38671875 3165.8167317708335 12
130 0.1 3149.1328125 0.0 3171.515625 3149.1328125 3165.014423076923 13
140 0.1 3145.390625 0.0 3171.515625 3145.390625 3163.8800223214284 14
150 0.1 3139.31640625 0.0 3171.515625 3139.31640625 3162.647395833333 15
160 0.1 3134.90625 0.0 3171.515625 3134.90625 3161.189208984375 16
170 0.1 3129.55859375 0.0 3171.515625 3129.55859375 3159.6431525735293 17
180 0.1 3123.953125 0.0 3171.515625 3123.953125 3157.9717881944443 18
190 0.1 3116.9609375 0.0 3171.515625 3116.9609375 3156.181332236842 19
200 0.1 3109.890625 0.0 3171.515625 3109.890625 3154.2203125 20
210 0.1 3103.125 0.0 3171.515625 3103.125 3152.109375 21
220 0.1 3086.16796875 0.0 3171.515625 3086.16796875 3149.8828125 22
230 0.1 3074.046875 0.0 3171.515625 3074.046875 3147.112601902174 23
240 0.1 3060.96484375 0.0 3171.515625 3060.96484375 3144.0681966145835 24
250 0.1 3056.96484375 0.0 3171.515625 3056.96484375 3140.7440625 25
260 0.1 3052.15234375 0.0 3171.515625 3052.15234375 3137.521784855769 26
270 0.1 3050.96875 0.0 3171.515625 3050.96875 3134.359953703704 27
280 0.1 3050.3125 0.0 3171.515625 3050.3125 3131.3816964285716 28
290 0.1 3050.0625 0.0 3171.515625 3050.0625 3128.5862068965516 29
300 0.1 3049.74609375 0.0 3171.515625 3049.74609375 3125.96875 30
310 0.1 3049.8203125 0.0 3171.515625 3049.74609375 3123.5099546370966 31
320 0.1 3055.83203125 0.0 3171.515625 3049.74609375 3121.2071533203125 32
330 0.1 3055.98046875 0.0 3171.515625 3049.74609375 3119.2260890151515 33
340 0.1 3056.5390625 0.0 3171.515625 3049.74609375 3117.365923713235 34
350 0.1 3057.75390625 0.0 3171.515625 3049.74609375 3115.628013392857 35
360 0.1 3060.5546875 0.0 3171.515625 3049.74609375 3114.0203993055557 36
370 0.1 3070.94921875 0.0 3171.515625 3049.74609375 3112.5753800675675 37
380 0.1 3071.3515625 0.0 3171.515625 3049.74609375 3111.4799547697367 38
390 0.1 3071.671875 0.0 3171.515625 3049.74609375 3110.4510216346152 39
400 0.1 3071.82421875 0.0 3171.515625 3049.74609375 3109.48154296875 40
410 0.1 3071.91796875 0.0 3171.515625 3049.74609375 3108.5630716463415 41
420 0.1 3072.328125 0.0 3171.515625 3049.74609375 3107.6905691964284 42
430 0.1 3072.8515625 0.0 3171.515625 3049.74609375 3106.8681867732557 43
440 0.1 3073.00390625 0.0 3171.515625 3049.74609375 3106.0950816761365 44
450 0.1 3073.19921875 0.0 3171.515625 3049.74609375 3105.3597222222224 45
460 0.1 3073.29296875 0.0 3171.515625 3049.74609375 3104.6605808423915 46
470 0.1 3073.4296875 0.0 3171.515625 3049.74609375 3103.9931848404253 47
480 0.1 3073.58203125 0.0 3171.515625 3049.74609375 3103.3564453125 48
