0 3.1 128.087394468246 262.16041764224144 1181.613037109375 6.33984375 0 0
10 6 26.334883626302084 39.190514306990025 1181.613037109375 6.027099609375 128.087394468246 31
20 8 67.68220825195314 243.8318094432592 1621.036865234375 6.027099609375 60.99782688015111 91
30 11.8 49.149695444915245 85.4970773936526 1621.036865234375 6.027099609375 64.12502284356728 171
40 10 70.80270751953128 179.7703385936869 1621.036865234375 5.39013671875 58.010529303633234 289
50 16.2 48.972303602430586 97.34733860960954 1621.036865234375 5.39013671875 61.29900699409546 389
60 16 47.33596496582031 97.02716700369506 1621.036865234375 5.39013671875 57.67482196787093 551
70 14.6 38.95720683058647 71.92439607566827 1621.036865234375 5.35009765625 55.34821561016616 711
80 21.9 37.124016748715725 95.59965665764102 1621.036865234375 5.233154296875 52.555815047950716 857
90 21.7 76.31088102138536 203.01592054049223 2442.0048828125 5.233154296875 49.41495647217705 1076
100 27.4 197.3846052406478 288.0961962362664 2442.0048828125 5.233154296875 53.92881233233034 1293
110 34.3 348.43576325619557 319.244176535597 2442.0048828125 5.233154296875 79.0129777802429 1567
120 33.1 1041.9785052988104 451.7403210985684 3374.759765625 5.233154296875 127.39623192592447 1910
130 37.9 2129.7376828155925 1017.3258863521934 5813.7548828125 0.593017578125 262.48178859099596 2241
140 50.7 2029.740178034855 1532.1934886442968 7406.9541015625 0.593017578125 532.5924694731037 2620
150 90.4 1201.0248996430787 1697.7229517846802 7406.9541015625 0.55810546875 775.3343589009284 3127
160 130.4 794.0617806838325 1227.0816355907677 7406.9541015625 0.55810546875 870.8005580651317 4031
170 142.7 786.1700353054375 1031.142827571734 7406.9541015625 0.55810546875 852.0437884858976 5335
180 194.9 546.3440736836181 1008.8784589309769 7406.9541015625 0.55810546875 838.1423028620413 6762
190 211.5 616.6858384585556 966.3715156307065 7406.9541015625 0.52001953125 772.8553382576621 8711
200 205.5 1141.4370731400181 1863.5552099401818 8968.842041015625 0.52001953125 742.3455939314927 10826
210 202.6 1429.3025097559848 2604.013945708012 19382.85302734375 0.509033203125 806.0155721764673 12881
220 201.8 1491.971286497694 2769.071401970196 27032.802001953125 0.509033203125 890.7260662756223 14907
230 198.3 1692.0057213610608 3973.5714863932094 36522.239013671875 0.509033203125 962.4136795345966 16925
240 218.1 2224.950536281023 5602.698182467989 38228.6298828125 0.5068359375 1038.9305517020325 18908
250 206.7 3035.6151176788535 7723.625307984795 38228.6298828125 0.5068359375 1161.587367405327 21089
260 220.7 3979.625982425415 10393.671983034701 67046.39208984375 0.5068359375 1328.8708084061639 23156
270 220.2 4549.591538210112 13652.114656720378 70362.25 0.5068359375 1559.5302993599344 25363
280 234.3 6852.204380818529 18788.285318446662 73410.53393554688 0.5068359375 1798.3880845203946 27565
290 235 5538.817690014126 16974.01461974325 81244.77807617188 0.5068359375 2194.305283337652 29908
300 238 5013.094878381049 15905.288566623803 96463.45483398438 0.5068359375 2437.953499460465 32258
310 216 931.5212952790437 4892.199248960536 96463.45483398438 0.5068359375 2614.8931750142206 34638
320 157.4 1125.667170562162 6144.082558088159 127233.89111328125 0.5068359375 2516.0811944656043 36798
330 143 1196.154219876804 7144.29130506418 127401.67919921875 0.5068359375 2459.047115615818 38372
340 150.1 1542.983583535457 10251.28430696205 130133.98999023438 0.5068359375 2413.6740981567254 39802
350 145 1000.2803886045251 5959.969348721042 132008.49389648438 0.5068359375 2382.032172329388 41303
360 128.4 830.5582792573257 924.5185528218403 132008.49389648438 0.5068359375 2335.169026201606 42753
370 99.4 1023.7014548226858 1097.1833744944372 132008.49389648438 0.5068359375 2291.2986399564834 44037
380 83.7 1305.718164004163 906.6040053484045 132008.49389648438 0.5068359375 2263.3181020598568 45031
390 67.7 1465.767482560353 842.0520674119178 132008.49389648438 0.5068359375 2245.8438030245247 45868
400 58.8 1533.6260446561441 588.0672632425095 132008.49389648438 0.5068359375 2234.497543083516 46545
410 55 1501.9868004261364 699.4860959982171 132008.49389648438 0.5068359375 2225.7539358216127 47133
420 56 758.6662942068917 385.28943581373403 132008.49389648438 0.5068359375 2217.4056371728802 47683
430 20.7 83.1967714466334 126.72860169100427 132008.49389648438 0.5068359375 2200.472734325608 48243
440 6.9 17.368372820425726 19.093048761782274 132008.49389648438 0.5068359375 2191.4267874873017 48450
450 2.8 33.25933837890625 42.81161637958737 132008.49389648438 0.5068359375 2188.335008377839 48519
460 0.4 7.09375 3.1234719307448735 132008.49389648438 0.5068359375 2187.092045501452 48547
470 0.1 7.10107421875 0.0 132008.49389648438 0.5068359375 2186.9124406903875 48551
480 1.7 9.579604204963237 4.916089484180942 132008.49389648438 0.5068359375 2186.8675442625067 48552
481 0 0 0 132008.49389648438 0.5068359375 2186.1054553790427 48569
