0 0.5 267.7052734375 457.0806464678882 1181.72998046875 32.698974609375 0 0
10 0.4 16.46905517578125 13.53736013481007 1181.72998046875 8.001953125 267.7052734375 5
20 0.7 18.651611328125 16.837813788514342 1181.72998046875 7.672119140625 156.04473198784723 9
30 0.7 25.587193080357142 16.701411515283514 1181.72998046875 7.672119140625 95.93524169921875 16
40 0.4 65.35546875 58.98197241809931 1181.72998046875 7.672119140625 74.5249660326087 23
50 1.2 19.69061279296875 16.427342721766976 1181.72998046875 7.672119140625 73.16652199074075 27
60 0.4 21.52752685546875 23.098515509495158 1181.72998046875 7.672119140625 56.71239608373397 39
70 1.2 15.769022623697916 15.897292255532792 1181.72998046875 7.455078125 53.439384992732556 43
80 1.2 26.34527587890625 19.691826931250322 1181.72998046875 7.379150390625 45.220396839488636 55
90 1 48.2205322265625 42.63249631614521 1181.72998046875 7.379150390625 41.83977815998134 67
100 1.8 74.2032470703125 104.7886853624822 1181.72998046875 7.360107421875 42.6684475192776 77
110 2.4 276.1376241048177 156.95518317457007 1181.72998046875 7.360107421875 48.64346217105263 95
120 2.4 934.2857259114584 250.38402531497098 1433.090087890625 7.360107421875 94.5246376871061 119
130 3 1945.8763997395833 651.6612036323027 2936.60595703125 1.09912109375 235.46356158489948 143
140 3.5 1989.9086635044644 1126.8619134365676 3301.01904296875 0.662109375 532.066943923862 173
150 7.6 1083.1169883326481 1308.0431030046775 3961.587158203125 0.633056640625 777.3768486609825 208
160 11.1 583.5984414590371 952.5714602821718 3961.587158203125 0.633056640625 859.1946325167804 284
170 8.1 780.1103786892361 897.0548381289769 3961.587158203125 0.633056640625 781.748614270174 395
180 12.6 618.5013950892854 940.2663494872716 3961.587158203125 0.633056640625 781.4698388877035 476
190 11.7 568.1056523771367 815.1389218453618 4067.77197265625 0.60107421875 747.3601646043137 602
200 8.1 949.2799328462577 1723.8460784097012 8964.95703125 0.60107421875 718.1907933517689 719
210 9.6 1274.8496449788413 1965.52360815023 12566.246826171875 0.60107421875 741.5885687255859 800
220 8.2 790.8168796446264 1120.8153981214277 12566.246826171875 0.60107421875 798.7236840384347 896
230 9.8 758.0450115593111 1421.804425044171 12566.246826171875 0.60107421875 798.0607413387494 978
240 8.5 654.3265395220591 980.1969675785867 12566.246826171875 0.60107421875 794.4161860242652 1076
250 8.3 2021.1038656579442 5167.722714025051 35153.453125 0.60107421875 784.1598380891338 1161
260 7.7 2310.5145342938317 6851.708229345856 35158.18798828125 0.60107421875 866.6890617934837 1244
270 6.5 5114.275830078123 12521.841162213212 70348.78002929688 0.60107421875 950.8484572382428 1321
280 8.9 5482.658359484726 15630.172813741203 70348.78002929688 0.60107421875 1146.1029877105316 1386
290 8.2 3182.100964057737 12501.2132575146 70348.78002929688 0.60107421875 1407.7663287870762 1475
300 7.7 5040.704145951706 14883.624406869802 70348.78002929688 0.60107421875 1501.2123404069825 1557
310 0.8 8755.920104980469 20992.91816274117 70348.78002929688 0.60107421875 1668.006017902052 1634
320 0.8 47737.49966430664 52772.84904007463 127316.3369140625 0.60107421875 1702.5390950619956 1642
330 3.9 10438.20153495593 33864.18182784512 128608.51000976563 0.60107421875 1925.7389038825759 1650
340 7 2582.099982561384 15027.237201511576 128608.51000976563 0.60107421875 2122.296655576987 1689
350 6.9 2820.618057914402 15099.110308636202 128608.51000976563 0.60107421875 2140.5946845075773 1759
360 3.8 4306.387213456003 20228.892755403394 128608.51000976563 0.60107421875 2166.26296282545 1828
370 0.2 1542.95361328125 220.070556640625 128608.51000976563 0.60107421875 2209.8453430633713 1866
380 0 0 0 128608.51000976563 0.60107421875 2209.131326222063 1868
390 0 0 0 128608.51000976563 0.60107421875 2209.131326222063 1868
400 0 0 0 128608.51000976563 0.60107421875 2209.131326222063 1868
410 0 0 0 128608.51000976563 0.60107421875 2209.131326222063 1868
420 0 0 0 128608.51000976563 0.60107421875 2209.131326222063 1868
430 0 0 0 128608.51000976563 0.60107421875 2209.131326222063 1868
440 0 0 0 128608.51000976563 0.60107421875 2209.131326222063 1868
450 0 0 0 128608.51000976563 0.60107421875 2209.131326222063 1868
460 0 0 0 128608.51000976563 0.60107421875 2209.131326222063 1868
470 0 0 0 128608.51000976563 0.60107421875 2209.131326222063 1868
480 0 0 0 128608.51000976563 0.60107421875 2209.131326222063 1868
481 0 0 0 128608.51000976563 0.60107421875 2209.131326222063 1868
