0 0.4 32.93731689453125 39.26473914928709 100.60498046875 6.760009765625 0 0
10 0.3 7.234293619791667 0.7770139249020002 100.60498046875 6.14208984375 32.93731689453125 4
20 0.6 7.294189453125 0.5545225301074697 100.60498046875 6.14208984375 21.921735491071427 7
30 0.4 7.67706298828125 0.21984171075424166 100.60498046875 6.14208984375 15.170560396634615 13
40 0.6 33.866048177083336 42.69403881947052 126.114013671875 6.14208984375 13.407384535845589 17
50 1 11.83896484375 7.740503237047289 126.114013671875 6.072998046875 18.74442722486413 23
60 0.7 61.251185825892854 83.69465921709434 220.149169921875 6.072998046875 16.651862866950758 33
70 0.9 24.38503689236111 29.85949946179542 220.149169921875 5.9580078125 24.456744384765624 40
80 1.2 21.595377604166668 18.847534276889338 220.149169921875 5.9580078125 24.443573620854593 49
90 0.9 25.10150824652778 13.120251149571368 220.149169921875 5.9580078125 23.883272765112704 61
100 1.9 123.70024671052632 151.29900807159544 463.988037109375 5.9580078125 24.039903041294643 70
110 1.6 294.2753448486328 164.6096177887409 600.776123046875 5.9580078125 45.31570674596208 89
120 1.5 840.8215169270833 210.49768902255846 1421.9951171875 5.9580078125 83.25241350446429 105
130 3.4 1881.8991268382354 786.5894133857157 2976.0361328125 0.680908203125 177.94855143229168 120
140 3.4 1534.8756534352021 1175.0392407151314 3286.724853515625 0.680908203125 554.1454317167207 154
150 5.4 714.0271357783565 1175.5017517451804 3908.392822265625 0.676025390625 731.5115356445313 188
160 10 752.920458984375 1024.6787121343973 3908.392822265625 0.6298828125 727.6100579884427 242
170 7.7 752.1055955762987 868.5875240907293 3908.392822265625 0.6298828125 735.0107600340369 342
180 11.5 591.8135105298907 895.2928605430853 3908.392822265625 0.6298828125 738.1522930573166 419
190 13.2 604.3861583362925 824.3364817844268 3908.392822265625 0.6298828125 706.6373867077773 534
200 9.2 647.2075911812162 826.8516498880996 3908.392822265625 0.6298828125 686.3713774809966 666
210 7.5 813.0080110677083 1001.4418741779721 6620.35205078125 0.6298828125 681.6179891702052 758
220 8.1 679.1417070553625 706.5300966428422 6620.35205078125 0.628173828125 693.4478230745422 833
230 10.7 739.6787405994451 1994.0316015727465 19978.256103515625 0.628173828125 692.179994412011 914
240 8.9 518.6664051527388 781.2578481191555 19978.256103515625 0.628173828125 697.1578257950232 1021
250 8.4 985.1473098028274 3944.179772767374 36137.277099609375 0.628173828125 682.8463515273085 1110
260 8.5 606.9337517233455 1289.4328558754235 36137.277099609375 0.628173828125 704.1137556270937 1194
270 7.5 1144.398984375 3935.232669022461 36137.277099609375 0.628173828125 697.6553503637484 1279
280 6.9 3566.709132982338 13396.754460748569 66112.07690429688 0.628173828125 722.4011203422151 1354
290 9.2 819.4572860054348 2416.3211874342164 66112.07690429688 0.628173828125 860.3190773852007 1423
300 8.1 481.5928307050538 700.5436061995541 66112.07690429688 0.628173828125 857.8377012750103 1515
310 4 562.1361633300781 693.6360999682845 66112.07690429688 0.628173828125 838.7425668663847 1596
320 0.5 972.909814453125 475.33254010220026 66112.07690429688 0.628173828125 831.9795741148857 1636
330 2.2 6519.1732399680395 26701.473599645356 128824.03100585938 0.628173828125 832.4089776503466 1641
340 6.1 585.0470070760758 701.8190545807104 128824.03100585938 0.628173828125 907.6397736641705 1663
350 6.9 645.756690868433 702.0654582573321 128824.03100585938 0.628173828125 896.225528442666 1724
360 5.6 720.1338631766184 707.3764068445158 128824.03100585938 0.628173828125 886.5867388204563 1793
370 1.7 651.5907915900735 693.0199339667329 128824.03100585938 0.628173828125 881.5454402612054 1849
380 0.2 1412.408935546875 222.452880859375 128824.03100585938 0.628173828125 879.4504622186495 1866
390 0 0 0 128824.03100585938 0.628173828125 880.021081569108 1868
400 0 0 0 128824.03100585938 0.628173828125 880.021081569108 1868
410 0 0 0 128824.03100585938 0.628173828125 880.021081569108 1868
420 0 0 0 128824.03100585938 0.628173828125 880.021081569108 1868
430 0 0 0 128824.03100585938 0.628173828125 880.021081569108 1868
440 0 0 0 128824.03100585938 0.628173828125 880.021081569108 1868
450 0 0 0 128824.03100585938 0.628173828125 880.021081569108 1868
460 0 0 0 128824.03100585938 0.628173828125 880.021081569108 1868
470 0 0 0 128824.03100585938 0.628173828125 880.021081569108 1868
480 0 0 0 128824.03100585938 0.628173828125 880.021081569108 1868
481 0 0 0 128824.03100585938 0.628173828125 880.021081569108 1868
