20 0.2 8.8310546875 0.824951171875 9.656005859375 8.006103515625 0 0
30 0.2 42.6400146484375 20.1929931640625 62.8330078125 8.006103515625 8.8310546875 2
40 0.1 6.781982421875 0.0 62.8330078125 6.781982421875 25.73553466796875 4
50 0.5 17.21328125 7.808574602219051 62.8330078125 6.781982421875 21.94482421875 5
60 0.7 10.027169363839286 6.06752438377352 62.8330078125 6.278076171875 19.579052734375 10
70 0.5 14.03037109375 6.583835391404692 62.8330078125 6.27294921875 15.645924287683824 17
80 0.4 11.71173095703125 8.415774725279023 62.8330078125 6.197998046875 15.278753107244318 22
90 0.7 46.51259068080357 52.886563718469326 170.281982421875 6.197998046875 14.72998046875 26
100 0.6 20.609334309895832 12.150936686074166 170.281982421875 6.197998046875 21.471746271306817 33
110 1 324.103125 111.62359430565374 497.799072265625 6.197998046875 21.33906750801282 39
120 1 947.96826171875 227.94151775520876 1398.76708984375 6.197998046875 83.12765066964286 49
130 1.2 2100.2365926106772 313.9143025308555 2866.80615234375 6.197998046875 229.71080508474577 59
140 1.1 1930.113858309659 815.2325640044795 3231.708984375 0.73291015625 545.8560086102552 71
150 2 898.2571411132813 1244.9016367875292 3508.98095703125 0.68115234375 731.5491347894435 82
160 1.8 650.2209879557291 1043.2306745140434 3508.98095703125 0.68115234375 764.2369791666666 102
170 2 888.4452758789063 882.1570090883191 3508.98095703125 0.68115234375 747.134580485026 120
180 5.3 579.6016454156841 890.9500258331186 3508.98095703125 0.6708984375 767.3218226841518 140
190 5.8 358.96224659886855 702.656835467011 3508.98095703125 0.6708984375 715.7717221907384 193
200 7 518.4908377511159 921.047351761603 4555.555908203125 0.666015625 633.3217238468003 251
210 8.8 611.9140125621449 727.9838606007706 4555.555908203125 0.652099609375 608.2807206483645 321
220 9.7 745.1900420827964 1562.761360496539 12603.60400390625 0.6259765625 609.0624558278577 409
230 10.8 493.9954833984378 691.1232909116961 12603.60400390625 0.6259765625 635.1580603075593 506
240 8.8 490.3513072620739 759.820964234571 12603.60400390625 0.6259765625 610.328160786085 614
250 7.2 541.7574293348522 676.5395220831376 12603.60400390625 0.6259765625 595.2883272958956 702
260 8.9 530.1939628686799 716.8841998048523 12603.60400390625 0.6259765625 590.3087088809148 774
270 10.1 404.7208143177599 639.1736619510275 12603.60400390625 0.6259765625 584.109158017544 863
280 9.9 2355.3910368331763 11261.294964972381 66033.77490234375 0.6259765625 565.3143211776289 964
290 9.3 977.532630838374 3694.8789922343476 66033.77490234375 0.6259765625 732.0288977062265 1063
300 7.8 462.97865647536076 731.0964941422714 66033.77490234375 0.621826171875 751.7796305620134 1156
310 7.8 519.6453607021234 726.0294131925307 66033.77490234375 0.621826171875 733.5247877915442 1234
320 7.8 730.1944799178685 607.9290432235955 66033.77490234375 0.621826171875 720.8093950225085 1312
330 7.1 2564.410534496039 14930.538814074285 127333.46484375 0.621826171875 721.3360400741906 1390
340 8.2 594.264630573552 693.8485109129806 127333.46484375 0.621826171875 810.9036575306939 1461
350 5.6 563.9456917898998 712.2757221250971 127333.46484375 0.621826171875 799.3907604402949 1543
360 2.3 876.6118588654891 669.9842088563638 127333.46484375 0.621826171875 791.1450294556656 1599
370 3.7 666.8055386929899 775.3686370212178 127333.46484375 0.621826171875 792.356951204387 1622
380 4.4 1016.0143155184659 604.3744793514969 127333.46484375 0.621826171875 789.5568292858085 1659
390 5.2 1222.1148493840144 511.80607670107565 127333.46484375 0.621826171875 795.4077567046205 1703
400 4.3 1181.3702704851019 173.67187534069663 127333.46484375 0.621826171875 808.050929821047 1755
410 4 1185.7046630859375 362.5544201778708 127333.46484375 0.621826171875 816.9790341862051 1798
420 1.7 587.5532944623162 171.31939500280535 127333.46484375 0.621826171875 825.0035310066563 1838
430 0.8 14.159271240234375 10.590186035760647 127333.46484375 0.621826171875 822.8274371946598 1855
440 0.3 7.809733072916667 0.3320115226918917 127333.46484375 0.621826171875 819.3548954192247 1863
450 0.1 29.64501953125 0.0 127333.46484375 0.621826171875 818.0501604315297 1866
460 0.1 11.498046875 0.0 127333.46484375 0.621826171875 817.6278759425633 1867
470 0 0 0 127333.46484375 0.621826171875 817.1963289248612 1868
480 0 0 0 127333.46484375 0.621826171875 817.1963289248612 1868
481 0 0 0 127333.46484375 0.621826171875 817.1963289248612 1868
