0 0.1 157.450927734375 0 157.450927734375 157.450927734375 0 0
10 0 0 0 157.450927734375 157.450927734375 157.450927734375 1
20 0.3 25.287027994791668 26.528441330520398 157.450927734375 6.201904296875 157.450927734375 1
30 0.2 6.833984375 0.25 157.450927734375 6.201904296875 58.3280029296875 4
40 0.3 22.6494140625 23.22390238693923 157.450927734375 5.737060546875 41.163330078125 6
50 0.3 18.76904296875 9.398987263291088 157.450927734375 5.484130859375 34.992024739583336 9
60 0.3 6.060709635416667 0.458870616189325 157.450927734375 5.484130859375 30.936279296875 12
70 0.1 69.2900390625 0.0 157.450927734375 5.484130859375 25.961165364583334 15
80 0.7 12.342006138392858 8.56783626258885 157.450927734375 5.2998046875 28.669219970703125 16
90 0.1 6.205810546875 0.0 157.450927734375 5.2998046875 23.70006793478261 23
100 0.2 50.314453125 31.263427734375 157.450927734375 5.2998046875 22.971140543619793 24
110 0.8 270.572509765625 102.93364601695615 488.112060546875 5.2998046875 25.07447228064904 26
120 0.2 976.43798828125 228.593994140625 1205.031982421875 5.2998046875 82.83871639476104 34
130 0.3 1753.169677734375 71.8630871929204 1851.9150390625 5.2998046875 132.48312038845486 36
140 1.5 1751.0351399739584 986.7599900748742 3138.585205078125 0.781982421875 257.15131710737177 39
150 1.8 851.2091200086805 1209.8429549715454 3327.85205078125 0.680908203125 672.1190456814236 54
160 2.1 616.6537039620536 973.7439554555956 3327.85205078125 0.656982421875 716.8915642632378 72
170 1.9 816.31884765625 859.8434984582775 3327.85205078125 0.64013671875 694.2572087113575 93
180 2.8 327.60050746372775 704.7582131406349 3327.85205078125 0.64013671875 714.964093889509 112
190 4 399.84136352539065 680.2791993075602 3327.85205078125 0.64013671875 637.4913766043527 140
200 5 615.4400927734375 809.9242369925349 3327.85205078125 0.64013671875 584.6802625868056 180
210 3.6 405.51378038194446 641.3506435970181 3327.85205078125 0.629150390625 591.3671821925951 230
220 2.5 586.172421875 661.7670653894669 3327.85205078125 0.629150390625 566.2140902182214 266
230 3.4 525.2185345818014 704.2443369444858 3327.85205078125 0.629150390625 567.9287235220683 291
240 3.4 465.5400031594669 760.9049920091239 3327.85205078125 0.629150390625 563.4605806790865 325
250 3.1 484.3414503528225 644.8080384729242 3327.85205078125 0.629150390625 554.1867655379526 359
260 3.7 414.67126794763516 663.7418085600061 3327.85205078125 0.629150390625 548.6349584334936 390
270 3.7 494.45857527449306 667.9122346301455 3327.85205078125 0.629150390625 537.0268634733607 427
280 4.3 408.73146234556685 646.8292035129276 3327.85205078125 0.629150390625 533.6324094575027 464
290 3.3 287.97590406013256 591.1127316762605 3327.85205078125 0.629150390625 523.0392324835121 507
300 3.4 577.3979563993566 673.6639577882416 3327.85205078125 0.629150390625 508.67425130208335 540
310 4.2 371.2827904110863 601.3500719094918 3327.85205078125 0.629150390625 512.7449934158591 574
320 2.1 655.8888811383929 567.6994723053389 3327.85205078125 0.629150390625 503.09984321098824 616
330 1.3 956.0785569411057 708.7819436937746 3327.85205078125 0.629150390625 508.1368444613422 637
340 1 740.2347412109375 740.3090278310597 3327.85205078125 0.629150390625 517.0956787109375 650
350 2.2 705.3939430930398 718.7732536519727 3327.85205078125 0.622802734375 520.4765735973011 660
360 2.3 716.3794051460598 706.6100186332411 3327.85205078125 0.622802734375 526.4416500326475 682
370 2.2 782.7083185369319 794.7193136994114 3327.85205078125 0.622802734375 532.638200908688 705
380 1.7 1048.635986328125 591.8428596951399 3327.85205078125 0.622802734375 540.205659764013 727
390 1.1 1381.509521484375 482.5128693449285 3327.85205078125 0.622802734375 551.8230193763651 744
400 0.4 1094.8200073242188 88.58833225147397 3327.85205078125 0.622802734375 563.911167089197 755
410 0.3 1162.350341796875 204.01691889678207 3327.85205078125 0.622802734375 566.7091056411601 759
420 0.1 324.6171875 0.0 3327.85205078125 0.622802734375 569.0541498779937 762
430 0 0 0 3327.85205078125 0.622802734375 568.7337868866726 763
440 0 0 0 3327.85205078125 0.622802734375 568.7337868866726 763
450 0 0 0 3327.85205078125 0.622802734375 568.7337868866726 763
460 0 0 0 3327.85205078125 0.622802734375 568.7337868866726 763
470 0 0 0 3327.85205078125 0.622802734375 568.7337868866726 763
480 0 0 0 3327.85205078125 0.622802734375 568.7337868866726 763
481 0 0 0 3327.85205078125 0.622802734375 568.7337868866726 763
