10 0.1 21.9970703125 0 21.9970703125 21.9970703125 0 0
20 0.1 12.81298828125 0.0 21.9970703125 12.81298828125 21.9970703125 1
30 0.2 65.23046875 34.277587890625 99.508056640625 12.81298828125 17.405029296875 2
40 0.1 21.2490234375 0.0 99.508056640625 12.81298828125 41.3177490234375 4
50 0.2 22.6959228515625 11.3150634765625 99.508056640625 11.380859375 37.30400390625 5
60 0.2 12.1090087890625 0.1009521484375 99.508056640625 11.380859375 33.13026646205357 7
70 0 0 0 99.508056640625 11.380859375 28.458875868055557 9
80 0.4 332.21148681640625 542.9531217055264 1272.595947265625 10.786865234375 28.458875868055557 9
90 0.2 62.1910400390625 11.2681884765625 1272.595947265625 10.786865234375 121.9212176983173 13
100 0.2 195.9420166015625 158.5511474609375 1272.595947265625 10.786865234375 113.95719401041667 15
110 0.5 357.04296875 152.67842169625726 1272.595947265625 10.786865234375 123.60246725643383 17
120 0.4 868.888427734375 78.66975961775135 1272.595947265625 10.786865234375 176.65712668678978 22
130 0.1 1916.69189453125 0.0 1916.69189453125 10.786865234375 283.1542499248798 26
140 0.7 2527.2097516741073 682.0450716395732 3495.43798828125 10.786865234375 343.65564416956016 27
150 1.3 542.5092585637019 1263.9765302266799 3534.72705078125 0.93603515625 793.2109015969669 34
160 0.9 1494.5588921440972 1064.6652406562712 3534.72705078125 0.93603515625 723.8678939494681 47
170 1.4 358.4397670200893 676.6320294847804 3534.72705078125 0.9189453125 847.7289472307477 56
180 1.8 605.2112087673611 844.9788016780494 3534.72705078125 0.90087890625 749.871111188616 70
190 2.4 284.43975830078125 627.4603168385222 3534.72705078125 0.888916015625 720.2815856933594 88
200 3.8 460.5433992084704 755.8936874037861 3534.72705078125 0.866943359375 626.8869083949497 112
210 3.3 569.8906693892045 691.8244747478391 3534.72705078125 0.817138671875 584.746552734375 150
220 2.8 458.4451468331473 666.1808212831785 3534.72705078125 0.817138671875 582.0676229508197 183
230 3.8 339.16927297491776 599.3057089092508 3534.72705078125 0.817138671875 565.6627446034508 211
240 3.7 269.2797059755068 592.8687151614675 3534.72705078125 0.817138671875 531.0974758408635 249
250 3 417.07265625 639.2351609043801 3534.72705078125 0.817138671875 497.22594617296767 286
260 2.8 4002.8099365234375 13656.964287156123 66497.87915039063 0.817138671875 489.6164566233188 316
270 3 1260.772607421875 3294.132758664385 66497.87915039063 0.817138671875 775.5740654523983 344
280 3.8 2172.8073473478617 10563.745497436072 66497.87915039063 0.817138671875 814.4937345943349 374
290 4.3 1225.8386060138084 5074.03986279757 66497.87915039063 0.817138671875 939.7750872269418 412
300 3.4 2673.393626493566 11046.92345746901 66497.87915039063 0.817138671875 966.8096615298764 455
310 3.4 309.72580135569854 544.6300915421477 66497.87915039063 0.817138671875 1085.4678513228528 489
320 4 802.7923217773439 541.1967418625582 66497.87915039063 0.817138671875 1035.0372018029996 523
330 2.7 817.7743778935185 711.9315619825998 66497.87915039063 0.817138671875 1018.5366774672514 563
340 1.7 534.4411908318015 651.2144453467531 66497.87915039063 0.817138671875 1009.3492501986228 590
350 2.8 549.0494123186385 685.2910417787778 66497.87915039063 0.817138671875 996.0486949939508 607
360 1.8 777.0117865668403 627.6717870044678 66497.87915039063 0.817138671875 976.3384904035433 635
370 2 690.3133422851563 693.9398935175424 66497.87915039063 0.817138671875 970.8440330236648 653
380 2.5 966.932890625 628.3211764789016 66497.87915039063 0.817138671875 962.5073111592218 673
390 1.4 1003.1811174665179 573.2771977401666 66497.87915039063 0.817138671875 962.6658204524086 698
400 1.5 1220.83779296875 200.56782588738122 66497.87915039063 0.817138671875 963.4624695510007 712
410 1.6 1106.0028839111328 359.8253913097186 66497.87915039063 0.817138671875 968.7728269805278 727
420 1 6828.6746826171875 19046.733750980035 66497.87915039063 0.817138671875 971.727982984417 743
430 0.5 38.104638671875 27.786315912903614 66497.87915039063 0.817138671875 1049.509479659487 753
440 0.3 7.861002604166667 3.333832816609985 66497.87915039063 0.817138671875 1042.8379437690674 758
450 0.1 5.781982421875 0.0 66497.87915039063 0.817138671875 1038.757876983923 761
460 0 0 0 66497.87915039063 0.817138671875 1037.4022655737367 762
470 0 0 0 66497.87915039063 0.817138671875 1037.4022655737367 762
480 0.1 5.6728515625 0.0 66497.87915039063 0.817138671875 1037.4022655737367 762
481 0 0 0 66497.87915039063 0.817138671875 1036.0500645068805 763
