0 1.2 12
10 0.9 21
20 0.9 30
30 1.4 44
40 1.5 59
50 1.6 75
60 1.3 88
70 2.5 113
80 2.2 135
90 3.2 167
100 3.4 201
110 3.5 236
120 7.6 312
130 8.6 398
140 7.8 476
150 15.1 627
160 18.6 813
170 14.4 957
180 30.6 1263
190 30.7 1570
200 31.8 1888
210 61.6 2504
220 61.9 3123
230 62.1 3744
240 3.8 3782
250 0 3782
260 0 3782
270 0 3782
280 0 3782
290 0 3782
300 0 3782
310 0 3782
320 0 3782
330 0 3782
340 0 3782
350 0 3782
360 0 3782
370 0 3782
380 0 3782
390 0 3782
400 0 3782
410 0 3782
420 0 3782
430 0 3782
440 0 3782
450 0 3782
460 0 3782
470 0 3782
480 0 3782
481 0 3782
