0 0.1 2.4823246951430096 0 2.4823246951430096 2.4823246951430096 0 0
10 0.1 2.0710059171597637 0.0 2.4823246951430096 2.0710059171597637 2.4823246951430096 1
20 0.1 1.0901883052527255 0.0 2.4823246951430096 1.0901883052527255 2.2766653061513864 2
30 0.1 1.2896825396825395 0.0 2.4823246951430096 1.0901883052527255 1.8811729725184996 3
40 0.1 2.1739130434782608 0.0 2.4823246951430096 1.0901883052527255 1.7333003643095095 4
50 0.1 2.8656126482213438 0.0 2.8656126482213438 1.0901883052527255 1.82142290014326 5
60 0.1 2.4826216484607744 0.0 2.8656126482213438 1.0901883052527255 1.9954545248229405 6
70 0.1 3.057199211045365 0.0 3.057199211045365 1.0901883052527255 2.0650498281997742 7
80 0.1 2.6812313803376364 0.0 3.057199211045365 1.0901883052527255 2.1890685010554733 8
90 0.1 2.7750247770069376 0.0 3.057199211045365 1.0901883052527255 2.243753265420158 9
100 0.1 3.5608308605341246 0.0 3.5608308605341246 1.0901883052527255 2.296880416578836 10
110 0.1 4.473161033797217 0.0 4.473161033797217 1.0901883052527255 2.4117850023929535 11
120 0.1 3.9721946375372394 0.0 4.473161033797217 1.0901883052527255 2.5835663383433087 12
130 0.1 5.289421157684631 0.0 5.289421157684631 1.0901883052527255 2.690383899819765 13
140 0.1 7.149950347567032 0.0 7.149950347567032 1.0901883052527255 2.876029418238684 14
150 0.1 8.234126984126984 0.0 8.234126984126984 1.0901883052527255 3.160957480193907 15
160 0.1 11.332007952286283 0.0 11.332007952286283 1.0901883052527255 3.4780305741897246 16
170 0.1 13.465346534653467 0.0 13.465346534653467 1.0901883052527255 3.940029243489522 17
180 0.1 14.985014985014985 0.0 14.985014985014985 1.0901883052527255 4.469213537443074 18
190 0.1 18.181818181818183 0.0 18.181818181818183 1.0901883052527255 5.0226767715258065 19
200 0.1 19.405940594059405 0.0 19.405940594059405 1.0901883052527255 5.680633842040425 20
210 0.1 22.922922922922922 0.0 22.922922922922922 1.0901883052527255 6.3342198778508525 21
220 0.1 33.36653386454183 0.0 33.36653386454183 1.0901883052527255 7.088251834445037 22
230 0.1 38.97131552917903 0.0 38.97131552917903 1.0901883052527255 8.230785835753593 23
240 0.1 40.0196656833825 0.0 40.0196656833825 1.0901883052527255 9.511641239646321 24
250 0.1 32.49243188698285 0.0 40.0196656833825 1.0901883052527255 10.731962217395767 25
260 0.1 27.923387096774192 0.0 40.0196656833825 1.0901883052527255 11.568903358533731 26
270 0.1 21.479958890030833 0.0 40.0196656833825 1.0901883052527255 12.174624978468565 27
280 0.1 18.413021363173957 0.0 40.0196656833825 1.0901883052527255 12.50695833245293 28
290 0.1 19.1044776119403 0.0 40.0196656833825 1.0901883052527255 12.710615678339863 29
300 0.1 12.909632571996028 0.0 40.0196656833825 1.0901883052527255 12.923744409459879 30
310 0.1 3.996003996003996 0.0 40.0196656833825 1.0901883052527255 12.923289188896529 31
320 0.1 2.371541501976284 0.0 40.0196656833825 1.0901883052527255 12.644311526618637 32
330 0.1 1.488095238095238 0.0 40.0196656833825 1.0901883052527255 12.33301546526584 33
340 0.1 1.185770750988142 0.0 40.0196656833825 1.0901883052527255 12.014047223290234 34
350 0.1 1.3861386138613863 0.0 40.0196656833825 1.0901883052527255 11.704667895510173 35
360 0.1 0.8919722497522299 0.0 40.0196656833825 0.8919722497522299 11.41804208213104 36
370 0.1 1.085883514313919 0.0 40.0196656833825 0.8919722497522299 11.133553708282964 37
376 0.1 0.9891196834817012 0.0 40.0196656833825 0.8919722497522299 10.869141334757463 38
