0 0.2 75.325927734375 12.698974609375 88.02490234375 62.626953125 0 0
10 0.4 25.67205810546875 24.498525506028848 88.02490234375 10.883056640625 75.325927734375 2
20 0.4 16.134033203125 4.207882100013768 88.02490234375 10.175048828125 42.223347981770836 6
30 1 25.532421875 16.76581538494904 88.02490234375 9.89404296875 31.7876220703125 10
40 1 35.7946533203125 56.41735657114523 204.416015625 9.89404296875 28.66002197265625 20
50 0.8 17.43994140625 7.446298918170347 204.416015625 9.60302734375 31.038232421875 30
60 0.6 15.693806966145834 6.12292963091804 204.416015625 9.60302734375 28.17543431332237 38
70 0.7 14.198904854910714 2.7240575360336394 204.416015625 9.60302734375 26.473394220525567 44
80 0.9 72.44590928819444 156.4356531065626 514.040771484375 9.60302734375 24.788660386029413 51
90 1.3 16.75452599158654 4.890390174963183 514.040771484375 9.60302734375 31.937247721354165 60
100 2 21.98160400390625 24.386071392142593 514.040771484375 9.52001953125 29.233475358518834 73
110 1.7 25.435704848345587 27.516265045919504 514.040771484375 9.52001953125 27.673933131720432 93
120 2.2 17.934892134232957 13.129452939677005 514.040771484375 9.52001953125 27.328025124289773 110
130 3.9 28.415364583333332 47.93105016722286 514.040771484375 9.52001953125 25.762502959280305 132
140 4.5 68.51835394965278 125.7840831363836 695.154052734375 9.360107421875 26.367541575292396 171
150 5.1 81.29278205422794 157.8725008879378 1050.303955078125 9.360107421875 35.14896081995081 216
160 7.6 72.90953947368422 75.67988913778213 1050.303955078125 9.360107421875 43.962949145599254 267
170 7.8 199.7084460136218 217.46785412705322 1050.303955078125 9.360107421875 50.37677090925656 343
180 8.9 738.368202466643 316.42960463900033 1311.012939453125 9.360107421875 78.04392211624109 421
190 8.8 1603.6129372336648 798.6116418538536 3285.06103515625 1.56494140625 193.27698280484063 510
200 13.9 1765.8699643800585 1212.851369753531 3555.83203125 1.19091796875 400.81805971075454 598
210 20.3 1145.7424785444903 1227.4881063919968 3555.83203125 1.19091796875 658.2701828437712 737
220 30.8 922.7741469346083 1093.1577954345628 3555.83203125 1.15185546875 763.5434552131818 940
230 31 798.9120148689518 967.1041283960916 3555.83203125 1.15185546875 802.84077336238 1248
240 25.3 766.0366162688364 913.9451295735205 3555.83203125 1.15185546875 802.059056332237 1558
250 5 1004.0741894531252 835.1551999733908 3555.83203125 1.15185546875 797.0266558153731 1811
260 1 794.3324951171875 793.1657560521359 3555.83203125 1.15185546875 802.5894589759791 1861
270 0.1 1394.14697265625 0.0 3555.83203125 1.15185546875 802.5453276886526 1871
280 0 0 0 3555.83203125 1.15185546875 802.8613542084003 1872
290 0 0 0 3555.83203125 1.15185546875 802.8613542084003 1872
300 0 0 0 3555.83203125 1.15185546875 802.8613542084003 1872
310 0 0 0 3555.83203125 1.15185546875 802.8613542084003 1872
320 0 0 0 3555.83203125 1.15185546875 802.8613542084003 1872
330 0 0 0 3555.83203125 1.15185546875 802.8613542084003 1872
340 0 0 0 3555.83203125 1.15185546875 802.8613542084003 1872
350 0 0 0 3555.83203125 1.15185546875 802.8613542084003 1872
360 0 0 0 3555.83203125 1.15185546875 802.8613542084003 1872
370 0 0 0 3555.83203125 1.15185546875 802.8613542084003 1872
376 0 0 0 3555.83203125 1.15185546875 802.8613542084003 1872
