20 0.1 16.925048828125 0 16.925048828125 16.925048828125 0 0
30 0 0 0 16.925048828125 16.925048828125 16.925048828125 1
40 0.2 32.7908935546875 17.5150146484375 50.305908203125 15.27587890625 16.925048828125 1
50 0.4 17.8084716796875 3.0026713761050243 50.305908203125 15.27587890625 27.502278645833332 3
60 0.1 15.320068359375 0.0 50.305908203125 15.27587890625 21.962960379464285 7
70 0.2 15.99755859375 2.005615234375 50.305908203125 13.991943359375 21.132598876953125 8
80 0.2 18.4735107421875 2.1214599609375 50.305908203125 13.991943359375 20.1055908203125 10
90 0.3 24.432291666666668 14.080000015944995 50.305908203125 13.991943359375 19.833577473958332 12
100 0.4 26.092041015625 11.175729600133014 50.305908203125 13.991943359375 20.7533203125 15
110 0.7 17.114432198660715 3.0933057037038494 50.305908203125 13.991943359375 21.877261513157894 19
120 0.4 25.00518798828125 11.26864302174355 50.305908203125 13.178955078125 20.59496131310096 26
130 0.4 32.44122314453125 28.71290499602048 82.044921875 13.178955078125 21.182991536458335 30
140 0.9 99.13039822048611 68.7703097264329 246.572998046875 13.178955078125 22.507489372702207 34
150 0.9 57.068359375 53.60699819177326 246.572998046875 13.178955078125 38.54484238735465 43
160 0.9 75.61420355902777 60.60551447157825 246.572998046875 13.067138671875 41.75083571213942 52
170 1.1 176.43687855113637 177.4032739722425 581.502197265625 13.067138671875 46.7470703125 61
180 1.7 921.4499224494485 298.8602487884136 1443.863037109375 13.067138671875 66.560791015625 72
190 1.3 2034.7271822415864 777.6122428129768 3438.092041015625 13.067138671875 229.8542206153441 89
200 1.6 1861.186279296875 1008.9029280838475 3569.6689453125 2.321044921875 459.8870490579044 102
210 3 854.3396240234375 1145.9584334146273 3569.6689453125 1.802001953125 649.8937243445445 118
220 5 722.101630859375 1050.4679622162932 3569.6689453125 1.494140625 691.3354607659418 148
230 7.6 636.722437808388 928.077761995039 3569.6689453125 1.44580078125 699.1046956380209 198
240 7.8 592.6312255859374 818.132752346191 3569.6689453125 1.44580078125 681.8015876268819 274
250 8.4 833.8738054547991 831.8532194919816 3569.6689453125 1.44580078125 662.0422460382634 352
260 7.2 1070.5703904893662 644.0665574415084 3569.6689453125 1.44580078125 695.1474088616327 436
270 7.2 1157.3348185221353 425.0691476229702 3569.6689453125 1.44580078125 748.3569653128076 508
280 5.8 1029.759092133621 334.96988290301977 3569.6689453125 1.44580078125 799.1266298491379 580
290 3.4 647.3879897173713 250.86934326616222 3569.6689453125 1.44580078125 820.0932173295455 638
300 2 99.66766357421876 172.81242132917816 3569.6689453125 1.44580078125 811.3551552182153 672
310 0.9 13.072102864583334 4.640352023480714 3569.6689453125 1.44580078125 790.7861525695448 692
320 0.9 10.449544270833334 2.9037084461526286 3569.6689453125 1.44580078125 780.8012360968705 701
330 0 0 0 3569.6689453125 1.44580078125 771.0362146511884 710
340 0.3 14.669677734375 6.672200843424043 3569.6689453125 1.44580078125 771.0362146511884 710
350 0.4 12.5279541015625 4.180464265963895 3569.6689453125 1.44580078125 767.8537467539227 713
360 0 0 0 3569.6689453125 1.44580078125 763.6399348004925 717
370 0 0 0 3569.6689453125 1.44580078125 763.6399348004925 717
376 0.2 29.857666015625 5.6884765625 3569.6689453125 1.44580078125 763.6399348004925 717
