0 0.1 0.0 0 0.0 0.0 0 0
10 0.1 0.0 0.0 0.0 0.0 0.0 1
20 0.1 0.0 0.0 0.0 0.0 0.0 2
30 0.1 0.0 0.0 0.0 0.0 0.0 3
40 0.1 0.0 0.0 0.0 0.0 0.0 4
50 0.1 0.0 0.0 0.0 0.0 0.0 5
60 0.1 0.078125 0.0 0.078125 0.0 0.0 6
70 0.1 0.0703125 0.0 0.078125 0.0 0.011160714285714286 7
80 0.1 0.05859375 0.0 0.078125 0.0 0.0185546875 8
90 0.1 0.05078125 0.0 0.078125 0.0 0.023003472222222224 9
100 0.1 0.0390625 0.0 0.078125 0.0 0.02578125 10
110 0.1 0.0390625 0.0 0.078125 0.0 0.026988636363636364 11
120 0.1 0.109375 0.0 0.109375 0.0 0.027994791666666668 12
130 0.1 0.08984375 0.0 0.109375 0.0 0.034254807692307696 13
140 0.1 0.078125 0.0 0.109375 0.0 0.03822544642857143 14
150 0.1 0.0703125 0.0 0.109375 0.0 0.04088541666666667 15
160 0.1 0.05859375 0.0 0.109375 0.0 0.042724609375 16
170 0.1 0.05078125 0.0 0.109375 0.0 0.043658088235294115 17
180 0.1 0.0390625 0.0 0.109375 0.0 0.04405381944444445 18
190 0.1 0.109375 0.0 0.109375 0.0 0.043791118421052634 19
200 0.1 0.08984375 0.0 0.109375 0.0 0.0470703125 20
210 0.1 0.078125 0.0 0.109375 0.0 0.049107142857142856 21
220 0.1 0.05859375 0.0 0.109375 0.0 0.05042613636363636 22
230 0.1 0.05078125 0.0 0.109375 0.0 0.05078125 23
240 0.1 0.12109375 0.0 0.12109375 0.0 0.05078125 24
250 0.1 0.1015625 0.0 0.12109375 0.0 0.05359375 25
260 0.1 0.08984375 0.0 0.12109375 0.0 0.05543870192307692 26
270 0.1 0.0703125 0.0 0.12109375 0.0 0.056712962962962965 27
280 0.1 0.05859375 0.0 0.12109375 0.0 0.05719866071428571 28
290 0.1 0.05078125 0.0 0.12109375 0.0 0.05724676724137931 29
300 0.1 0.05078125 0.0 0.12109375 0.0 0.05703125 30
310 0.1 0.0390625 0.0 0.12109375 0.0 0.056829637096774195 31
320 0.1 0.03125 0.0 0.12109375 0.0 0.0562744140625 32
330 0.1 0.03125 0.0 0.12109375 0.0 0.05551609848484849 33
340 0.1 0.01953125 0.0 0.12109375 0.0 0.05480238970588235 34
350 0.1 0.01953125 0.0 0.12109375 0.0 0.05379464285714286 35
358 0.1 0.01953125 0.0 0.12109375 0.0 0.05284288194444445 36
