0 1.1 18.02163973721591 30.844094140952247 115.485107421875 7.3310546875 0 0
10 3 39.58250325520833 38.36052967200532 192.188232421875 7.072998046875 18.02163973721591 11
20 4.3 30.036303143168606 63.53213528430383 260.6328125 5.470947265625 33.79788133574695 41
30 6.9 376.9838973335598 931.0515627617813 4526.35986328125 5.343994140625 31.872311546688987 84
40 12.7 53.90769177534451 86.85205235121843 4526.35986328125 5.343994140625 187.5108698427288 153
50 13.7 41.71920442233121 74.66590641458804 4526.35986328125 5.322998046875 126.91228550502235 280
60 12 19.88986206054687 29.927300716494763 4526.35986328125 5.197021484375 98.92319172006147 417
70 13.5 33.50798791956021 55.530102083804856 4526.35986328125 5.197021484375 81.26211246653865 537
80 10.9 24.451875179185777 44.52856622500274 4526.35986328125 5.197021484375 71.6686499459403 672
90 17.8 54.43086156952247 99.97820501736105 4526.35986328125 5.197021484375 65.07885679667494 781
100 25.9 54.23320331352558 151.6655303572524 4526.35986328125 5.197021484375 63.1024822915309 959
110 24.8 58.27361666771673 98.53120029462322 4526.35986328125 5.197021484375 61.21648618701252 1218
120 32.5 51.97256610576925 89.02333798740497 4526.35986328125 5.113037109375 60.71864741430764 1466
130 35.9 586.29694980632 482.74698208110175 4526.35986328125 5.113037109375 59.13155839963707 1791
140 36.5 1953.7439011665238 687.383393638957 4744.597900390625 5.113037109375 147.15591910428785 2150
150 46.1 2084.525009320768 1043.2870277036268 5545.40185546875 0.6259765625 409.34463220675946 2515
160 67.5 1533.2820106336803 1496.8150037054847 6665.005126953125 0.578857421875 668.8399796024443 2976
170 103.1 1033.7350439595195 1281.1165863849722 6665.005126953125 0.572998046875 828.6587610174222 3651
180 132.1 820.9343806923023 1104.9221614204916 6665.005126953125 0.572998046875 873.8175922248768 4682
190 178.9 606.0828746200743 949.0917488672503 6665.005126953125 0.56787109375 862.180290469999 6003
200 206.9 528.4043883244854 897.6614704305033 6665.005126953125 0.56787109375 803.3817436327922 7792
210 202 667.0760043606892 885.2191225278418 6665.005126953125 0.531005859375 745.6869714866725 9861
220 151.7 717.6043412290908 818.7991756248412 6665.005126953125 0.531005859375 732.3215852738549 11881
230 132.8 768.8570867331636 833.8760104941193 6665.005126953125 0.531005859375 730.6552127394538 13398
240 109.7 951.2509549748603 720.1419228604293 6665.005126953125 0.531005859375 734.100281913951 14726
250 81.4 1149.154426443488 462.5036541154776 6665.005126953125 0.531005859375 749.1552201903725 15823
260 76.9 715.5736196689085 350.6242332736168 6665.005126953125 0.531005859375 768.7260174428842 16637
270 37.6 101.40509098134142 141.42684205002595 6665.005126953125 0.531005859375 766.3777355924769 17406
280 12.3 11.719351419588413 8.066396596835482 6665.005126953125 0.531005859375 752.3169036065482 17782
290 4.4 9.398676091974435 5.099665608034402 6665.005126953125 0.531005859375 747.2293024382155 17905
300 1 6.16337890625 2.481955094170227 6665.005126953125 0.531005859375 745.4205917825113 17949
310 0.2 11.4449462890625 4.4749755859375 6665.005126953125 0.531005859375 745.0089557154273 17959
320 0.1 6.633056640625 0.0 6665.005126953125 0.531005859375 744.9272716210644 17961
330 0 0 0 6665.005126953125 0.531005859375 744.8861685025374 17962
340 0 0 0 6665.005126953125 0.531005859375 744.8861685025374 17962
350 1.7 10.314510569852942 6.394547581543714 6665.005126953125 0.531005859375 744.8861685025374 17962
358 3.4 10.165204216452207 6.161986989027743 6665.005126953125 0.531005859375 744.1915960466247 17979
