10 0.1 62 0 62 62 0 0
20 0.1 187.0 0.0 187 62 62.0 1
30 0.1 220.0 0.0 220 62 124.5 2
40 0.1 409.0 0.0 409 62 156.33333333333334 3
50 0.1 819.0 0.0 819 62 219.5 4
60 0.1 726.0 0.0 819 62 339.4 5
70 0.1 639.0 0.0 819 62 403.8333333333333 6
80 0.1 817.0 0.0 819 62 437.42857142857144 7
90 0.1 595.0 0.0 819 62 484.875 8
100 0.1 1099.0 0.0 1099 62 497.1111111111111 9
110 0.1 1599.0 0.0 1599 62 557.3 10
120 0.1 1231.0 0.0 1599 62 652.0 11
130 0.1 1922.0 0.0 1922 62 700.25 12
140 0.1 2345.0 0.0 2345 62 794.2307692307693 13
150 0.1 2462.0 0.0 2462 62 905.0 14
160 0.1 2755.0 0.0 2755 62 1008.8 15
170 0.1 3293.0 0.0 3293 62 1117.9375 16
180 0.1 3968.0 0.0 3968 62 1245.8823529411766 17
190 0.1 5218.0 0.0 5218 62 1397.111111111111 18
200 0.1 6090.0 0.0 6090 62 1598.2105263157894 19
210 0.1 6541.0 0.0 6541 62 1822.8 20
220 0.1 6534.0 0.0 6541 62 2047.4761904761904 21
230 0.1 4886.0 0.0 6541 62 2251.409090909091 22
240 0.1 5155.0 0.0 6541 62 2365.9565217391305 23
250 0.1 4507.0 0.0 6541 62 2482.1666666666665 24
260 0.1 4434.0 0.0 6541 62 2563.16 25
270 0.1 3742.0 0.0 6541 62 2635.1153846153848 26
280 0.1 899.0 0.0 6541 62 2676.1111111111113 27
290 0.1 522.0 0.0 6541 62 2612.6428571428573 28
300 0.1 102.0 0.0 6541 62 2540.551724137931 29
310 0.1 33.0 0.0 6541 33 2459.266666666667 30
320 0.1 9.0 0.0 6541 9 2381.0 31
330 0.1 4.0 0.0 6541 4 2306.875 32
340 0.1 2.0 0.0 6541 2 2237.090909090909 33
350 0.1 3.0 0.0 6541 2 2171.3529411764707 34
358 0.1 196.0 0.0 6541 2 2109.4 35
