10 0.1 73 0 73 73 0 0
20 0.1 192.0 0.0 192 73 73.0 1
30 0.1 235.0 0.0 235 73 132.5 2
40 0.1 396.0 0.0 396 73 166.66666666666666 3
50 0.1 701.0 0.0 701 73 224.0 4
60 0.1 631.0 0.0 701 73 319.4 5
70 0.1 636.0 0.0 701 73 371.3333333333333 6
80 0.1 723.0 0.0 723 73 409.14285714285717 7
90 0.1 617.0 0.0 723 73 448.375 8
100 0.1 999.0 0.0 999 73 467.1111111111111 9
110 0.1 1412.0 0.0 1412 73 520.3 10
120 0.1 1248.0 0.0 1412 73 601.3636363636364 11
130 0.1 1862.0 0.0 1862 73 655.25 12
140 0.1 2128.0 0.0 2128 73 748.0769230769231 13
150 0.1 2275.0 0.0 2275 73 846.6428571428571 14
160 0.1 2658.0 0.0 2658 73 941.8666666666667 15
170 0.1 3343.0 0.0 3343 73 1049.125 16
180 0.1 4133.0 0.0 4133 73 1184.0588235294117 17
190 0.1 5721.0 0.0 5721 73 1347.888888888889 18
200 0.1 6766.0 0.0 6766 73 1578.0526315789473 19
210 0.1 7423.0 0.0 7423 73 1837.45 20
220 0.1 6772.0 0.0 7423 73 2103.4285714285716 21
230 0.1 4888.0 0.0 7423 73 2315.6363636363635 22
240 0.1 4780.0 0.0 7423 73 2427.478260869565 23
250 0.1 3790.0 0.0 7423 73 2525.4999999999995 24
260 0.1 3344.0 0.0 7423 73 2576.0799999999995 25
270 0.1 2681.0 0.0 7423 73 2605.615384615384 26
280 0.1 835.0 0.0 7423 73 2608.407407407407 27
290 0.1 459.0 0.0 7423 73 2545.071428571428 28
300 0.1 92.0 0.0 7423 73 2473.1379310344823 29
310 0.1 43.0 0.0 7423 43 2393.766666666666 30
320 0.1 10.0 0.0 7423 10 2317.9354838709673 31
330 0.1 3.0 0.0 7423 3 2245.8124999999995 32
340 0.1 1.0 0.0 7423 1 2177.8484848484845 33
350 0.1 2.0 0.0 7423 1 2113.8235294117644 34
358 0.1 224.0 0.0 7423 1 2053.485714285714 35
