0 3.934375 3.934375
10 11.440625 15.375
20 18.79375 34.16875
30 38.74609375 72.91484375
40 96.63515625 169.55
50 105.08203125 274.63203125
60 76.46875 351.10078125
70 93.4015625 444.50234375
80 62.6796875 507.18203125
90 105.47734375 612.659375
100 177.58125 790.240625
110 146.67578125 936.91640625
120 193.8 1130.71640625
130 237.03046875 1367.746875
140 218.17109375 1585.91796875
150 236.8015625 1822.71953125
160 324.6390625 2147.35859375
170 524.8109375 2672.16953125
180 653.95546875 3326.125
190 798.1953125 4124.3203125
200 941.78359375 5066.10390625
210 947.94140625 6014.0453125
220 830.29609375 6844.34140625
230 798.20703125 7642.5484375
240 714.9359375 8357.484375
250 559.15390625 8916.63828125
260 602.62734375 9519.265625
270 284.82421875 9804.08984375
280 109.0171875 9913.10703125
290 41.16875 9954.27578125
300 3.28515625 9957.5609375
310 1.34140625 9958.90234375
320 0.528125 9959.43046875
330 0 9959.43046875
340 0 9959.43046875
350 17.23203125 9976.6625
358 32.8953125 10009.5578125
