10 0.4 54.15203857421875 20.59802254476458 74.986083984375 27.861083984375 0 0
20 0 0 0 74.986083984375 27.861083984375 54.15203857421875 4
30 0 0 0 74.986083984375 27.861083984375 54.15203857421875 4
40 0.2 57.4329833984375 28.9039306640625 86.3369140625 27.861083984375 54.15203857421875 4
50 0.3 67.46394856770833 29.56165632984574 106.47802734375 27.861083984375 55.245686848958336 6
60 0.3 27.518961588541668 0.8709383960480955 106.47802734375 26.741943359375 59.318440755208336 9
70 0.5 36.26240234375 7.114120838404491 106.47802734375 26.741943359375 51.368570963541664 12
80 0.3 37.006673177083336 6.937910463984315 106.47802734375 26.741943359375 46.9255801930147 17
90 1 106.696337890625 106.80876703758122 391.088134765625 26.741943359375 45.437744140625 20
100 0.5 72.82958984375 22.138105461504214 391.088134765625 26.741943359375 65.857275390625 30
110 1.2 89.55930582682292 68.91551086732899 391.088134765625 26.741943359375 66.8533203125 35
120 0.7 117.29000418526786 116.55858072388583 391.088134765625 18.397216796875 72.65059320977393 47
130 1.4 656.9248570033482 295.7523824346854 1104.093017578125 18.397216796875 78.43718352141204 54
140 1.3 1808.2332857572114 168.98640227098358 1997.912109375 18.397216796875 197.53758688534006 68
150 2 1953.3824096679687 834.7741889229329 2689.04296875 0.894775390625 456.044303988233 81
160 4.1 1072.0311844988573 1276.6677602955099 3033.739013671875 0.68115234375 752.5468991723391 101
170 4.3 1250.2929971384444 1118.5095138214838 3033.739013671875 0.6240234375 844.792361837038 142
180 4.7 925.6664000166223 1029.3508010883224 3033.739013671875 0.6240234375 939.0438608530405 185
190 6.6 763.364931048769 978.2443606657079 3033.739013671875 0.6240234375 936.3337718042834 232
200 5.1 755.6567047717524 946.8815041342698 3033.739013671875 0.6240234375 898.0252366033976 298
210 3.6 989.8826972113716 897.0682743543873 3033.739013671875 0.6240234375 877.220666049203 349
220 0.3 1529.455078125 239.90782215273595 3033.739013671875 0.6240234375 887.7552975344968 385
230 0 0 0 3033.739013671875 0.6240234375 892.7168937761759 388
240 0 0 0 3033.739013671875 0.6240234375 892.7168937761759 388
250 0 0 0 3033.739013671875 0.6240234375 892.7168937761759 388
260 0 0 0 3033.739013671875 0.6240234375 892.7168937761759 388
270 0 0 0 3033.739013671875 0.6240234375 892.7168937761759 388
280 0 0 0 3033.739013671875 0.6240234375 892.7168937761759 388
290 0 0 0 3033.739013671875 0.6240234375 892.7168937761759 388
300 0 0 0 3033.739013671875 0.6240234375 892.7168937761759 388
310 0 0 0 3033.739013671875 0.6240234375 892.7168937761759 388
320 0 0 0 3033.739013671875 0.6240234375 892.7168937761759 388
330 0 0 0 3033.739013671875 0.6240234375 892.7168937761759 388
340 0 0 0 3033.739013671875 0.6240234375 892.7168937761759 388
350 0 0 0 3033.739013671875 0.6240234375 892.7168937761759 388
358 0 0 0 3033.739013671875 0.6240234375 892.7168937761759 388
