0 0.1 8.10302734375 0 8.10302734375 8.10302734375 0 0
10 0.3 29.297688802083332 5.05409787705947 33.35595703125 8.10302734375 8.10302734375 1
20 0.3 7.892333984375 0.14887814619838033 33.35595703125 7.7509765625 23.9990234375 4
30 0.3 11.185302734375 6.181525441362662 33.35595703125 6.751953125 17.096156529017858 7
40 0.3 16.04736328125 12.261046320785281 33.35595703125 6.37890625 15.322900390625 10
50 0.8 17.0584716796875 16.840608694461867 60.471923828125 6.37890625 15.490084134615385 13
60 0.6 8.63623046875 2.9663486070903784 60.471923828125 6.06591796875 16.087565104166668 21
70 0.5 7.8224609375 0.9566854221109349 60.471923828125 6.06591796875 14.431712962962964 27
80 0.6 13.0401611328125 8.566965228709735 60.471923828125 6.06591796875 13.399017333984375 32
90 0.7 14.269077845982142 11.272310382778254 60.471923828125 6.06591796875 13.342355828536185 38
100 1.3 26.17474834735577 18.87462094591276 60.7509765625 6.06591796875 13.486512586805556 45
110 2 29.12681884765625 30.739959806748693 102.718017578125 6.06591796875 16.330427498653016 58
120 1.8 20.26201714409722 19.170722122155084 102.718017578125 6.06591796875 19.611553485576923 78
130 1.8 501.0226779513889 387.65483344749083 1272.489990234375 6.06591796875 19.73351542154948 96
140 2.4 1687.6467386881511 213.92031995801548 2091.4990234375 6.06591796875 95.7265410841557 114
150 2.6 1856.395977313702 694.0571391662039 2414.444091796875 0.822998046875 372.582227623981 138
160 4.9 1213.5996193399235 1193.6089743905386 2687.56298828125 0.68798828125 607.8209928186928 164
170 8.2 982.7716540825077 1040.2741285324971 2687.56298828125 0.662841796875 747.1785172296802 213
180 6.8 750.4538430606617 919.1827640099247 2687.56298828125 0.662841796875 812.6654230667373 295
190 12.4 685.5743034116683 858.1393503317755 2687.56298828125 0.626953125 801.011463175792 363
200 13.6 641.6838217342602 880.391640682407 2687.56298828125 0.626953125 771.6188393344135 487
210 10.3 581.82380157767 721.0289069658695 2687.56298828125 0.626953125 743.2542126993881 623
220 3.4 707.4173727596508 676.9181837552585 2687.56298828125 0.626953125 720.351551066417 726
230 0.5 3.666259765625 2.465002586216373 2687.56298828125 0.626953125 719.7729167737459 760
240 0.4 865.2039794921875 500.5987793191101 2687.56298828125 0.626953125 715.0924811070262 765
250 0 0 0 2687.56298828125 0.626953125 715.8732951428398 769
260 0 0 0 2687.56298828125 0.626953125 715.8732951428398 769
270 0 0 0 2687.56298828125 0.626953125 715.8732951428398 769
280 0 0 0 2687.56298828125 0.626953125 715.8732951428398 769
290 0 0 0 2687.56298828125 0.626953125 715.8732951428398 769
300 0 0 0 2687.56298828125 0.626953125 715.8732951428398 769
310 0 0 0 2687.56298828125 0.626953125 715.8732951428398 769
320 0 0 0 2687.56298828125 0.626953125 715.8732951428398 769
330 0 0 0 2687.56298828125 0.626953125 715.8732951428398 769
340 0 0 0 2687.56298828125 0.626953125 715.8732951428398 769
350 0 0 0 2687.56298828125 0.626953125 715.8732951428398 769
358 0 0 0 2687.56298828125 0.626953125 715.8732951428398 769
