40 2.4 23.3043212890625 29.477768491836105 154.420166015625 6.528076171875 0 0
50 2.4 17.195617675781246 23.822752124431574 154.420166015625 6.35791015625 23.3043212890625 24
60 0.8 13.305633544921875 9.010337631520022 154.420166015625 6.35791015625 20.24996948242187 48
70 1.6 14.8397216796875 6.307912049206051 154.420166015625 6.35791015625 19.25792149135044 56
80 0 0 0 154.420166015625 6.35791015625 18.2760993109809 72
90 1.6 24.526596069335938 21.581812088568853 154.420166015625 6.35791015625 18.2760993109809 72
100 4 25.115051269531254 17.73131628948116 154.420166015625 6.35791015625 19.412553267045453 88
110 1.6 24.2369384765625 17.47133912730104 154.420166015625 6.35791015625 21.194583892822266 128
120 1.6 33.873260498046875 28.116924366520642 154.420166015625 6.35791015625 21.532623291015625 144
130 1.2 589.71484375 298.4641138684669 1298.112060546875 6.35791015625 22.76668701171875 160
140 1 1625.315771484375 197.4285597550142 1939.5849609375 6.35791015625 62.32120957485465 172
150 1.3 2164.941650390625 161.32416462505358 2366.1162109375 6.35791015625 148.20003165779534 182
160 1.4 1582.172328404018 1184.7358914395277 2688.8818359375 0.1279296875 282.64947290665066 195
170 6 434.9161905924479 828.0369945755145 2688.8818359375 0.119873046875 369.69885078685707 209
180 10.6 419.3189328751474 797.3292410648937 2688.8818359375 0.117919921875 384.24546933085503 269
190 12.2 209.67240530545595 580.3384623698361 2688.8818359375 0.117919921875 394.159568359375 375
200 15.3 176.60397677951383 506.57926590935637 2688.8818359375 0.114990234375 348.8729810503647 497
210 16.7 312.5904957662799 577.8628570065893 2688.8818359375 0.114990234375 308.3235077373798 650
220 17.2 338.9056822311048 568.873830220498 2688.8818359375 0.114990234375 309.19570724879515 817
230 19.5 435.2377203525641 582.1384729008414 2688.8818359375 0.114990234375 314.3626594196316 989
240 19.8 618.9968668619795 545.7415461720128 2688.8818359375 0.114990234375 334.27029192125474 1184
250 18 910.7959431966145 112.02940804586149 2688.8818359375 0.114990234375 375.0632454945279 1382
260 26.4 494.19402243874265 176.981410431964 2688.8818359375 0.114990234375 436.7994078417594 1562
270 11.8 81.03875422073621 99.67260552763783 2688.8818359375 0.114990234375 445.0974244099979 1826
280 4 9.65975341796875 7.558734450408258 2688.8818359375 0.114990234375 422.99921294789254 1944
290 1.6 7.660308837890625 4.439180428600289 2688.8818359375 0.114990234375 414.6657561025312 1984
300 0 0 0 2688.8818359375 0.114990234375 411.4097125244141 2000
310 0 0 0 2688.8818359375 0.114990234375 411.4097125244141 2000
320 0 0 0 2688.8818359375 0.114990234375 411.4097125244141 2000
330 0 0 0 2688.8818359375 0.114990234375 411.4097125244141 2000
340 0 0 0 2688.8818359375 0.114990234375 411.4097125244141 2000
350 0.8 8.40545654296875 3.913167869808738 2688.8818359375 0.114990234375 411.4097125244141 2000
358 1.6 9.145355224609377 4.581135582499344 2688.8818359375 0.114990234375 409.8041178790697 2008
