30 0.4 11.9234619140625 7.496614654754276 24.864990234375 6.77294921875 0 0
40 0.4 7.30523681640625 0.515996867524063 24.864990234375 6.740966796875 11.9234619140625 4
50 0.1 7.048095703125 0.0 24.864990234375 6.740966796875 9.614349365234375 8
60 0 0 0 24.864990234375 6.740966796875 9.329210069444445 9
70 0.1 12.699951171875 0.0 24.864990234375 6.740966796875 9.329210069444445 9
80 0.3 12.394694010416666 5.844433274785228 24.864990234375 6.740966796875 9.6662841796875 10
90 0.3 72.84700520833333 76.99523757999496 180.849853515625 6.740966796875 10.295917217548077 13
100 0.5 25.10419921875 18.972305077453633 180.849853515625 6.740966796875 22.024246215820313 16
110 0.3 23.820719401041668 20.621574321906337 180.849853515625 6.740966796875 22.757568359375 21
120 0.3 45.489013671875 33.21985920130495 180.849853515625 6.740966796875 22.890462239583332 24
130 0.4 415.55224609375 276.1322486513905 780.779052734375 6.740966796875 25.40141239872685 27
140 0.6 1866.6501871744792 217.0914504155796 2164.484130859375 6.740966796875 75.74345545614919 31
150 0.8 1269.8652954101563 986.0040722936532 2249.467041015625 1.02294921875 366.16076330236484 37
160 1.4 1597.373570033482 1212.5593933401487 3002.400146484375 0.705810546875 526.8193467881945 45
170 1.8 1238.2520073784722 1006.6919999313469 3002.400146484375 0.68505859375 780.8491624735169 59
180 2.1 551.5608142671131 869.5463500110685 3002.400146484375 0.656982421875 887.7745028409091 77
190 1.9 609.6954281455592 794.6840666791506 3002.400146484375 0.6279296875 815.7287124322385 98
200 2.8 644.4787859235491 870.9754655184446 3002.400146484375 0.6279296875 782.2703158386752 117
210 4 451.57918701171866 676.2174191171351 3002.400146484375 0.6240234375 755.6622962688577 145
220 3.6 648.1182793511284 648.4131878763336 3002.400146484375 0.6240234375 689.9145969700169 185
230 2.1 583.8421223958334 610.7269062005608 3002.400146484375 0.6240234375 683.1061470411482 221
240 0.9 1042.9654676649307 378.16457044014135 3002.400146484375 0.6240234375 674.492326720687 242
250 0.2 987.053466796875 64.26953125 3002.400146484375 0.6240234375 687.7045110573332 251
260 0.1 671.742919921875 0.0 3002.400146484375 0.6240234375 690.0709059643651 253
270 0 0 0 3002.400146484375 0.6240234375 689.998748539001 254
280 0 0 0 3002.400146484375 0.6240234375 689.998748539001 254
290 0 0 0 3002.400146484375 0.6240234375 689.998748539001 254
300 0 0 0 3002.400146484375 0.6240234375 689.998748539001 254
310 0 0 0 3002.400146484375 0.6240234375 689.998748539001 254
320 0 0 0 3002.400146484375 0.6240234375 689.998748539001 254
330 0 0 0 3002.400146484375 0.6240234375 689.998748539001 254
340 0 0 0 3002.400146484375 0.6240234375 689.998748539001 254
350 0 0 0 3002.400146484375 0.6240234375 689.998748539001 254
358 0 0 0 3002.400146484375 0.6240234375 689.998748539001 254
