20 0.1 29.967041015625 0 29.967041015625 29.967041015625 0 0
30 0 0 0 29.967041015625 29.967041015625 29.967041015625 1
40 0 0 0 29.967041015625 29.967041015625 29.967041015625 1
50 0.2 33.3956298828125 2.6595458984375 36.05517578125 29.967041015625 29.967041015625 1
60 0.5 29.8728515625 3.8164410948553615 36.76708984375 27.02001953125 32.252766927083336 3
70 0.4 50.8560791015625 34.456307225955676 110.363037109375 27.02001953125 30.76531982421875 8
80 0.3 38.861979166666664 6.700354507700723 110.363037109375 27.02001953125 37.462239583333336 12
90 0.2 152.794677734375 85.490478515625 238.28515625 27.02001953125 37.7421875 15
100 0.1 31.428955078125 0.0 238.28515625 27.02001953125 51.27777458639706 17
110 0.2 109.41748046875 23.271484375 238.28515625 27.02001953125 50.17506239149306 18
120 0.7 108.13961356026786 75.03495233421187 262.177001953125 27.02001953125 56.09930419921875 20
130 0.5 536.864453125 370.4452612594787 1158.6259765625 27.02001953125 69.59123625578704 27
140 0.9 1638.2262369791667 254.09174488257904 2049.615966796875 27.02001953125 142.60267639160156 32
150 0.3 1408.6068522135417 999.8897349621795 2226.514892578125 0.683837890625 470.9102872522866 41
160 1 1787.4194091796876 1187.0614676791863 3092.906005859375 0.683837890625 534.8441439541904 44
170 1.6 394.5178680419922 796.8937584215141 3092.906005859375 0.683837890625 766.8025264033565 54
180 1.9 849.2322162828947 995.7875458669299 3092.906005859375 0.683837890625 681.7088902064733 70
190 3 780.9081380208333 893.1221929578757 3092.906005859375 0.666015625 717.4722968969452 89
200 4.5 423.6600368923611 739.7659806011612 3092.906005859375 0.666015625 733.4645257517069 119
210 3.6 485.68039957682294 712.7912204621153 3092.906005859375 0.666015625 648.4571964915206 164
220 3.8 817.018265573602 703.6726515909652 3092.906005859375 0.666015625 619.157373046875 200
230 2.3 871.565673828125 577.7767285297758 3092.906005859375 0.666015625 650.7486079881171 238
240 1.2 612.9285278320313 618.0221026970293 3092.906005859375 0.666015625 670.2075831387691 261
250 1.3 1041.8208571213943 207.19254638972026 3092.906005859375 0.666015625 667.6898224659456 273
260 0.4 618.0462646484375 31.256156438221417 3092.906005859375 0.666015625 684.6957785866477 286
270 0.3 6.7392578125 3.0289812610210713 3092.906005859375 0.666015625 683.7764749461207 290
280 0.4 4.8228759765625 0.06656638640040864 3092.906005859375 0.666015625 676.8443532689847 293
290 0.1 4.76904296875 0.0 3092.906005859375 0.666015625 667.793558962016 297
300 0 0 0 3092.906005859375 0.666015625 665.5686444788172 298
310 0 0 0 3092.906005859375 0.666015625 665.5686444788172 298
320 0 0 0 3092.906005859375 0.666015625 665.5686444788172 298
330 0 0 0 3092.906005859375 0.666015625 665.5686444788172 298
340 0 0 0 3092.906005859375 0.666015625 665.5686444788172 298
350 0 0 0 3092.906005859375 0.666015625 665.5686444788172 298
358 0 0 0 3092.906005859375 0.666015625 665.5686444788172 298
