0 0.5 5
10 2.2 27
20 4.9 76
30 9.6 172
40 10.5 277
50 14.7 424
60 15.2 576
70 22.6 802
80 22.6 1028
90 25.7 1285
100 30.4 1589
110 38.4 1973
120 45.8 2431
130 52.8 2959
140 63.8 3597
150 79.4 4391
160 81.9 5210
170 69.5 5905
180 75.5 6660
190 75.9 7419
200 65.3 8072
210 63.5 8707
220 65.6 9363
230 58.8 9951
240 52.6 10477
250 37.4 10851
260 43.2 11283
270 44.7 11730
280 51.7 12247
290 53.8 12785
300 46.2 13247
310 28.4 13531
320 4.3 13574
330 5.5 13629
340 0.4 13633
350 2.1 13654
360 0.3 13657
370 0.1 13658
380 0.1 13659
390 0 13659
391 0 13659
