0 0.3 39.772054036458336 54.3732399159911 116.667236328125 1.176025390625 0 0
10 0.6 1.27783203125 0.05668848580677726 116.667236328125 1.176025390625 39.772054036458336 3
20 1.2 1.30426025390625 0.10767312577832694 116.667236328125 1.166015625 14.109239366319445 9
30 1.3 1.2970064603365385 0.10655851905216801 116.667236328125 1.14599609375 6.792108444940476 21
40 2.1 1.7783668154761905 1.553881438970444 116.667236328125 1.140869140625 4.6910400390625 34
50 1.6 1.2935943603515625 0.238435819689147 116.667236328125 0.98193359375 3.5789284446022727 55
60 1 1.4032470703125 0.5587774766869584 116.667236328125 0.98193359375 3.0639235805457745 71
70 2.3 1.2785432235054348 0.1536830841339309 116.667236328125 0.944091796875 2.8589017891589505 81
80 1.4 1.4192417689732142 0.2162348150063412 116.667236328125 0.944091796875 2.5093994140625 104
90 3.4 7.667028090533088 27.711644817552205 162.5859375 0.944091796875 2.3800586765095337 118
100 4.6 2.0124458644701098 2.949895767761855 162.5859375 0.93701171875 3.5626702559621712 152
110 2.9 1.6092992322198276 1.38205069897227 162.5859375 0.93701171875 3.202517114504419 198
120 5.4 1.3587917751736112 0.47036759677416445 162.5859375 0.907958984375 2.9989782661068283 227
130 8.2 2.060692763910061 3.9683546015951854 162.5859375 0.907958984375 2.6837822856427938 281
140 8.8 1.9953779740767046 4.733099085203851 162.5859375 0.907958984375 2.543029280733471 363
150 10.7 2.219439069801401 5.4068323352921945 162.5859375 0.907958984375 2.4361704891906872 451
160 16.9 8.656817735299557 37.47025363045573 301.37890625 0.89306640625 2.394610880096326 558
170 15.4 1.1865662413758118 0.29995208571912624 301.37890625 0.882080078125 3.8503370954049174 727
180 22.5 3.1871462673611104 19.419513022313758 301.37890625 0.8388671875 3.3847063218288875 881
190 31.1 1.4410388615353704 2.5233531872898154 301.37890625 0.81884765625 3.344515533171338 1106
200 33.1 1.303539817787009 1.6873641653257387 301.37890625 0.81884765625 2.926744718154552 1417
210 45.2 5.313611055897399 32.942891830299764 349.626953125 0.7509765625 2.6193758268378144 1748
220 64.3 2.32703149300156 4.5186471127879395 349.626953125 0.7509765625 3.1729187011718745 2200
230 63.2 2.4174267732644417 9.77374230043215 349.626953125 0.7509765625 2.981604781068634 2843
240 36.7 1.7613295885132836 1.7747600947204216 349.626953125 0.7509765625 2.8789974426708644 3475
250 0.1 4.175048828125 0.0 349.626953125 0.7509765625 2.7722342718026103 3842
260 0 0 0 349.626953125 0.7509765625 2.7725993029127642 3843
270 0.2 7.7764892578125 6.6304931640625 349.626953125 0.7509765625 2.7725993029127642 3843
280 0.3 3.697998046875 3.2189506233677183 349.626953125 0.7509765625 2.7752021065303976 3845
290 0.6 4.1014404296875 6.368659038209203 349.626953125 0.7509765625 2.7759215420348244 3848
300 0.6 1.27880859375 0.08948056440109173 349.626953125 0.7509765625 2.777985141756131 3854
310 0.7 2.6180245535714284 2.580484840601083 349.626953125 0.7509765625 2.775654815515707 3860
320 1.1 2.103293678977273 2.4494696818465367 349.626953125 0.7509765625 2.7753694749846467 3867
330 0.5 1.31162109375 0.07202580429311305 349.626953125 0.7509765625 2.77346312280412 3878
340 0.2 1.3494873046875 0.0145263671875 349.626953125 0.7509765625 2.7715807611906076 3883
350 0.3 1.250244140625 0.08161846632850349 349.626953125 0.7509765625 2.770848666747105 3885
360 0.1 1.2919921875 0.0 349.626953125 0.7509765625 2.769675360785591 3888
370 0.1 1.27392578125 0.0 349.626953125 0.7509765625 2.7692953959685984 3889
380 0 0 0 349.626953125 0.7509765625 2.7689109821858944 3890
390 0.1 3.673095703125 0.0 349.626953125 0.7509765625 2.7689109821858944 3890
391 0 0 0 349.626953125 0.7509765625 2.769143360680096 3891
