0 0.1 3170.61328125 0 3170.61328125 3170.61328125 0 0
10 0.1 3171.12109375 0.0 3171.12109375 3170.61328125 3170.61328125 1
20 0.1 3170.65625 0.0 3171.12109375 3170.61328125 3170.8671875 2
30 0.1 3167.98828125 0.0 3171.12109375 3167.98828125 3170.796875 3
40 0.1 3166.0859375 0.0 3171.12109375 3166.0859375 3170.0947265625 4
50 0.1 3165.734375 0.0 3171.12109375 3165.734375 3169.29296875 5
60 0.1 3163.56640625 0.0 3171.12109375 3163.56640625 3168.6998697916665 6
70 0.1 3162.8359375 0.0 3171.12109375 3162.8359375 3167.9665178571427 7
80 0.1 3161.89453125 0.0 3171.12109375 3161.89453125 3167.3251953125 8
90 0.1 3161.55859375 0.0 3171.12109375 3161.55859375 3166.7217881944443 9
100 0.1 3160.125 0.0 3171.12109375 3160.125 3166.20546875 10
110 0.1 3155.140625 0.0 3171.12109375 3155.140625 3165.6526988636365 11
120 0.1 3152.2578125 0.0 3171.12109375 3152.2578125 3164.7766927083335 12
130 0.1 3150.12109375 0.0 3171.12109375 3150.12109375 3163.813701923077 13
140 0.1 3146.62890625 0.0 3171.12109375 3146.62890625 3162.8356584821427 14
150 0.1 3136.74609375 0.0 3171.12109375 3136.74609375 3161.7552083333335 15
160 0.1 3127.390625 0.0 3171.12109375 3127.390625 3160.192138671875 16
170 0.1 3113.2265625 0.0 3171.12109375 3113.2265625 3158.262637867647 17
180 0.1 3099.2265625 0.0 3171.12109375 3099.2265625 3155.7606336805557 18
190 0.1 3086.47265625 0.0 3171.12109375 3086.47265625 3152.78515625 19
200 0.1 3074.05859375 0.0 3171.12109375 3074.05859375 3149.46953125 20
210 0.1 3065.3203125 0.0 3171.12109375 3065.3203125 3145.8785342261904 21
220 0.1 3048.2890625 0.0 3171.12109375 3048.2890625 3142.216796875 22
230 0.1 3021.1015625 0.0 3171.12109375 3021.1015625 3138.1329823369565 23
240 0.1 3001.08984375 0.0 3171.12109375 3001.08984375 3133.2566731770835 24
250 0.1 2994.76171875 0.0 3171.12109375 2994.76171875 3127.97 25
260 0.1 2993.2890625 0.0 3171.12109375 2993.2890625 3122.8466045673076 26
270 0.1 2992.20703125 0.0 3171.12109375 2992.20703125 3118.0481770833335 27
280 0.1 2992.28125 0.0 3171.12109375 2992.20703125 3113.5538504464284 28
290 0.1 2992.08984375 0.0 3171.12109375 2992.08984375 3109.372036637931 29
300 0.1 2992.83984375 0.0 3171.12109375 2992.08984375 3105.4626302083334 30
310 0.1 2995.609375 0.0 3171.12109375 2992.08984375 3101.829637096774 31
320 0.1 3030.0078125 0.0 3171.12109375 2992.08984375 3098.51025390625 32
330 0.1 3035.58984375 0.0 3171.12109375 2992.08984375 3096.434422348485 33
340 0.1 3035.91796875 0.0 3171.12109375 2992.08984375 3094.6448759191176 34
350 0.1 3036.34765625 0.0 3171.12109375 2992.08984375 3092.9669642857143 35
360 0.1 3036.421875 0.0 3171.12109375 2992.08984375 3091.3942057291665 36
370 0.1 3036.6875 0.0 3171.12109375 2992.08984375 3089.908467060811 37
380 0.1 3045.80078125 0.0 3171.12109375 2992.08984375 3088.5079152960525 38
390 0.1 3045.8984375 0.0 3171.12109375 2992.08984375 3087.412860576923 39
