0 0.1 0.01171875 0 0.01171875 0.01171875 0 0
10 0.1 0.01171875 0.0 0.01171875 0.01171875 0.01171875 1
20 0.1 0.01171875 0.0 0.01171875 0.01171875 0.01171875 2
30 0.1 0.01171875 0.0 0.01171875 0.01171875 0.01171875 3
40 0.1 0.01171875 0.0 0.01171875 0.01171875 0.01171875 4
50 0.1 0.01171875 0.0 0.01171875 0.01171875 0.01171875 5
60 0.1 0.0 0.0 0.01171875 0.0 0.01171875 6
70 0.1 0.0 0.0 0.01171875 0.0 0.010044642857142858 7
80 0.1 0.0 0.0 0.01171875 0.0 0.0087890625 8
90 0.1 0.0 0.0 0.01171875 0.0 0.0078125 9
100 0.1 0.078125 0.0 0.078125 0.0 0.00703125 10
110 0.1 0.0703125 0.0 0.078125 0.0 0.013494318181818182 11
120 0.1 0.05859375 0.0 0.078125 0.0 0.018229166666666668 12
130 0.1 0.05078125 0.0 0.078125 0.0 0.021334134615384616 13
140 0.1 0.0390625 0.0 0.078125 0.0 0.0234375 14
150 0.1 0.0390625 0.0 0.078125 0.0 0.024479166666666666 15
160 0.1 0.03125 0.0 0.078125 0.0 0.025390625 16
170 0.1 0.03125 0.0 0.078125 0.0 0.025735294117647058 17
180 0.1 0.01953125 0.0 0.078125 0.0 0.026041666666666668 18
190 0.1 0.01953125 0.0 0.078125 0.0 0.025699013157894735 19
200 0.1 0.01953125 0.0 0.078125 0.0 0.025390625 20
210 0.1 0.01171875 0.0 0.078125 0.0 0.025111607142857144 21
220 0.1 0.078125 0.0 0.078125 0.0 0.024502840909090908 22
230 0.1 0.0703125 0.0 0.078125 0.0 0.026834239130434784 23
240 0.1 0.05859375 0.0 0.078125 0.0 0.028645833333333332 24
250 0.1 0.05078125 0.0 0.078125 0.0 0.02984375 25
260 0.1 0.0390625 0.0 0.078125 0.0 0.03064903846153846 26
270 0.1 0.12109375 0.0 0.12109375 0.0 0.030960648148148147 27
280 0.1 0.1015625 0.0 0.12109375 0.0 0.0341796875 28
290 0.1 0.30859375 0.0 0.30859375 0.0 0.03650323275862069 29
300 0.1 0.33984375 0.0 0.33984375 0.0 0.045572916666666664 30
310 0.1 0.2890625 0.0 0.33984375 0.0 0.05506552419354839 31
320 0.1 0.23828125 0.0 0.33984375 0.0 0.0623779296875 32
330 0.1 0.19921875 0.0 0.33984375 0.0 0.06770833333333333 33
340 0.1 0.171875 0.0 0.33984375 0.0 0.07157628676470588 34
350 0.1 0.1484375 0.0 0.33984375 0.0 0.07444196428571428 35
360 0.1 0.12109375 0.0 0.33984375 0.0 0.07649739583333333 36
370 0.1 0.1015625 0.0 0.33984375 0.0 0.0777027027027027 37
380 0.1 0.08984375 0.0 0.33984375 0.0 0.07833059210526316 38
390 0.1 0.078125 0.0 0.33984375 0.0 0.07862580128205128 39
