0 0.5 38.1591796875 45.05597487148823 127.47998046875 10.966064453125 0 0
10 2.2 21.53651012073864 33.805211541245505 172.52587890625 9.35498046875 38.1591796875 5
20 4.8 51.569971720377616 93.44357784895635 442.14306640625 9.35498046875 24.614782262731485 27
30 9.3 25.451773038474453 31.12660123258892 442.14306640625 8.791015625 41.86610351562501 75
40 10.4 55.455568753756026 142.1947419520743 1058.091064453125 8.791015625 32.77959914434524 168
50 14.3 45.79585404829545 62.190762054490826 1058.091064453125 8.791015625 41.449822818531715 272
60 14.3 33.88108473557692 49.82881700150786 1058.091064453125 7.77294921875 42.947370929028615 415
70 21.7 69.90270152289744 106.7775038136652 1058.091064453125 7.77294921875 40.623931994147625 558
80 21.7 35.193405502952174 44.52953966882465 1058.091064453125 7.77294921875 48.82198746219758 775
90 25.1 42.40021262605827 79.49844451533085 1058.091064453125 7.77294921875 45.84073515861265 992
100 29.5 193.94216101694917 431.20945925706263 4252.218017578125 7.77294921875 45.145987648016394 1243
110 37 162.56632311021977 517.8356186823939 6437.74609375 7.77294921875 73.68621596000284 1538
120 44.2 50.56963531356054 68.84680001777565 6437.74609375 7.671875 90.92187615160675 1908
130 51.3 93.10619260553733 156.06297006294358 6437.74609375 7.671875 83.33222064079125 2350
140 62.3 145.10783295608448 219.91993431667734 6437.74609375 7.671875 85.08354708784495 2863
150 76.8 306.4646937052407 297.2892534410584 6437.74609375 7.671875 95.81077889963876 3486
160 79.4 1155.324045022731 755.5735825508914 6437.74609375 7.671875 133.84138693224392 4254
170 85.8 2038.494153145032 1382.8969831885427 6875.880126953125 1.533935546875 294.51041041161136 5048
180 137.6 1520.24411170427 1458.3727533754782 6875.880126953125 1.39404296875 547.8693760847024 5906
190 208.7 1004.0686167345468 1256.7914437286172 6875.880126953125 1.375 731.6084087972162 7282
200 279.3 769.1637875030782 1136.892135696068 6875.880126953125 1.375 792.3005268423874 9369
210 345.4 632.4041857606229 997.5936938594236 6875.880126953125 1.303955078125 786.9871809309674 12162
220 440.7 495.76424087167726 882.0659213679221 6875.880126953125 1.303955078125 752.7959882235923 15616
230 531.8 419.03692542022696 794.720675174078 6875.880126953125 1.303955078125 696.2241003656344 20023
240 611.9 368.1793574174068 733.8371057077076 6875.880126953125 1.303955078125 638.0542808494481 25341
250 558.1 410.42404335020586 676.2488588969607 6875.880126953125 1.303955078125 585.5633508913851 31460
260 407.2 536.099244782873 679.9454352823752 6875.880126953125 1.303955078125 559.1749576140081 37041
270 297.3 722.4387060037734 686.4697742238079 6875.880126953125 1.303955078125 556.8894444515441 41113
280 219 951.8628509382132 662.8662993155318 6875.880126953125 1.303955078125 568.0534864284706 44086
290 156.4 1088.750774100614 440.19650583059985 6875.880126953125 1.303955078125 586.2171675650497 46276
300 137.7 578.2979543958783 329.4283439765151 6875.880126953125 1.303955078125 602.6461508556355 47840
310 65.7 97.58908234339336 126.6213591853657 6875.880126953125 1.303955078125 601.9649336639113 49217
320 38.2 13.757400912140053 9.626138685743639 6875.880126953125 1.303955078125 595.3206914872745 49874
330 13.1 16.156760645276723 17.07750895849286 6875.880126953125 1.303955078125 590.9001809611741 50256
340 2.7 13.81055591724537 11.510577131676904 6875.880126953125 1.303955078125 589.4059187891579 50387
350 6.9 14.443798120471017 7.813414839719904 6875.880126953125 1.303955078125 589.0976497607622 50414
360 2.1 11.072195870535714 3.988376933609779 6875.880126953125 1.303955078125 588.3122147477245 50483
370 1.9 10.16943359375 3.9582856610422317 6875.880126953125 1.303955078125 588.0721933554304 50504
380 0.1 9.805908203125 0.0 6875.880126953125 1.303955078125 587.8548635762115 50523
390 1.7 11.906565946691176 4.239476316453903 6875.880126953125 1.303955078125 587.8434224995871 50524
391 0 0 0 6875.880126953125 1.303955078125 587.6497000453143 50541
