0 13.13515625 13.13515625
10 52.08671875 65.221875
20 125.2375 190.459375
30 282.19609375 472.65546875
40 313.41640625 786.071875
50 430.06953125 1216.14140625
60 428.82890625 1644.9703125
70 708.565625 2353.5359375
80 700.1234375 3053.659375
90 686.59375 3740.253125
100 769.09453125 4509.34765625
110 1028.47109375 5537.81875
120 1315.69609375 6853.51484375
130 1559.33046875 8412.8453125
140 1533.21796875 9946.06328125
150 2009.25078125 11955.3140625
160 1902.7453125 13858.059375
170 1752.7046875 15610.7640625
180 2089.2953125 17700.059375
190 2581.4328125 20281.4921875
200 2809.625 23091.1171875
210 2988.13515625 26079.25234375
220 3552.86015625 29632.1125
230 3822.21640625 33454.32890625
240 4220.55625 37674.88515625
250 3806.325 41481.21015625
260 3055.84375 44537.05390625
270 2607.48359375 47144.5375
280 2269.8734375 49414.4109375
290 1988.76328125 51403.17421875
300 1896.61328125 53299.7875
310 1228.2859375 54528.0734375
320 456.26484375 54984.33828125
330 235.68046875 55220.01875
340 33.203125 55253.221875
350 131.3875 55384.609375
360 24.4171875 55409.0265625
370 17.3078125 55426.334375
380 1.27734375 55427.61171875
390 26.6671875 55454.27890625
391 0 55454.27890625
