20 0.1 39.05517578125 0 39.05517578125 39.05517578125 0 0
30 0.2 101.9295654296875 78.9124755859375 180.842041015625 23.01708984375 39.05517578125 1
40 0 0 0 180.842041015625 23.01708984375 80.971435546875 3
50 0.2 28.048095703125 7.761962890625 180.842041015625 20.2861328125 80.971435546875 3
60 0.7 21.512067522321427 1.2107175907358363 180.842041015625 19.80615234375 59.802099609375 5
70 0.6 49.3585205078125 38.62556243169877 180.842041015625 19.756103515625 37.46624755859375 12
80 0.4 21.63323974609375 1.2310089545248666 180.842041015625 19.756103515625 41.430338541666664 18
90 0.2 26.1165771484375 6.2825927734375 180.842041015625 19.756103515625 37.83086603338068 22
100 0.4 158.2342529296875 80.9980889315872 264.93603515625 19.756103515625 36.85467529296875 24
110 1.2 129.57476806640625 107.13325333484873 327.376953125 19.756103515625 54.194614955357146 28
120 1 59.664453125 69.65427017968288 327.376953125 19.723876953125 76.80866088867188 40
130 0.6 160.26786295572916 146.36183222979204 470.903076171875 19.723876953125 73.3798193359375 50
140 0.8 204.69403076171875 112.37690193442226 470.903076171875 19.723876953125 82.68925258091518 56
150 1.4 225.77702985491072 119.10874766413828 558.227783203125 19.723876953125 97.93984985351563 64
160 1.9 1244.314388877467 406.1219571523099 2091.616943359375 19.723876953125 120.8849847255609 78
170 1.7 1968.9972139246324 1108.8443404314603 3424.743896484375 1.787109375 340.93816698211987 97
180 2.4 1475.8608093261719 1152.3386437042473 3424.743896484375 1.7119140625 583.7189020524945 114
190 2.7 908.7608597366898 1095.957268976853 3424.743896484375 1.7119140625 738.8740163609601 138
200 4.7 611.8147907662898 931.7659530741404 3424.743896484375 1.5830078125 766.673681640625 165
210 6.9 607.13232421875 885.3877275532285 3424.743896484375 1.55712890625 732.3417577203714 212
220 9.2 529.3832556683082 851.7133887758602 3424.743896484375 1.55712890625 701.5963808107207 281
230 10.5 393.39842122395834 723.6932147659461 3424.743896484375 1.447021484375 659.1202212581685 373
240 13.1 288.84254234255724 633.5770866166847 3424.743896484375 1.447021484375 600.7503697862186 478
250 16 411.0197952270507 617.441801506691 3424.743896484375 1.447021484375 533.656896231014 609
260 11.8 429.27365681276484 558.9856944488363 3424.743896484375 1.447021484375 508.1407243706315 769
270 9.8 630.0786232461735 529.6512271364596 3424.743896484375 1.447021484375 497.6488258680066 887
280 5 847.5632373046875 408.1498837569694 3424.743896484375 1.447021484375 510.82458235842324 985
290 3.3 847.2361579663826 146.4873113644951 3424.743896484375 1.447021484375 527.0921502302234 1035
300 2.1 441.6370791480655 208.837615707607 3424.743896484375 1.447021484375 536.9842403569025 1068
310 1.2 33.574625651041664 45.66800951680119 3424.743896484375 1.447021484375 535.1455898652721 1089
320 0.8 8.571380615234375 2.1108223750909154 3424.743896484375 1.447021484375 529.67887635885 1101
330 0.2 8.6680908203125 1.2010498046875 3424.743896484375 1.447021484375 525.9197600685443 1109
340 0.1 8.35595703125 0.0 3424.743896484375 1.447021484375 524.9886139492855 1111
350 0.2 8.939453125 1.29638671875 3424.743896484375 1.447021484375 524.5240162362297 1112
360 0 0 0 3424.743896484375 1.447021484375 523.598370701021 1114
370 0 0 0 3424.743896484375 1.447021484375 523.598370701021 1114
380 0 0 0 3424.743896484375 1.447021484375 523.598370701021 1114
390 0 0 0 3424.743896484375 1.447021484375 523.598370701021 1114
391 0 0 0 3424.743896484375 1.447021484375 523.598370701021 1114
