10 0.1 16.39208984375 0 16.39208984375 16.39208984375 0 0
20 0.1 57.77099609375 0.0 57.77099609375 16.39208984375 16.39208984375 1
30 0.1 19.343994140625 0.0 57.77099609375 16.39208984375 37.08154296875 2
40 0 0 0 57.77099609375 16.39208984375 31.169026692708332 3
50 0.8 25.012725830078125 12.588321272058657 57.77099609375 15.654052734375 31.169026692708332 3
60 0.7 19.001708984375 1.6237099945298563 57.77099609375 15.654052734375 26.691716974431817 11
70 0.7 80.96334402901786 75.65884573410595 248.93310546875 15.209228515625 23.701158311631943 18
80 0.2 23.6854248046875 4.3485107421875 248.93310546875 15.209228515625 39.7345703125 25
90 0.1 19.149169921875 0.0 248.93310546875 15.209228515625 38.5457447193287 27
100 1.1 224.48874733664772 218.98168302055447 803.62890625 15.209228515625 37.85300990513393 28
110 1.1 90.97585227272727 78.4639506489371 803.62890625 15.209228515625 90.49385892427884 39
120 0.8 25.0587158203125 9.427974259268657 803.62890625 14.52783203125 90.59989746093748 50
130 0.7 80.93819754464286 47.082268680982246 803.62890625 14.52783203125 81.55973447602369 58
140 1.4 91.75713239397321 83.01634001075489 803.62890625 14.52783203125 81.4927997295673 65
150 2 265.30931396484374 222.29642905533535 859.944091796875 14.52783203125 83.31179539161391 79
160 1.7 1111.8564309512867 601.9245199498465 2082.214111328125 14.52783203125 120.07897086095328 99
170 1.6 2095.142181396485 1124.9504875023358 3419.077880859375 1.845947265625 265.42566759832977 116
180 3.5 1504.7633858816964 1093.6569196053777 3419.077880859375 1.594970703125 487.2094874526516 132
190 5.4 979.2568449797453 1035.766641217857 3419.077880859375 1.515869140625 700.4692865246071 167
200 5.5 588.3952192826706 872.2058872160359 3419.077880859375 1.51123046875 768.5893234321974 221
210 9 481.50202094184027 810.8845769053496 3419.077880859375 1.51123046875 732.6810780400815 276
220 9.8 448.0837352519134 784.2261058336647 3419.077880859375 1.51123046875 670.9157361306779 366
230 14.6 382.3209278681507 691.6605609118624 3419.077880859375 1.4609375 623.8520807726629 464
240 15.3 240.93673566431772 563.4508159817332 3419.077880859375 1.4609375 566.0429851594519 610
250 15.6 408.1580153245193 604.8144626731661 3419.077880859375 1.458984375 500.8512994808732 763
260 9.5 409.93060495476976 551.7856060617468 3419.077880859375 1.458984375 485.116639711133 919
270 5.5 657.219251598011 512.6776618915366 3419.077880859375 1.458984375 478.07258320042837 1014
280 1.9 928.178955078125 332.17152947586726 3419.077880859375 1.458984375 487.28967091031336 1069
290 1.2 876.3672078450521 141.9195663775237 3419.077880859375 1.458984375 494.98902421839097 1088
300 0.9 389.4787868923611 223.38943637758516 3419.077880859375 1.458984375 499.14951349431817 1100
310 0.4 110.485595703125 110.76714174128405 3419.077880859375 1.458984375 498.2594895633735 1109
320 0.1 8.44091796875 0.0 3419.077880859375 1.458984375 496.8658726941543 1113
330 0 0 0 3419.077880859375 1.458984375 496.42743018542416 1114
340 0 0 0 3419.077880859375 1.458984375 496.42743018542416 1114
350 0 0 0 3419.077880859375 1.458984375 496.42743018542416 1114
360 0 0 0 3419.077880859375 1.458984375 496.42743018542416 1114
370 0 0 0 3419.077880859375 1.458984375 496.42743018542416 1114
380 0 0 0 3419.077880859375 1.458984375 496.42743018542416 1114
390 0 0 0 3419.077880859375 1.458984375 496.42743018542416 1114
391 0 0 0 3419.077880859375 1.458984375 496.42743018542416 1114
