30 0.1 17.93603515625 0 17.93603515625 17.93603515625 0 0
40 0.1 26.301025390625 0.0 26.301025390625 17.93603515625 17.93603515625 1
50 0.2 36.755126953125 16.8359375 53.591064453125 17.93603515625 22.1185302734375 2
60 0.2 38.30859375 21.3564453125 59.6650390625 16.9521484375 29.43682861328125 4
70 0.3 170.05965169270834 214.9029716625442 473.971923828125 16.39208984375 32.394083658854164 6
80 0.5 45.975634765625 36.510128088833255 473.971923828125 16.39208984375 78.28260633680556 9
90 0.4 29.93377685546875 17.371717301022805 473.971923828125 16.39208984375 66.74440220424107 14
100 0.5 97.6609375 61.78469817272058 473.971923828125 16.39208984375 58.56426323784722 18
110 0.2 19.1204833984375 0.4095458984375 473.971923828125 16.39208984375 67.0635402513587 23
120 0.6 39.321248372395836 32.978247666687835 473.971923828125 16.2421875 63.22809570312501 25
130 0.8 76.28964233398438 84.85733920559066 473.971923828125 16.2421875 58.60096396169356 31
140 0.7 107.02155412946429 59.668419457280876 473.971923828125 16.2421875 62.229410807291664 39
150 1.2 290.7703857421875 162.52752381902326 625.7587890625 16.2421875 69.04560653023098 46
160 0.6 1437.8710123697917 693.2095003632984 2161.412109375 16.2421875 114.91969878098061 58
170 1 1899.10419921875 1058.5662873454646 3466.31884765625 2.154052734375 238.94638442993164 64
180 2.3 1962.2872155230978 917.3972255272929 3466.31884765625 1.989990234375 463.2920350770693 74
190 2.1 1193.1092238653273 1037.7642638786108 3466.31884765625 1.944091796875 818.7238819869523 97
200 3.9 501.51444185697113 843.5625578410421 3466.31884765625 1.781005859375 885.3517818127648 118
210 3.8 507.27760716488484 849.269541265423 3466.31884765625 1.77001953125 790.00365277916 157
220 4.4 475.1324573863636 810.9609986022758 3466.31884765625 1.77001953125 734.9083208133013 195
230 6.5 485.8316331129808 795.701537703365 3466.31884765625 1.77001953125 687.0834756635721 239
240 8.8 302.59149724786926 607.3613056262748 3466.31884765625 1.77001953125 644.0526540655839 304
250 11.4 226.27116742050438 489.60002485809986 3466.31884765625 1.77001953125 567.3981086575255 392
260 8.7 407.0046695402299 546.075556978386 3466.31884765625 1.77001953125 490.5434222918725 506
270 6.7 743.3117457147855 496.6111556579587 3466.31884765625 1.77001953125 478.287315227129 593
280 5.1 755.0559656479779 449.5540513114078 3466.31884765625 1.77001953125 505.1913104433002 660
290 3.7 868.0187460409628 146.23642154642368 3466.31884765625 1.77001953125 523.1140916183193 711
300 2.3 409.419677734375 200.45096300171338 3466.31884765625 1.77001953125 540.1748833477817 748
310 1.5 40.370182291666666 48.94378850582992 3466.31884765625 1.77001953125 536.274274101208 771
320 1.8 11.330512152777779 4.352661647324693 3466.31884765625 1.77001953125 526.8104555552244 786
330 0.5 11.253271484375 4.710502704654003 3466.31884765625 1.77001953125 515.2698598074085 804
340 0.1 9.22900390625 0.0 3466.31884765625 1.77001953125 512.1548005470684 809
350 0.3 15.854736328125 3.982306493235468 3466.31884765625 1.77001953125 511.53390450183275 810
360 0.1 9.3330078125 0.0 3466.31884765625 1.77001953125 509.7048300805276 813
370 0.1 11.493896484375 0.0 3466.31884765625 1.77001953125 509.0901226821639 814
380 0 0 0 3466.31884765625 1.77001953125 508.47957516535683 815
390 0.1 12.944091796875 0.0 3466.31884765625 1.77001953125 508.47957516535683 815
391 0 0 0 3466.31884765625 1.77001953125 507.87230128867975 816
