30 0.8 8.105224609375 1.4493629198775861 11.1298828125 7.10107421875 0 0
40 0.8 24.1534423828125 14.388827348316788 59.135009765625 7.10107421875 8.105224609375 8
50 1.6 15.02471923828125 10.06723349184167 59.135009765625 7.10107421875 16.12933349609375 16
60 0.8 8.194122314453125 1.152081155356357 59.135009765625 7.10107421875 15.5770263671875 32
70 3.2 27.06964111328125 24.09829299596891 129.243896484375 7.10107421875 14.100445556640626 40
80 4 14.215655517578124 9.053135257537948 129.243896484375 7.10107421875 19.864532470703125 72
90 3.2 18.278167724609375 12.42347562253406 129.243896484375 7.10107421875 17.847076416015625 112
100 2.4 63.656656901041664 96.16593906467814 353.58984375 7.10107421875 17.942874484592014 144
110 3.2 83.77938079833984 81.16143080020933 353.58984375 7.10107421875 24.473414829799108 168
120 4.8 23.225982666015625 17.50661918023944 353.58984375 7.10107421875 33.96236938476562 200
130 6 31.56854248046875 28.8006556872084 353.58984375 7.10107421875 31.884359052104333 248
140 4 74.59450683593752 64.32990939674262 353.58984375 7.10107421875 31.822836343344157 308
150 8.1 184.40895664544755 168.39172891483284 704.30810546875 7.10107421875 36.73912030801006 348
160 2.6 860.7981896033654 487.4639288210337 1974.823974609375 7.10107421875 64.62083765843532 429
170 1.9 2026.5079538445723 989.480334512879 3208.172119140625 1.64697265625 110.11668634100275 455
180 9.5 802.321751644737 1079.2607007023696 3208.172119140625 1.56689453125 186.93405782321335 474
190 19.1 649.172671333033 954.0339845779255 3208.172119140625 1.56689453125 289.6789276176681 569
200 28.8 485.8426929050025 867.5839259358669 3208.172119140625 1.511962890625 380.0253816303453 760
210 37.3 326.4729370444455 698.6668237453673 3208.172119140625 1.47314453125 409.104948087503 1048
220 35.5 346.0433999504842 715.9498232406268 3208.172119140625 1.47314453125 387.4147720712746 1421
230 44.5 278.7298213658708 630.1505728703294 3208.172119140625 1.47314453125 379.1451565854184 1776
240 62.1 229.4118514744364 560.6478126926598 3208.172119140625 1.47314453125 359.0259201276522 2221
250 91.5 270.6864783448596 524.5518055676254 3208.172119140625 1.47314453125 330.7041971742226 2842
260 66.6 324.1907071866787 529.4090597309973 3208.172119140625 1.47314453125 316.08715891793645 3757
270 48.8 507.5828992499681 538.7463181065632 3208.172119140625 1.47314453125 317.30736311124014 4423
280 38.2 682.2428981920809 509.7830555406436 3208.172119140625 1.47314453125 336.2148079566279 4911
290 36.3 824.6840692525398 183.43072488951927 3208.172119140625 1.47314453125 361.18792914875775 5293
300 42.7 403.1436021434059 183.94941125980145 3208.172119140625 1.47314453125 390.9349409694213 5656
310 20.5 70.7808879573171 79.56437703266062 3208.172119140625 1.47314453125 391.79193559728446 6083
320 14.3 10.506926423186188 10.24861296504038 3208.172119140625 1.47314453125 381.32640366881856 6288
330 4.1 9.303556116615855 3.813983143620632 3208.172119140625 1.47314453125 373.08084539699064 6431
340 0.8 6.6898193359375 0.20634129555499137 3208.172119140625 1.47314453125 370.77632301434306 6472
350 2.4 9.18480428059896 2.049043344660498 3208.172119140625 1.47314453125 370.32683350362896 6480
360 0.8 7.80950927734375 2.2047090779079226 3208.172119140625 1.47314453125 368.9942060895218 6504
370 0.8 6.88482666015625 2.7225987929106163 3208.172119140625 1.47314453125 368.5504902457722 6512
380 0 0 0 3208.172119140625 1.47314453125 368.1067286953604 6520
390 0.8 8.055908203125 0.3738114077219325 3208.172119140625 1.47314453125 368.1067286953604 6520
391 0 0 0 3208.172119140625 1.47314453125 367.6654899447572 6528
