0 0.4 233.7161865234375 320.1361320830716 784.1240234375 7.160888671875 0 0
10 4 19.008026123046875 30.351153424288118 784.1240234375 5.342041015625 233.7161865234375 4
20 6.9 53.310369961503625 127.41780759411003 987.56201171875 5.342041015625 38.52694979580966 44
30 9 78.55419108072921 210.0254393994043 1592.007080078125 5.342041015625 47.55399396778208 113
40 12.1 22.974272420583674 37.109817956355776 1592.007080078125 5.2919921875 61.297923722290655 203
50 17.2 26.603951387627184 29.334118750352165 1592.007080078125 5.2919921875 46.98569592134453 324
60 14.9 31.344466036598153 58.86709410950627 1592.007080078125 5.287109375 39.91783289755545 496
70 16.9 70.46521357248521 184.73126770761203 2027.50390625 5.22412109375 37.93731869246609 645
80 18.2 103.83713271591692 256.8222746866253 2233.550048828125 5.22412109375 44.690653133158015 814
90 16 31.419314575195312 45.484166755751474 2233.550048828125 5.22412109375 55.49854398060994 996
100 28.2 50.08334805103058 78.47418879162844 2233.550048828125 5.22412109375 52.165778664981616 1156
110 30.4 95.6167136744449 172.10846650144993 2233.550048828125 5.22412109375 51.757402146807635 1438
120 34.2 240.45053939373167 278.8808538743642 2233.550048828125 5.22412109375 59.411380737164535 1742
130 35.1 1107.8624069344273 626.8853213794189 3982.931884765625 5.22412109375 89.12126186026721 2084
140 48.3 1745.32715551404 1201.5418465467105 5602.310791015625 0.612060546875 235.97060145822618 2435
150 66.3 1585.2403503694145 1621.146400306542 6533.116943359375 0.591064453125 485.805836416745 2918
160 101.8 1078.7645071812842 1338.202341842785 6533.116943359375 0.55419921875 689.3593362074795 3581
170 138.4 770.5628406326199 1186.733985853443 6533.116943359375 0.55419921875 775.5551318263821 4599
180 159.7 679.230663206402 1031.7681939251636 6533.116943359375 0.55419921875 774.4003046473471 5983
190 206.5 537.2054292618805 929.821620125779 6533.116943359375 0.5068359375 754.3493920640767 7580
200 192.8 824.4736786521809 1242.4016419829916 8220.910888671875 0.501953125 707.8587458031607 9645
210 206.4 1268.202910667242 2106.8969108767924 12613.905029296875 0.501953125 727.2861708902522 11573
220 197.7 1697.6889589162074 3322.2268760939673 20895.802001953125 0.501953125 809.1555080538297 13637
230 260.8 1640.5721037695023 4652.955691856033 32515.218017578125 0.501953125 921.6590710328819 15614
240 178.8 1080.6430974017333 3829.2609610499094 32650.5419921875 0.501953125 1024.5525618339525 18222
250 137.7 780.4112413194431 861.9512862435613 32650.5419921875 0.501953125 1029.5645497197693 20010
260 96.4 1214.6253054290396 2959.5677630888185 64381.841064453125 0.501953125 1013.5228371996752 21387
270 81.2 1140.0441392419384 449.7400354029592 64381.841064453125 0.501953125 1022.1963989809426 22351
280 75.7 943.306181692227 350.46446690905833 64381.841064453125 0.501953125 1026.3276585367828 23163
290 55.5 326.01660024282126 264.5283624629359 64381.841064453125 0.501953125 1023.7002648088844 23920
300 20 17.29635498046875 20.784564768038727 64381.841064453125 0.501953125 1007.8794503519216 24475
310 8.5 18.953127872242653 27.71559196995128 64381.841064453125 0.501953125 999.8504080388805 24675
320 2.4 9.041859944661459 4.224833112315501 64381.841064453125 0.501953125 996.4830304615717 24760
330 1.9 9.338815789473685 5.30119166350793 64381.841064453125 0.501953125 995.5268253254998 24784
340 0.3 6.918375651041667 0.12520016432532333 64381.841064453125 0.501953125 994.7713694459213 24803
342 0 0 0 64381.841064453125 0.501953125 994.651900003795 24806
