10 0.1 48 0 48 48 0 0
20 0.1 234.0 0.0 234 48 48.0 1
30 0.1 451.0 0.0 451 48 141.0 2
40 0.1 553.0 0.0 553 48 244.33333333333334 3
50 0.1 599.0 0.0 599 48 321.5 4
60 0.1 953.0 0.0 953 48 377.0 5
70 0.1 759.0 0.0 953 48 473.0 6
80 0.1 910.0 0.0 953 48 513.8571428571429 7
90 0.1 1169.0 0.0 1169 48 563.375 8
100 0.1 996.0 0.0 1169 48 630.6666666666666 9
110 0.1 1771.0 0.0 1771 48 667.2 10
120 0.1 1971.0 0.0 1971 48 767.5454545454545 11
130 0.1 2263.0 0.0 2263 48 867.8333333333334 12
140 0.1 2432.0 0.0 2432 48 975.1538461538462 13
150 0.1 2666.0 0.0 2666 48 1079.2142857142858 14
160 0.1 3113.0 0.0 3113 48 1185.0 15
170 0.1 4493.0 0.0 4493 48 1305.5 16
180 0.1 4980.0 0.0 4980 48 1493.0 17
190 0.1 5727.0 0.0 5727 48 1686.7222222222222 18
200 0.1 6497.0 0.0 6497 48 1899.3684210526317 19
210 0.1 6179.0 0.0 6497 48 2129.25 20
220 0.1 6507.0 0.0 6507 48 2322.095238095238 21
230 0.1 6905.0 0.0 6905 48 2512.318181818182 22
240 0.1 9263.0 0.0 9263 48 2703.304347826087 23
250 0.1 5486.0 0.0 9263 48 2976.625 24
260 0.1 5290.0 0.0 9263 48 3077.0 25
270 0.1 4218.0 0.0 9263 48 3162.1153846153848 26
280 0.1 4461.0 0.0 9263 48 3201.222222222222 27
290 0.1 4454.0 0.0 9263 48 3246.214285714286 28
300 0.1 1758.0 0.0 9263 48 3287.862068965517 29
310 0.1 909.0 0.0 9263 48 3236.866666666667 30
320 0.1 160.0 0.0 9263 48 3161.7741935483873 31
330 0.1 227.0 0.0 9263 48 3067.96875 32
340 0.1 88.0 0.0 9263 48 2981.878787878788 33
