0 17.50390625 17.50390625
10 95.328125 112.83203125
20 156.9828125 269.81484375
30 226.53671875 496.3515625
40 252.58984375 748.94140625
50 476.8234375 1225.76484375
60 296.971875 1522.73671875
70 389.50078125 1912.2375
80 452.6046875 2364.8421875
90 356.28359375 2721.12578125
100 757.6359375 3478.76171875
110 754.87890625 4233.640625
120 811.0484375 5044.6890625
130 820.14609375 5864.83515625
140 898.11328125 6762.9484375
150 924.4625 7687.4109375
160 1122.4640625 8809.875
170 1296.8671875 10106.7421875
180 1449.95078125 11556.69296875
190 1576.01875 13132.71171875
200 1483.01796875 14615.7296875
210 1452.38828125 16068.11796875
220 1441.83359375 17509.9515625
230 1675.55 19185.5015625
240 1396.50078125 20582.00234375
250 1166.1234375 21748.12578125
260 975.51640625 22723.6421875
270 938.7765625 23662.41875
280 992.4671875 24654.8859375
290 837.75703125 25492.64296875
300 326.48203125 25819.125
310 173.91015625 25993.03515625
320 19.296875 26012.33203125
330 15.64609375 26027.978125
340 3.590625 26031.56875
342 0 26031.56875
