0 1.0203125 1.0203125
10 15.9328125 16.953125
20 33.17265625 50.12578125
30 64.22578125 114.3515625
40 68.4265625 182.778125
50 128.04921875 310.82734375
60 95.67734375 406.5046875
70 120.63671875 527.14140625
80 125.6640625 652.80546875
90 94.8875 747.69296875
100 166.0328125 913.72578125
110 193.171875 1106.89765625
120 231.66328125 1338.5609375
130 220.32890625 1558.88984375
140 290.17109375 1849.0609375
150 382.30390625 2231.36484375
160 550.5171875 2781.88203125
170 807.0421875 3588.92421875
180 855.26640625 4444.190625
190 983.215625 5427.40625
200 876.6734375 6304.0796875
210 969.4984375 7273.578125
220 975.7125 8249.290625
230 1599.22734375 9848.51796875
240 1068.0953125 10916.61328125
250 874.36484375 11790.978125
260 630.33984375 12421.31796875
270 584.86015625 13006.178125
280 604.7234375 13610.9015625
290 455.12890625 14066.03046875
300 177.13125 14243.16171875
310 73.3125 14316.47421875
320 22.01875 14338.49296875
330 15.77734375 14354.2703125
340 1.953125 14356.2234375
342 0 14356.2234375
