0 0.2 407.949462890625 376.2724609375 784.221923828125 31.677001953125 0 0
10 0.7 30.8310546875 7.2627531420222 784.221923828125 25.571044921875 407.949462890625 2
20 1.1 135.3799715909091 270.4238652252242 987.63916015625 25.571044921875 114.63514539930556 9
30 0.1 30.31201171875 0.0 987.63916015625 25.571044921875 126.0447998046875 20
40 1.1 46.16357421875 18.538430809100003 987.63916015625 25.571044921875 121.48609561011905 21
50 1.1 44.93132990056818 16.98137699337504 987.63916015625 25.571044921875 95.59397888183594 32
60 0.5 60.173681640625 12.540534886317538 987.63916015625 25.571044921875 82.63376635174419 43
70 0.5 59.3736328125 34.75400991891922 987.63916015625 25.571044921875 80.29417419433594 48
80 0.9 111.52530924479166 123.46132952549506 987.63916015625 25.571044921875 78.32053821491745 53
90 0.7 45.34326171875 12.750367306245693 987.63916015625 25.571044921875 83.14058562247983 62
100 2.8 83.2194301060268 61.99793881512557 987.63916015625 25.571044921875 79.3060745018116 69
110 1.8 122.46884494357639 73.30919533213778 987.63916015625 25.571044921875 80.4357029236469 97
120 1.6 278.2812194824219 148.11065992146177 987.63916015625 25.571044921875 87.01480341372283 115
130 3.4 1051.957182042739 443.59982785812497 1741.8359375 25.571044921875 110.37558705570133 131
140 3.5 1609.8025460379465 974.9336630952572 3345.465087890625 0.672119140625 304.3984611742424 165
150 4.4 1345.991693670099 1292.6878804480887 3345.465087890625 0.653076171875 532.8441760253907 200
160 5.8 818.3155222925647 1073.310514423679 3345.465087890625 0.653076171875 679.4773349449283 244
170 7.7 910.5259898792614 1073.0684747060916 3345.465087890625 0.633056640625 706.1416225812293 302
180 9.3 593.5512406544019 898.114398407901 3345.465087890625 0.633056640625 747.6656233251566 379
190 15 441.01796061197916 805.9659150320801 3345.465087890625 0.614013671875 717.2998657226563 472
200 9.4 619.644731237533 832.2019143711087 3345.465087890625 0.614013671875 650.6723966445187 622
210 7.4 908.8958146378802 1504.7589050212885 7528.357177734375 0.614013671875 646.5989321916463 716
220 8 2522.8533020019536 4147.1498381550855 19754.8310546875 0.614013671875 671.1685135853442 790
230 2.8 3206.5618460518967 6610.713118339048 31538.800048828125 0.614013671875 841.4383791868714 870
240 1.9 4009.0661749588817 9306.434005971048 31538.800048828125 0.614013671875 915.1838770401239 898
250 0.2 1781.7730712890625 245.8519287109375 31538.800048828125 0.614013671875 979.2883085128135 917
260 0.1 64381.90087890625 0.0 64381.90087890625 0.614013671875 981.0347388997042 919
270 0 0 0 64381.90087890625 0.614013671875 1049.9487238344939 920
280 0 0 0 64381.90087890625 0.614013671875 1049.9487238344939 920
290 0 0 0 64381.90087890625 0.614013671875 1049.9487238344939 920
300 0 0 0 64381.90087890625 0.614013671875 1049.9487238344939 920
310 0 0 0 64381.90087890625 0.614013671875 1049.9487238344939 920
320 0 0 0 64381.90087890625 0.614013671875 1049.9487238344939 920
330 0 0 0 64381.90087890625 0.614013671875 1049.9487238344939 920
340 0 0 0 64381.90087890625 0.614013671875 1049.9487238344939 920
342 0 0 0 64381.90087890625 0.614013671875 1049.9487238344939 920
