10 0.1 42.496826171875 0 42.496826171875 42.496826171875 0 0
20 0.1 17.779052734375 0.0 42.496826171875 17.779052734375 42.496826171875 1
30 0.1 8.33203125 0.0 42.496826171875 8.33203125 30.137939453125 2
40 0.2 21.300048828125 11.717041015625 42.496826171875 8.33203125 22.869303385416668 3
50 0.1 7.755126953125 0.0 42.496826171875 7.755126953125 22.2416015625 5
60 0.2 75.8717041015625 65.2254638671875 141.09716796875 7.755126953125 19.827189127604168 6
70 0.3 7.658365885416667 0.28532511502757013 141.09716796875 7.256103515625 33.83831787109375 8
80 0.3 167.4990234375 187.54754637291052 431.234130859375 7.256103515625 26.69833096590909 11
90 0.4 35.24652099609375 29.831449219209595 431.234130859375 7.256103515625 56.869907924107146 14
100 0.3 12.942057291666666 7.220615779793373 431.234130859375 7.256103515625 52.06471082899306 18
110 0.7 25.707868303571427 25.36268254314149 431.234130859375 7.256103515625 46.475760323660715 21
120 0.7 164.31961495535714 119.1596768564084 431.234130859375 7.256103515625 41.283787318638396 28
130 0.8 887.2934875488281 492.64105331938384 1759.23291015625 7.256103515625 65.89095284598214 35
140 1.2 1282.072021484375 1144.6390894669119 2875.494140625 0.73193359375 218.71002906976744 43
150 1.6 1356.0995330810547 1199.849720240753 2875.494140625 0.73193359375 450.71628196022726 55
160 2.4 621.0540364583334 970.8061019482826 2875.494140625 0.65087890625 654.7463103818221 71
170 4 436.51624755859376 801.8008224860678 2875.494140625 0.65087890625 646.2345780222039 95
180 4.9 604.8459024234694 824.6627017603953 2875.494140625 0.65087890625 584.0958134403935 135
190 5.6 467.52737862723217 766.7478777228075 2875.494140625 0.64697265625 589.6216523543648 184
200 5 301.6314843749999 589.5608141418907 2875.494140625 0.64599609375 561.1329884847005 240
210 7.2 634.6503295898439 1445.4787816862759 11222.2109375 0.626953125 516.391349845097 290
220 6.1 519.8507340227973 731.8462602050199 11222.2109375 0.626953125 539.912472888251 362
230 5.7 435.53613709566883 686.8662728540809 11222.2109375 0.626953125 537.0194088911052 423
240 3.4 634.3451214958641 632.9516528498553 11222.2109375 0.626953125 524.9682703653972 480
250 2.4 838.7029825846354 671.8282009734062 11222.2109375 0.626953125 532.2033149927043 514
260 1.6 828.6067047119141 496.09404894658695 11222.2109375 0.626953125 545.8761626176232 538
270 1.1 971.7214799360795 173.2085721245887 11222.2109375 0.626953125 554.041665638397 554
280 0.4 638.2915649414063 67.72101121655307 11222.2109375 0.626953125 562.1734850318032 565
290 0.4 268.55181884765625 118.97824253995138 11222.2109375 0.626953125 562.7085857693048 569
300 0.2 13.4730224609375 5.0689697265625 11222.2109375 0.626953125 560.655135389398 573
310 0.1 8.30810546875 0.0 11222.2109375 0.626953125 558.751893257473 575
320 0 0 0 11222.2109375 0.626953125 557.7962616814508 576
330 0 0 0 11222.2109375 0.626953125 557.7962616814508 576
340 0 0 0 11222.2109375 0.626953125 557.7962616814508 576
342 0 0 0 11222.2109375 0.626953125 557.7962616814508 576
