30 0.3 69.643310546875 69.4509383093013 167.458984375 13.0400390625 0 0
40 0 0 0 167.458984375 13.0400390625 69.643310546875 3
50 0.2 12.6190185546875 0.0880126953125 167.458984375 12.531005859375 69.643310546875 3
60 0.1 45.219970703125 0.0 167.458984375 12.531005859375 46.83359375 5
70 0.2 182.3170166015625 109.3570556640625 291.674072265625 12.531005859375 46.564656575520836 6
80 0.5 47.63564453125 39.786690536256216 291.674072265625 12.531005859375 80.50274658203125 8
90 0.2 69.787109375 45.1259765625 291.674072265625 12.531005859375 67.86155348557692 13
100 0.5 129.948974609375 129.66289414359065 382.656005859375 12.531005859375 68.11829427083333 15
110 0.6 59.448893229166664 45.57363480051164 382.656005859375 12.531005859375 83.57596435546876 20
120 0.4 303.57379150390625 174.54419465973024 498.06005859375 12.531005859375 78.0081787109375 26
130 0.6 939.9678955078125 528.184953327228 1797.3671875 12.531005859375 108.08359375 30
140 0.6 1340.0867919921875 1054.9614684900448 2996.56201171875 0.71484375 246.7309773763021 36
150 1.2 1705.7946370442708 1220.7102798892279 2996.56201171875 0.71484375 402.92466517857144 42
160 1.4 1294.1062534877233 1115.4854943005444 2996.56201171875 0.708984375 692.4513255931713 54
170 3.1 627.3978074596774 900.8189015547794 2996.56201171875 0.6669921875 816.3214578067555 68
180 4.5 425.7817654079862 739.1123573459165 2996.56201171875 0.619873046875 757.1635470920139 99
190 4 404.43206787109375 734.7292654985484 2996.56201171875 0.619873046875 653.6067403157552 144
200 5.3 492.026611328125 795.7849030332505 3216.364990234375 0.619873046875 599.4383332625679 184
210 4.9 406.60281808035705 676.5689615960074 3216.364990234375 0.619873046875 575.4179903827136 237
220 6.5 787.046416766827 934.7287042268706 5026.241943359375 0.619873046875 546.4951112120301 286
230 6.6 770.7159645774148 1605.0384508444122 11706.177001953125 0.619873046875 591.0416492777333 351
240 4.5 403.403662109375 597.4244832839953 11706.177001953125 0.619873046875 619.4793106920714 417
250 3.9 925.3341283553685 668.127060219746 11706.177001953125 0.619873046875 598.4329812846659 462
260 3.1 859.1011372227823 431.21833884297826 11706.177001953125 0.619873046875 623.8803759668164 501
270 1.2 917.0364379882813 132.36211867786557 11706.177001953125 0.619873046875 637.5868488971452 532
280 1.7 750.4227366727941 153.6938244105583 11706.177001953125 0.619873046875 643.7511780682732 544
290 0.7 137.85313197544642 131.9552977419678 11706.177001953125 0.619873046875 646.9836495411374 561
300 0.4 6.06201171875 4.070505975968398 11706.177001953125 0.619873046875 640.7091537260673 568
310 0.4 18.09552001953125 17.954610665484523 11706.177001953125 0.619873046875 636.2710618239182 572
320 0 0 0 11706.177001953125 0.619873046875 631.9781761169432 576
330 0 0 0 11706.177001953125 0.619873046875 631.9781761169432 576
340 0 0 0 11706.177001953125 0.619873046875 631.9781761169432 576
342 0 0 0 11706.177001953125 0.619873046875 631.9781761169432 576
