40 0.5 12.167041015625 5.799983943308605 21.88916015625 6.301025390625 0 0
50 0.5 12.678271484375 5.236306156850832 21.88916015625 6.22509765625 12.167041015625 5
60 0.5 17.89736328125 17.0200778081765 50.8779296875 6.22509765625 12.42265625 10
70 0.6 34.864013671875 30.49497924712247 78.9130859375 6.184814453125 14.24755859375 15
80 1 51.614501953125 62.073571525081626 203.9599609375 6.184814453125 20.137974330357142 21
90 0.8 14.839019775390625 12.141379640351058 203.9599609375 6.184814453125 30.291692918346776 31
100 0.7 15.469029017857142 11.358189659039692 203.9599609375 6.184814453125 27.121913812099358 39
110 0.7 66.38030133928571 118.3821151766169 354.4970703125 6.184814453125 25.348648734714676 46
120 0.4 134.23944091796875 90.49471003251773 354.4970703125 6.184814453125 30.76792360701651 53
130 1.1 1018.6270197088069 498.31396501160015 1739.7939453125 6.184814453125 38.02908271655702 57
140 1 1918.4828125 821.4838699301843 2904.83203125 0.720947265625 196.65521958295037 68
150 1 1711.856591796875 1130.1313365403328 2904.83203125 0.705810546875 417.402346880008 78
160 1.8 1207.5767550998264 1078.5224410515598 2904.83203125 0.68701171875 564.4994201660156 88
170 2.7 739.2983579282408 954.0743432098601 2904.83203125 0.6689453125 673.7012317585495 106
180 4 494.51063232421865 799.1028785713561 2904.83203125 0.6689453125 687.0179415824718 133
190 4.2 327.45497349330356 699.0096447217045 2904.83203125 0.6689453125 642.5075810603323 173
200 5.5 545.5169211647727 741.4335850967408 2904.83203125 0.6689453125 580.9624205123546 215
210 6.2 490.61427750126006 923.1415222848353 5143.37890625 0.60595703125 573.742041015625 270
220 7.4 494.45480099239865 1193.9776632126452 7967.2919921875 0.60595703125 558.2181815641472 332
230 9.1 743.1371292281937 2057.6495218728232 18770.072998046875 0.60595703125 546.5962846126463 406
240 9.7 510.0667460333441 621.9517455462372 18770.072998046875 0.60595703125 582.582636443662 497
250 9.4 833.4734873670211 656.7052194204127 18770.072998046875 0.60595703125 570.7408159557817 594
260 7.9 840.7081994165349 485.1830377943431 18770.072998046875 0.60595703125 606.6374309451081 688
270 5.8 911.3102143386315 136.85237938782566 18770.072998046875 0.60595703125 630.7464149206527 767
280 5 730.474619140625 87.88060754319056 18770.072998046875 0.60595703125 650.4709002130681 825
290 3 264.70393066406245 192.15527605036633 18770.072998046875 0.60595703125 655.0425412946429 875
300 0.9 21.205810546875 16.027714211530522 18770.072998046875 0.60595703125 642.1031398372755 905
310 0.4 6.4407958984375 0.3024517832310117 18770.072998046875 0.60595703125 635.9892711681141 914
320 0.1 16.14794921875 0.0 18770.072998046875 0.60595703125 633.2461405569172 918
330 0 0 0 18770.072998046875 0.60595703125 632.5746517741771 919
340 0.1 7.16796875 0.0 18770.072998046875 0.60595703125 632.5746517741771 919
342 0 0 0 18770.072998046875 0.60595703125 631.8948619013247 920
