10 0.2 8.782958984375 3.360107421875 12.14306640625 5.4228515625 0 0
20 0.6 39.57568359375 70.09058075947004 196.0439453125 5.4228515625 8.782958984375 2
30 0.8 30.057861328125004 33.793066697314394 196.0439453125 5.4228515625 31.87750244140625 8
40 0.5 12.63134765625 12.423422813670724 196.0439453125 5.4228515625 30.967681884765625 16
50 0.8 12.120513916015625 8.698473715546173 196.0439453125 5.4228515625 26.601888020833332 21
60 1.1 12.339155717329545 11.958402753360192 196.0439453125 5.399169921875 22.607026198814655 29
70 0.6 11.013264973958334 7.3844467341305196 196.0439453125 5.263916015625 19.78336181640625 40
80 0.5 48.03623046875 52.39238314856435 196.0439453125 5.263916015625 18.639436141304348 46
90 0.7 21.478690011160715 13.512170882112107 196.0439453125 5.263916015625 21.521474800857842 51
100 0.9 21.781494140625 26.40549207548948 196.0439453125 5.263916015625 21.51631111934267 58
110 1.8 83.82124837239583 87.38099603817464 267.441162109375 5.263916015625 21.551932719216417 67
120 1.5 147.85537109375 168.65538249630694 559.879150390625 5.263916015625 34.73837603400735 85
130 1.6 834.8136596679688 445.0704379717218 1383.823974609375 5.263916015625 51.70592529296875 100
140 2 1942.2006958007812 870.3130901671911 3025.356201171875 0.84912109375 159.72078520676186 116
150 3.7 1364.254321948902 1204.8773573866893 3025.356201171875 0.68212890625 421.8501838235294 136
160 5.3 827.912026459316 1017.0893735945317 3025.356201171875 0.677978515625 623.4048260815571 173
170 5 756.95892578125 957.4497248905966 3025.356201171875 0.656982421875 671.3644792674917 226
180 6.8 629.284086339614 844.5587990924545 3025.356201171875 0.656982421875 686.8707195779551 276
190 8.4 416.912603469122 742.0541106133933 3025.356201171875 0.636962890625 675.4873153331667 344
200 10.5 517.3880580357145 869.1741209181445 5272.39990234375 0.636962890625 624.7390073972327 428
210 11.1 513.838792405687 721.6549793134992 5272.39990234375 0.632080078125 603.5910717819243 533
220 8.5 506.75469611672776 735.1103139013949 5272.39990234375 0.632080078125 588.1213466099331 644
230 8.9 708.2153238017908 2153.6338038034855 18374.818115234375 0.632080078125 578.6341514221109 729
240 4.7 553.6574966755319 643.1408518506533 18374.818115234375 0.632080078125 592.732836436526 818
250 3 800.8206380208334 619.905053055616 18374.818115234375 0.632080078125 590.6096676865067 865
260 1.5 5042.646337890625 15825.415266055137 64226.012939453125 0.632080078125 597.6558454630763 895
270 0.7 860.4441964285714 81.12965126838299 64226.012939453125 0.632080078125 670.9249195140798 910
280 0.1 769.200927734375 0.0 64226.012939453125 0.632080078125 672.371631551595 917
290 0.2 370.9720458984375 26.8741455078125 64226.012939453125 0.632080078125 672.4771100877418 918
300 0 0 0 64226.012939453125 0.632080078125 671.8216642960259 920
310 0 0 0 64226.012939453125 0.632080078125 671.8216642960259 920
320 0 0 0 64226.012939453125 0.632080078125 671.8216642960259 920
330 0 0 0 64226.012939453125 0.632080078125 671.8216642960259 920
340 0 0 0 64226.012939453125 0.632080078125 671.8216642960259 920
342 0 0 0 64226.012939453125 0.632080078125 671.8216642960259 920
