30 0.2 12.4381103515625 0.6610107421875 13.09912109375 11.777099609375 0 0
40 0 0 0 13.09912109375 11.777099609375 12.4381103515625 2
50 0.4 19.4598388671875 5.7502096762470805 27.81005859375 11.777099609375 12.4381103515625 2
60 0.1 81.507080078125 0.0 81.507080078125 11.777099609375 17.1192626953125 6
70 0.3 83.745361328125 80.11007142984153 196.83203125 11.777099609375 26.317522321428573 7
80 0.2 15.738037109375 3.740966796875 196.83203125 11.777099609375 43.5458740234375 10
90 0.1 24.15185546875 0.0 196.83203125 11.777099609375 38.911234537760414 12
100 0.3 63.102783203125 42.82707266550955 196.83203125 11.1220703125 37.77589768629808 13
110 0.3 37.129964192708336 10.144602197604566 196.83203125 11.1220703125 42.524688720703125 16
120 0.5 285.904150390625 149.1508654639806 459.60693359375 11.1220703125 41.67289011101974 19
130 0.6 1104.6456705729167 414.1667744631838 1792.5380859375 11.1220703125 92.55440266927083 24
140 0.9 1721.4187825520833 789.1453017051881 3069.718994140625 4.4208984375 294.97265625 30
150 0.5 1419.161962890625 1153.3463122720727 3069.718994140625 4.4208984375 624.1525315504807 39
160 1.2 1387.7030029296875 1001.1331994430976 3069.718994140625 0.9169921875 714.494512384588 44
170 2.2 919.3579656427556 1006.6172732379239 3069.718994140625 0.89013671875 858.7534746442523 56
180 1.7 613.0862965303309 827.7959415440321 3069.718994140625 0.881103515625 875.8470490284456 78
190 2.4 519.0286051432291 796.4183225597535 3069.718994140625 0.881103515625 828.8267038445724 95
200 2.7 294.8234411168982 587.4265929829417 3069.718994140625 0.867919921875 766.3464150308561 119
210 4 536.66728515625 729.1934513930369 3069.718994140625 0.867919921875 679.1469609508775 146
220 3.5 813.3025809151786 1362.6989370101066 6037.02587890625 0.84814453125 648.5061704574093 186
230 3.7 698.2522170608108 1191.3507440196606 6037.02587890625 0.839111328125 674.6051494891827 221
240 3.4 383.2444637522978 589.9783574338178 6037.02587890625 0.839111328125 677.996395613796 258
250 3.3 777.2548976089015 679.1946288030686 6037.02587890625 0.839111328125 643.6759651915668 292
260 2.4 836.5317993164063 489.5086370277263 6037.02587890625 0.839111328125 657.2393644831731 325
270 2.4 909.2913106282552 123.95973405143408 6037.02587890625 0.839111328125 669.5689302023638 349
280 1.4 760.4643903459821 70.399789680375 6037.02587890625 0.839111328125 684.9934265300351 373
290 1.2 250.01049804687497 163.07122749048517 6037.02587890625 0.839111328125 687.7236422753149 387
300 0.8 18.752716064453125 19.74236858838787 6037.02587890625 0.839111328125 674.5593371857378 399
310 0.3 19.744954427083332 20.32339767911365 6037.02587890625 0.839111328125 661.66878935043 407
320 0.1 7.62890625 0.0 6037.02587890625 0.839111328125 656.9717856802591 410
330 0.1 5.240966796875 0.0 6037.02587890625 0.839111328125 655.3918759979471 411
340 0 0 0 6037.02587890625 0.839111328125 653.8138398105658 412
342 0 0 0 6037.02587890625 0.839111328125 653.8138398105658 412
