30 1 11.82119140625 7.305718037905998 29.154052734375 4.423095703125 0 0
40 0.6 6.372314453125 3.712890774832048 29.154052734375 4.423095703125 11.82119140625 10
50 3 11.075944010416666 6.281904263665077 29.154052734375 4.406982421875 9.777862548828125 16
60 1 20.60439453125 14.763749359407962 46.82421875 4.406982421875 10.624437415081522 46
70 2.4 40.15332031249999 99.29383691536518 497.090087890625 4.33984375 12.406572614397321 56
80 1.6 25.868682861328125 27.430641718606847 497.090087890625 4.33984375 20.730596923828124 80
90 0.8 14.476470947265625 11.628019160620628 497.090087890625 4.33984375 21.586944580078125 96
100 2.4 26.9149169921875 42.65379702684512 497.090087890625 4.33984375 21.03998506986178 104
110 2.4 27.379923502604168 50.891681417863154 497.090087890625 4.33984375 22.14153480529785 128
120 3.4 101.01997644761029 79.63168611869665 497.090087890625 4.33984375 22.96864881013569 152
130 1 860.259033203125 429.82820806211635 1493.699951171875 4.33984375 37.23609579763105 186
140 2.2 1396.417469371449 1040.8479414491583 3024.943115234375 0.737060546875 79.2270619917889 196
150 4.6 1038.6633778447692 1189.390454789997 3024.943115234375 0.682861328125 212.15453429615826 218
160 7.5 615.2348990885419 929.5654253282033 3024.943115234375 0.657958984375 356.16743885387075 264
170 16.2 448.6826789761767 822.1849020663032 3024.943115234375 0.657958984375 413.48324864030235 339
180 16.4 516.5994694407398 802.0368205618415 3024.943115234375 0.657958984375 424.8651003656749 501
190 17 334.97205164292285 694.3735883772622 3024.943115234375 0.657958984375 447.4883131902022 665
200 11.3 517.7259683524613 731.7745814332634 3024.943115234375 0.657958984375 424.5808108392591 835
210 15 589.1660498046871 1131.0944492506358 7496.630859375 0.657958984375 435.68355640781584 948
220 18.4 460.23720915421194 1042.02197916587 7496.630859375 0.64501953125 456.6511101505578 1098
230 51.5 269.56861441899247 643.5502297790481 7496.630859375 0.64501953125 457.16580766746296 1282
240 29.3 392.24900260638856 593.7681057149834 7496.630859375 0.64501953125 403.40256085446225 1797
250 23.6 386.2953832594015 598.0899592565215 7496.630859375 0.64501953125 401.8389280474357 2090
260 15.9 824.2066688777514 482.72043577283057 7496.630859375 0.64501953125 400.26185299585524 2326
270 19 857.3717991879112 146.15437216012592 7496.630859375 0.64501953125 427.3874971508739 2485
280 22.9 681.6893315877456 97.3942172265216 7496.630859375 0.64501953125 457.9284382301401 2675
290 19.1 214.32285999877286 146.94914881261818 7496.630859375 0.64501953125 475.57349490331217 2904
300 6.4 8.825519561767575 6.74092787790542 7496.630859375 0.64501953125 459.45108092374284 3095
310 2.4 8.122385660807291 5.40910779774914 7496.630859375 0.64501953125 450.3215981990938 3159
320 0.8 8.5987548828125 3.6523206087899074 7496.630859375 0.64501953125 446.9873911300021 3183
330 0.8 8.22149658203125 4.326442966191037 7496.630859375 0.64501953125 445.8883284255278 3191
340 0 0 0 7496.630859375 0.64501953125 444.793819311821 3199
342 0 0 0 7496.630859375 0.64501953125 444.793819311821 3199
