10 0.1 98 0 98 98 0 0
20 0.1 311.0 0.0 311 98 98.0 1
30 0.1 480.0 0.0 480 98 204.5 2
40 0.1 703.0 0.0 703 98 296.3333333333333 3
50 0.1 715.0 0.0 715 98 398.0 4
60 0.1 801.0 0.0 801 98 461.4 5
70 0.1 871.0 0.0 871 98 518.0 6
80 0.1 1134.0 0.0 1134 98 568.4285714285714 7
90 0.1 957.0 0.0 1134 98 639.125 8
100 0.1 1513.0 0.0 1513 98 674.4444444444445 9
110 0.1 1854.0 0.0 1854 98 758.3 10
120 0.1 1871.0 0.0 1871 98 857.9090909090909 11
130 0.1 2145.0 0.0 2145 98 942.3333333333334 12
140 0.1 2586.0 0.0 2586 98 1034.8461538461538 13
150 0.1 2837.0 0.0 2837 98 1145.642857142857 14
160 0.1 3903.0 0.0 3903 98 1258.4 15
170 0.1 4812.0 0.0 4812 98 1423.6875 16
180 0.1 5184.0 0.0 5184 98 1623.0 17
190 0.1 6764.0 0.0 6764 98 1820.8333333333333 18
200 0.1 7798.0 0.0 7798 98 2081.0 19
210 0.1 8382.0 0.0 8382 98 2366.85 20
220 0.1 8797.0 0.0 8797 98 2653.285714285714 21
230 0.1 10150.0 0.0 10150 98 2932.5454545454545 22
240 0.1 10416.0 0.0 10416 98 3246.3478260869565 23
250 0.1 8717.0 0.0 10416 98 3545.0833333333335 24
260 0.1 8744.0 0.0 10416 98 3751.96 25
270 0.1 8389.0 0.0 10416 98 3943.9615384615386 26
280 0.1 8533.0 0.0 10416 98 4108.592592592592 27
290 0.1 9678.0 0.0 10416 98 4266.607142857142 28
300 0.1 9364.0 0.0 10416 98 4453.206896551724 29
310 0.1 9322.0 0.0 10416 98 4616.9 30
320 0.1 6897.0 0.0 10416 98 4768.677419354839 31
330 0.1 5555.0 0.0 10416 98 4835.1875 32
340 0.1 5716.0 0.0 10416 98 4857.0 33
350 0.1 5345.0 0.0 10416 98 4882.264705882353 34
360 0.1 5003.0 0.0 10416 98 4895.4857142857145 35
370 0.1 4449.0 0.0 10416 98 4898.472222222223 36
380 0.1 3548.0 0.0 10416 98 4886.324324324324 37
390 0.1 2932.0 0.0 10416 98 4851.105263157895 38
400 0.1 2819.0 0.0 10416 98 4801.897435897436 39
410 0.1 2351.0 0.0 10416 98 4752.325 40
420 0.1 1877.0 0.0 10416 98 4693.756097560976 41
430 0.1 449.0 0.0 10416 98 4626.690476190476 42
440 0.1 240.0 0.0 10416 98 4529.53488372093 43
450 0.1 248.0 0.0 10416 98 4432.045454545455 44
460 0.1 24.0 0.0 10416 24 4339.0666666666675 45
470 0.1 86.0 0.0 10416 24 4245.260869565218 46
480 0.1 24.0 0.0 10416 24 4156.765957446809 47
