0 0.2 5.2640380859375 0.3079833984375 5.572021484375 4.9560546875 0 0
10 0.6 5.848551432291667 3.5562940262577953 13.736083984375 3.719970703125 5.2640380859375 2
20 0.4 198.8162841796875 337.00588203005225 782.527099609375 3.719970703125 5.702423095703125 8
30 0.7 12.968505859375 10.124436996926955 782.527099609375 3.60009765625 70.07371012369792 12
40 0.4 18.97137451171875 23.909833357393968 782.527099609375 3.60009765625 49.03495065789474 19
50 1 7.102783203125 4.841151229447724 782.527099609375 3.592041015625 43.80650263247283 23
60 0.6 11.180013020833334 12.624641731002752 782.527099609375 3.592041015625 32.684163411458336 33
70 1.3 247.97951096754807 773.4489321442128 2924.051025390625 3.592041015625 29.37583258213141 39
80 0.7 20.540283203125 27.200074538248476 2924.051025390625 3.592041015625 84.02675217848558 52
90 1.6 34.95857238769531 64.5041832733835 2924.051025390625 3.592041015625 76.4944592492055 59
100 2.4 195.38848876953125 111.73408656127414 2924.051025390625 3.592041015625 67.63347005208334 75
110 1.6 156.85577392578125 115.60026671760093 2924.051025390625 3.592041015625 98.60438368055556 99
120 1.3 1058.8446326622595 465.7248140676278 2924.051025390625 3.592041015625 106.70892493206522 115
130 4.4 1493.5342074307528 957.5260930877407 2924.051025390625 0.680908203125 203.4102077484131 128
140 4.7 1642.2048391788564 1089.0165029673776 2957.923095703125 0.6611328125 533.4419285973837 172
150 4.4 1251.113819469105 1246.477453758284 2957.923095703125 0.6611328125 771.3956126034532 219
160 7.6 1037.742762515419 1107.0672376159573 2957.923095703125 0.6611328125 851.6526510144367 263
170 6.4 705.1544570922852 919.5251974499598 2957.923095703125 0.626953125 893.3719680471053 339
180 10.4 602.1855938251201 879.3410473871671 2957.923095703125 0.6259765625 863.4813459599875 403
190 14.5 422.15331357758623 718.4487550815687 2957.923095703125 0.6259765625 809.8822173169377 507
200 7.2 1031.3292270236545 1518.821412522274 7346.72998046875 0.6259765625 723.6541635712231 652
210 7.4 1754.1712448532521 3119.1464651176593 13527.672119140625 0.6259765625 754.2516836935644 724
220 8.1 814.4282497829861 2213.636271038476 19048.508056640625 0.6240234375 846.9760540266682 798
230 9 845.5866889105903 2383.5587400194313 19137.196044921875 0.6240234375 843.9767683113802 879
240 9.5 955.8231239720398 3746.2072836262514 36078.861083984375 0.609130859375 844.1262965404089 969
250 8.1 2178.698585792825 6215.669480810464 36793.37890625 0.609130859375 854.0992275610902 1064
260 10.3 2226.013067449181 5133.96231534886 36793.37890625 0.609130859375 947.8045096718067 1145
270 7.6 1022.8382568359375 2425.6981794037956 36793.37890625 0.609130859375 1053.2976839114458 1248
280 7.7 4295.706035663555 13581.642977510497 66744.291015625 0.609130859375 1051.5492575838487 1324
290 10.8 3105.1662168149583 12341.767178870898 66744.291015625 0.609130859375 1229.850522331984 1401
300 10.1 2973.738904896348 11522.31434628764 66744.291015625 0.609130859375 1364.0679477820577 1509
310 3 4768.964680989583 15729.75248921876 66744.291015625 0.609130859375 1465.047305961277 1610
320 0.4 16315.891296386719 27050.88553027411 66744.291015625 0.609130859375 1525.484818919112 1640
330 4.2 9795.280296688989 32714.739028218613 128572.49291992188 0.609130859375 1561.4712093752375 1644
340 7.8 5526.711998572718 24364.169676488666 128572.49291992188 0.609130859375 1766.5838912656156 1686
350 5.3 5668.464958910672 24090.807102204835 128572.49291992188 0.609130859375 1932.8480592757937 1764
360 2.5 907.489150390625 640.4467741739604 128572.49291992188 0.609130859375 2041.8121185386713 1817
370 0.2 540.1280517578125 539.2650146484375 128572.49291992188 0.609130859375 2026.4168556702125 1842
380 0 0 0 128572.49291992188 0.609130859375 2024.8048287679212 1844
390 0 0 0 128572.49291992188 0.609130859375 2024.8048287679212 1844
400 0 0 0 128572.49291992188 0.609130859375 2024.8048287679212 1844
410 0 0 0 128572.49291992188 0.609130859375 2024.8048287679212 1844
420 0 0 0 128572.49291992188 0.609130859375 2024.8048287679212 1844
430 0 0 0 128572.49291992188 0.609130859375 2024.8048287679212 1844
440 0 0 0 128572.49291992188 0.609130859375 2024.8048287679212 1844
450 0 0 0 128572.49291992188 0.609130859375 2024.8048287679212 1844
460 0 0 0 128572.49291992188 0.609130859375 2024.8048287679212 1844
470 0 0 0 128572.49291992188 0.609130859375 2024.8048287679212 1844
480 0 0 0 128572.49291992188 0.609130859375 2024.8048287679212 1844
485 0 0 0 128572.49291992188 0.609130859375 2024.8048287679212 1844
