0 0.1 26.701904296875 0 26.701904296875 26.701904296875 0 0
10 0.1 20.64111328125 0.0 26.701904296875 20.64111328125 26.701904296875 1
20 0.2 157.267578125 16.89453125 174.162109375 20.64111328125 23.6715087890625 2
30 0.9 55.020779079861114 80.41324903249469 269.81201171875 9.9541015625 90.46954345703125 4
40 0.4 72.49945068359375 77.7207415857005 269.81201171875 9.9541015625 65.92809119591347 13
50 0.8 21.8818359375 7.261922625162182 269.81201171875 9.9541015625 67.47429342830883 17
60 0.4 91.6051025390625 79.7614358043841 269.81201171875 9.9541015625 52.88470703125 25
70 0.8 58.54998779296875 49.738754249652416 269.81201171875 9.9541015625 58.225451239224135 29
80 0.8 51.854248046875 57.60534933293439 269.81201171875 9.9541015625 58.295621304898646 37
90 0.6 109.38020833333333 151.33012567448287 435.2919921875 9.9541015625 57.15048828125 45
100 1.4 258.0051792689732 118.44486522773171 444.56005859375 9.9541015625 63.29516122855392 51
110 2.2 255.87068314985797 197.2350673083212 591.637939453125 9.9541015625 105.23270357572116 65
120 1.8 1059.8106825086807 585.5974172082457 2080.72216796875 9.9541015625 143.3250662266523 87
130 1.2 2155.306844075521 329.27608273471463 2787.89599609375 9.9541015625 300.43688616071427 105
140 2.2 2114.3604736328125 697.143686699201 2922.219970703125 2.7021484375 490.6799587673611 117
150 4.7 1403.5893346908242 1207.0684421554622 2922.219970703125 0.7099609375 747.6653639978642 139
160 5.3 838.5312684257076 1089.9957898580042 2922.219970703125 0.68896484375 913.4095931514616 186
170 6.4 667.0751647949219 924.6525844833419 2922.219970703125 0.6318359375 896.8047763712735 239
180 5.6 356.13813999721 704.3161720846489 2922.219970703125 0.6318359375 848.2810300317141 303
190 10.8 294.81410725911445 618.1823761560004 2922.219970703125 0.618896484375 771.5122226725714 359
200 10.1 555.4006009243502 713.6318264460275 2922.219970703125 0.618896484375 661.2694036904443 467
210 10.9 468.75148724197277 673.0056330443422 2922.219970703125 0.618896484375 642.444141226755 568
220 8 525.3390441894533 713.5305878491445 2922.219970703125 0.618896484375 614.4788542484075 677
230 8.1 518.3338005160108 837.6147161504325 4579.630126953125 0.618896484375 605.058530860407 757
240 7.5 604.6931445312499 1149.7261210723443 8149.06298828125 0.618896484375 596.6758301946599 838
250 9.1 537.6460604824864 721.5701385554022 8149.06298828125 0.618896484375 597.3344266626162 913
260 10.3 660.1202285914745 1015.4743744819076 8247.824951171875 0.618896484375 591.9244253454929 1004
270 9 408.32376844618057 650.2256976440194 8247.824951171875 0.618896484375 598.2696536511263 1107
280 8.5 1290.1683909696692 7147.468472646532 65941.43798828125 0.618896484375 583.9880081469951 1197
290 7.5 390.5070638020834 702.0968043945214 65941.43798828125 0.618896484375 630.8096403934283 1282
300 9.3 1147.2261818506383 6751.411935541926 65941.43798828125 0.618896484375 617.5283631315632 1357
310 10.8 429.8046219437211 639.6533172588894 65941.43798828125 0.618896484375 651.5020852976832 1450
320 5.6 678.4510410853793 672.4539609635655 65941.43798828125 0.618896484375 636.1340968238527 1558
330 2 765.9706420898438 632.1519516233725 65941.43798828125 0.618896484375 637.6023427214026 1614
340 2.4 722.0981953938802 668.0165942798312 65941.43798828125 0.618896484375 639.173558135949 1634
350 5.9 668.9602671477755 756.8424926452371 65941.43798828125 0.618896484375 640.3739147669444 1658
360 5.9 767.4085548530189 687.294790998171 65941.43798828125 0.618896484375 641.3562064329135 1717
370 3.8 1061.8345626027963 625.097840516548 65941.43798828125 0.618896484375 645.5437562959688 1776
380 2.2 1409.4996115944602 345.4081825402809 65941.43798828125 0.618896484375 654.2642913784713 1814
390 0.8 1440.6474304199219 192.5985551970163 65941.43798828125 0.618896484375 663.3139520782271 1836
400 0 0 0 65941.43798828125 0.618896484375 666.6863315938093 1844
410 0 0 0 65941.43798828125 0.618896484375 666.6863315938093 1844
420 0 0 0 65941.43798828125 0.618896484375 666.6863315938093 1844
430 0 0 0 65941.43798828125 0.618896484375 666.6863315938093 1844
440 0 0 0 65941.43798828125 0.618896484375 666.6863315938093 1844
450 0 0 0 65941.43798828125 0.618896484375 666.6863315938093 1844
460 0 0 0 65941.43798828125 0.618896484375 666.6863315938093 1844
470 0 0 0 65941.43798828125 0.618896484375 666.6863315938093 1844
480 0 0 0 65941.43798828125 0.618896484375 666.6863315938093 1844
485 0 0 0 65941.43798828125 0.618896484375 666.6863315938093 1844
