30 0.1 88.9169921875 0 88.9169921875 88.9169921875 0 0
40 0.2 77.993408203125 4.4814453125 88.9169921875 73.511962890625 88.9169921875 1
50 0.1 77.800048828125 0.0 88.9169921875 73.511962890625 81.63460286458333 3
60 0.1 19.81005859375 0.0 88.9169921875 19.81005859375 80.67596435546875 4
70 0.4 71.09130859375 70.3098064644195 187.623046875 11.2822265625 68.502783203125 5
80 0.2 39.5799560546875 27.6090087890625 187.623046875 11.2822265625 69.65323893229167 9
90 0.3 117.46337890625 69.13689095911616 187.623046875 11.2822265625 64.18536931818181 11
100 0.2 323.400390625 77.0205078125 400.4208984375 11.2822265625 75.60208565848214 14
110 0.5 332.267578125 151.804483814308 485.422119140625 11.2822265625 106.57687377929688 16
120 0.6 934.2333577473959 273.81165099135404 1247.611083984375 11.2822265625 160.31275576636904 21
130 0.7 1176.2723911830358 1069.3206951115117 2805.740966796875 0.93603515625 332.29511176215277 27
140 0.4 1902.877197265625 1119.2143437889697 3050.94482421875 0.93603515625 506.0551398782169 34
150 1.2 2224.5411173502603 702.8769705334613 3050.94482421875 0.93603515625 653.0890406558389 38
160 1.9 927.3063450863489 1103.2545388753351 3050.94482421875 0.89208984375 1030.2375390625 50
170 1.8 905.7914632161459 1023.7390733416366 3050.94482421875 0.89208984375 1001.8941668081975 69
180 1.9 399.2410695929277 754.8557076826553 3050.94482421875 0.822998046875 982.010848823635 87
190 3.3 486.6931596235797 784.7501927864391 3050.94482421875 0.822998046875 877.5521148105837 106
200 3.7 588.1061153927363 1222.4091816136304 6018.0859375 0.822998046875 784.7582621402878 139
210 4.5 499.24540473090286 694.1428805561262 6018.0859375 0.822998046875 743.4166176535866 176
220 3.6 359.16558837890625 653.0063749040861 6018.0859375 0.80078125 693.6984973752121 221
230 3.3 564.4068788470644 745.5898350386856 6018.0859375 0.80078125 646.8378564263132 257
240 3.3 532.9422940340911 760.3226856402948 6018.0859375 0.80078125 637.4577796672953 290
250 3 548.3157389322917 709.5110936654168 6018.0859375 0.80078125 626.7797269555438 323
260 4.1 401.44912943025906 615.3791843162318 6018.0859375 0.80078125 620.1113993614996 353
270 2.7 1819.015914351852 4275.595883265095 19641.89404296875 0.80078125 597.3572037595177 394
280 4.3 455.01762354651146 691.1286540569229 19641.89404296875 0.80078125 675.7058621585511 421
290 3.8 439.8117611533717 765.132849306386 19641.89404296875 0.80078125 655.254150390625 464
300 4 3949.414453125 14263.843506379513 66130.216796875 0.80078125 638.9457623607134 502
310 2.9 2739.4925242456898 11438.618565591278 66130.216796875 0.80078125 883.260794889443 542
320 3.4 670.511567957261 659.7463737777484 66130.216796875 0.80078125 977.5352610038584 571
330 2.2 3595.293124112216 13012.946011330694 66130.216796875 0.80078125 960.2810369318182 605
340 1.9 814.4417788856908 624.064094377551 66130.216796875 0.80078125 1052.7376013942883 627
350 2.1 804.5214378720239 772.3538479405491 66130.216796875 0.80078125 1045.7289007322706 646
360 2.5 890.90521484375 670.1675826956871 66130.216796875 0.80078125 1038.1346627711534 667
370 1.8 1050.7314453125 685.8007985571614 66130.216796875 0.80078125 1032.8156798257994 692
380 2 969.605615234375 717.9078068862683 66130.216796875 0.80078125 1033.2698823310961 710
390 1.5 1313.8358072916667 168.0485757596653 66130.216796875 0.80078125 1031.5256558352955 730
400 1.1 1228.108731356534 150.32660392572785 66130.216796875 0.80078125 1037.2097528444842 745
410 0.8 836.2098693847656 213.2795191492664 66130.216796875 0.80078125 1039.9873834842099 756
420 0.2 150.5130615234375 75.1241455078125 66130.216796875 0.80078125 1037.8535875250534 764
430 0.2 5.762451171875 0.071533203125 66130.216796875 0.80078125 1035.5367715302712 766
440 0.1 13.156005859375 0.0 66130.216796875 0.80078125 1032.8550675710046 768
450 0.2 11.1461181640625 2.4071044921875 66130.216796875 0.80078125 1031.5290609888048 769
460 0 0 0 66130.216796875 0.80078125 1028.8821532253164 771
470 0.1 5.180908203125 0.0 66130.216796875 0.80078125 1028.8821532253164 771
480 0 0 0 66130.216796875 0.80078125 1027.5561153431634 772
485 0 0 0 66130.216796875 0.80078125 1027.5561153431634 772
