30 0.8 24.6729736328125 17.909929948830975 63.044921875 7.673828125 0 0
40 1.5 115.123681640625 112.88403550606239 487.60302734375 7.673828125 24.6729736328125 8
50 0.9 29.23906792534722 19.653506008378084 487.60302734375 7.673828125 83.66256581182066 23
60 0.8 36.57061767578125 15.983639048878503 487.60302734375 7.673828125 68.35595703125 32
70 3.2 58.240203857421854 54.81904671774407 487.60302734375 7.575927734375 61.99888916015625 40
80 1.6 38.26202392578125 41.190008145468006 487.60302734375 7.575927734375 60.32836235894096 72
90 1.7 45.912238625919116 48.5916179923879 487.60302734375 7.575927734375 56.316300825639196 88
100 2.3 186.94351859714675 96.35374666331036 487.60302734375 7.575927734375 54.63183361235118 105
110 1.7 122.35317095588235 133.77141274580774 592.91796875 7.575927734375 78.40658950805664 128
120 1.7 844.6799029181985 560.128568836833 2194.861083984375 7.575927734375 83.55894733297414 145
130 3.4 1002.8859504250919 1165.091767087203 3002.276123046875 0.12109375 163.42966489438658 162
140 2.9 1311.153598127694 1186.2997415611446 3126.02392578125 0.120849609375 309.04963279257015 196
150 4.1 1131.9931104706557 1222.846063952018 3126.02392578125 0.120849609375 438.20969943576387 225
160 14.7 465.78994605654754 927.8492252638595 3126.02392578125 0.119873046875 545.146240234375 266
170 13.8 539.8427256708561 907.4280103557072 3126.02392578125 0.118896484375 516.9007795948094 413
180 22.1 283.3156970270077 673.283117691087 3126.02392578125 0.111083984375 522.646675345253 551
190 15.5 392.029874936996 741.2927834661077 3126.02392578125 0.111083984375 454.13353258834604 772
200 16 442.96962585449216 1026.9947990398298 6298.68603515625 0.111083984375 443.7494258613134 927
210 17.3 1133.5293476788297 1984.2220938855908 8514.708984375 0.111083984375 443.6346438915881 1087
220 18.9 1116.7631086722877 1727.1229952377385 12045.323974609375 0.111083984375 538.3582817925347 1260
230 21.7 1178.3021380868377 2524.185426425808 20668.547119140625 0.111083984375 613.8023896464156 1449
240 16.2 903.6602572217399 1476.9887619876497 20668.547119140625 0.10205078125 687.3296678046219 1666
250 14.2 1675.1732710717429 4831.861480248751 36139.545166015625 0.10205078125 706.5011970636881 1828
260 24.1 1553.2622718652751 5570.214033955563 67395.09790039063 0.10205078125 776.3242602662991 1970
270 22.9 1808.4569182416758 3040.5595403614425 67395.09790039063 0.10205078125 861.0108549272459 2211
280 43.8 1647.6839889456694 6117.714989514038 67722.294921875 0.067138671875 949.9309977547067 2440
290 37.7 1537.5671697560924 5129.233801891331 67722.294921875 0.067138671875 1056.1213417928032 2878
300 40.1 1757.7612450806578 5513.087371227035 67722.294921875 0.067138671875 1111.8832702542963 3255
310 45.4 557.3478799559484 3130.2594076287073 67722.294921875 0.0478515625 1182.724919024912 3656
320 21.5 357.31658452943327 581.9426285674232 67722.294921875 0.0478515625 1113.6443409866372 4110
330 24.2 1008.4191773469793 8163.280994434568 127360.787109375 0.0478515625 1076.0465450009035 4325
340 20.4 416.12178907207414 617.5313115614348 127360.787109375 0.0478515625 1072.4630497146654 4567
350 17.1 1343.5065332602335 9694.093938992093 127360.787109375 0.0478515625 1044.398992458097 4771
360 18.6 481.5041097005208 671.1814900625853 127360.787109375 0.0478515625 1054.7485249302065 4942
370 13.8 689.1509355185691 732.3715938666788 127360.787109375 0.0478515625 1033.9561182935602 5128
380 15 737.1917399088538 757.2429299068222 127360.787109375 0.0478515625 1024.9202057939497 5266
390 10.8 1325.2473054108793 227.01056773467022 127360.787109375 0.0478515625 1016.951359803779 5416
400 13.2 1513.453700210109 5477.843842901889 127360.787109375 0.0478515625 1022.9788692399787 5524
410 17.3 694.0385685738801 232.87049440400259 127360.787109375 0.0478515625 1034.4255944323509 5656
420 8.6 204.99889285065416 150.04960812478043 127360.787109375 0.0478515625 1024.3231831313533 5829
430 1.6 5.453460693359375 3.568858029742815 127360.787109375 0.0478515625 1012.4107758677624 5915
440 0.8 14.879791259765625 2.7553085948407077 127360.787109375 0.0478515625 1009.6943170846246 5931
450 1.6 11.778274536132813 7.0143163636251 127360.787109375 0.0478515625 1008.3542739449379 5939
460 0 0 0 127360.787109375 0.0478515625 1005.6766558105062 5955
470 0.8 4.562591552734375 2.8491514044148785 127360.787109375 0.0478515625 1005.6766558105062 5955
480 0 0 0 127360.787109375 0.0478515625 1004.3335546007021 5963
485 0 0 0 127360.787109375 0.0478515625 1004.3335546007021 5963
