0 0.6 6
10 1 16
20 1 26
30 1.2 38
40 1.1 49
50 1.8 67
60 1.5 82
70 2.3 105
80 2.1 126
90 4 166
100 4.2 208
110 3.2 240
120 7 310
130 9.2 402
140 7.9 481
150 13.6 617
160 14.5 762
170 15.3 915
180 24.3 1158
190 36.1 1519
200 33.7 1856
210 43.7 2293
220 62.5 2918
230 61.7 3535
240 23.5 3770
250 0 3770
260 0 3770
270 0 3770
280 0 3770
290 0 3770
300 0 3770
310 0 3770
320 0 3770
330 0 3770
340 0 3770
350 0 3770
360 0 3770
370 0 3770
380 0 3770
390 0 3770
400 0 3770
410 0 3770
420 0 3770
430 0 3770
440 0 3770
450 0 3770
460 0 3770
470 0 3770
480 0 3770
485 0 3770
