0 6 6
10 16 16
20 26 26
30 36 36
40 42 44
50 53 53
60 58 60
70 68 68
80 79 81
90 110 110
100 134 134
110 153 154
120 214 214
130 296 296
140 354 355
150 452 452
160 537 537
170 628 629
180 770 771
190 1037 1038
200 1264 1265
210 1579 1579
220 2058 2058
230 2490 2491
240 2551 2647
250 2388 2647
260 2216 2647
270 2053 2647
280 1839 2647
290 1625 2647
300 1405 2647
310 1175 2647
320 1009 2647
330 846 2647
340 718 2647
350 590 2647
360 479 2647
370 400 2647
380 322 2647
390 245 2647
400 165 2647
410 77 2647
420 27 2647
430 13 2647
440 9 2647
450 3 2647
460 3 2647
470 2 2647
480 1 2647
485 0 2647
