0 0.1 1
10 0.3 4
20 0.2 6
30 0.4 10
40 0.4 14
50 0.7 21
60 0.8 29
70 0.9 38
80 1.1 49
90 1.2 61
100 2.1 82
110 2.4 106
120 2 126
130 2.5 151
140 4 191
150 4.3 234
160 5.1 285
170 5.7 342
180 7.8 420
190 10.9 529
200 10.9 638
210 11.1 749
220 11.6 865
230 15.5 1020
240 31.2 1332
250 66.5 1997
260 89.1 2888
270 104.1 3929
280 118.6 5115
290 116.5 6280
300 37.9 6659
310 8.8 6747
320 3.7 6784
330 5.3 6837
340 8.7 6924
350 2.1 6945
360 0 6945
370 0 6945
380 3.4 6979
390 1.7 6996
400 0 6996
408 0 6996
