0 1.4 12.845982142857142 29.218480815457223 117.427001953125 1.260986328125 0 0
10 1.5 2.8410970052083333 2.2001607768717757 117.427001953125 1.236083984375 12.845982142857142 14
20 0.1 1.75 0.0 117.427001953125 1.236083984375 7.671041554418103 29
30 1.3 3.664344200721154 2.5908079561583492 117.427001953125 1.236083984375 7.473673502604167 30
40 1.9 2.7247250205592106 2.0853703096262284 117.427001953125 1.156982421875 6.322015806686046 43
50 1.2 3.7517496744791665 2.422444102032558 117.427001953125 1.156982421875 5.219620243195565 62
60 2.6 3.4291240985576925 2.5758138944107434 117.427001953125 1.113037109375 4.9815871779983105 74
70 2.3 2.7152046535326084 2.721394657952559 117.427001953125 1.113037109375 4.57794677734375 100
80 1.2 2.69561767578125 2.262684336780967 117.427001953125 0.843994140625 4.229629144435975 123
90 3.9 4.2940204326923075 4.093993997891796 117.427001953125 0.843994140625 4.093272569444444 135
100 3.4 2.844906077665441 2.570508418678233 117.427001953125 0.843994140625 4.138267780172414 174
110 3.9 3.290327023237179 2.679796519287526 117.427001953125 0.843994140625 3.9268528864933896 208
120 8.2 3.059766815929878 2.6962644219358203 117.427001953125 0.843994140625 3.8263488028213564 247
130 8.9 2.6444983321629207 2.0051350669001833 117.427001953125 0.843994140625 3.635285815207067 329
140 7.7 2.7747755174512987 2.4189346806651333 117.427001953125 0.843994140625 3.424328671688098 418
150 12.2 3.0079445760758197 2.555553965982101 117.427001953125 0.843994140625 3.3232870699179293 495
160 16.9 2.71730538091716 2.292546325729588 117.427001953125 0.794921875 3.2609340970674636 617
170 17.6 2.598703557794744 2.1043167833083394 117.427001953125 0.794921875 3.1440470066992683 786
180 26.3 3.0780228879515192 2.579905725048078 117.427001953125 0.794921875 3.0442752322635136 962
190 30.2 2.799525785130382 3.0854456359304536 117.427001953125 0.794921875 3.051520647321428 1225
200 28 2.4023629324776787 1.9413127411886442 117.427001953125 0.794921875 3.0016827636398986 1527
210 57.9 2.869770583711139 3.107754967695964 117.427001953125 0.68603515625 2.9088163813900803 1807
220 60.9 2.5045220135467967 2.319014552659546 117.427001953125 0.635986328125 2.8993413114587696 2386
230 62.3 2.352050781250001 2.0494170628091246 117.427001953125 0.635986328125 2.8190591904476205 2995
240 12.2 2.7875716412653695 2.61473204692989 117.427001953125 0.635986328125 2.738642872335371 3618
250 0.3 2.4103190104166665 1.7206283170113303 117.427001953125 0.635986328125 2.740238944476938 3740
260 0.1 1.612060546875 0.0 117.427001953125 0.635986328125 2.739974514927865 3743
270 0.1 5.2060546875 0.0 117.427001953125 0.635986328125 2.7396732558552013 3744
280 0.2 1.3388671875 0.240966796875 117.427001953125 0.635986328125 2.740331835676735 3745
290 0.5 9.27001953125 8.870970880622531 117.427001953125 0.635986328125 2.7395837894273747 3747
300 0.6 1.892333984375 0.7996557125697131 117.427001953125 0.635986328125 2.74828639569313 3752
310 0.4 1.5489501953125 0.27655219904794814 117.427001953125 0.635986328125 2.7469197872663313 3758
320 0.5 2.32099609375 1.3991655843358326 117.427001953125 0.635986328125 2.7456460290611706 3762
330 0.7 3.638916015625 2.8770354008242354 117.427001953125 0.635986328125 2.7450823843368393 3767
340 0.3 1.556640625 0.23022922633946438 117.427001953125 0.635986328125 2.7467402633561866 3774
350 0.2 1.8258056640625 0.0050048828125 117.427001953125 0.635986328125 2.745794989616428 3777
360 0.2 2.89697265625 1.06494140625 117.427001953125 0.635986328125 2.7453080939691383 3779
370 0 0 0 117.427001953125 0.635986328125 2.745388318545854 3781
380 0.2 1.6644287109375 0.3775634765625 117.427001953125 0.635986328125 2.745388318545854 3781
390 0.1 5.593994140625 0.0 117.427001953125 0.635986328125 2.744816835803264 3783
400 0 0 0 117.427001953125 0.635986328125 2.745569789636462 3784
408 0.1 1.72705078125 0.0 117.427001953125 0.635986328125 2.745569789636462 3784
