0 0.1 5.19721335044788 0 5.19721335044788 5.19721335044788 0 0
10 0.1 2.4437927663734116 0.0 5.19721335044788 2.4437927663734116 5.19721335044788 1
20 0.1 2.152641878669276 0.0 5.19721335044788 2.152641878669276 3.8205030584106456 2
30 0.1 1.6683022571148183 0.0 5.19721335044788 1.6683022571148183 3.264549331830189 3
40 0.1 2.529182879377432 0.0 5.19721335044788 1.6683022571148183 2.8654875631513463 4
50 0.1 2.5193798449612403 0.0 5.19721335044788 1.6683022571148183 2.7982266263965636 5
60 0.1 2.6264591439688716 0.0 5.19721335044788 1.6683022571148183 2.7517521628240096 6
70 0.1 3.182256509161042 0.0 5.19721335044788 1.6683022571148183 2.7338531601304186 7
80 0.1 4.019138755980861 0.0 5.19721335044788 1.6683022571148183 2.7899035787592465 8
90 0.1 3.2723772858517806 0.0 5.19721335044788 1.6683022571148183 2.9264852651172037 9
100 0.1 4.360189573459715 0.0 5.19721335044788 1.6683022571148183 2.9610744671906617 10
110 0.1 5.248359887535145 0.0 5.248359887535145 1.6683022571148183 3.0882667495787572 11
120 0.1 4.995287464655985 0.0 5.248359887535145 1.6683022571148183 3.268274511075123 12
130 0.1 6.906077348066299 0.0 6.906077348066299 1.6683022571148183 3.401121661350574 13
140 0.1 9.017857142857142 0.0 9.017857142857142 1.6683022571148183 3.6514756389731255 14
150 0.1 8.55085508550855 0.0 9.017857142857142 1.6683022571148183 4.009234405898726 15
160 0.1 11.369509043927648 0.0 11.369509043927648 1.6683022571148183 4.29308569837434 16
170 0.1 13.468013468013467 0.0 13.468013468013467 1.6683022571148183 4.709345895171594 17
180 0.1 14.89539748953975 0.0 14.89539748953975 1.6683022571148183 5.195938538107253 18
190 0.1 17.61827079934747 0.0 17.61827079934747 1.6683022571148183 5.706436377656332 19
200 0.1 19.097502014504432 0.0 19.097502014504432 1.6683022571148183 6.302028098740889 20
210 0.1 19.728434504792332 0.0 19.728434504792332 1.6683022571148183 6.911336380443916 21
220 0.1 23.626373626373624 0.0 23.626373626373624 1.6683022571148183 7.493931749732481 22
230 0.1 25.66718995290424 0.0 25.66718995290424 1.6683022571148183 8.195342266108183 23
240 0.1 29.67032967032967 0.0 29.67032967032967 1.6683022571148183 8.923335919724686 24
250 0.1 24.266455194290245 0.0 29.67032967032967 1.6683022571148183 9.753215669748885 25
260 0.1 23.524720893141946 0.0 29.67032967032967 1.6683022571148183 10.311417189923553 26
270 0.1 22.24 0.0 29.67032967032967 1.6683022571148183 10.800798808561272 27
280 0.1 22.565320665083135 0.0 29.67032967032967 1.6683022571148183 11.209341708255511 28
290 0.1 21.563981042654028 0.0 29.67032967032967 1.6683022571148183 11.600927189525429 29
300 0.1 14.332784184514002 0.0 29.67032967032967 1.6683022571148183 11.933028984629715 30
310 0.1 7.420814479638009 0.0 29.67032967032967 1.6683022571148183 12.010440442690498 31
320 0.1 4.281636536631779 0.0 29.67032967032967 1.6683022571148183 11.867014631345109 32
330 0.1 3.266090297790586 0.0 29.67032967032967 1.6683022571148183 11.637154689081068 33
340 0.1 1.5640273704789833 0.0 29.67032967032967 1.5640273704789833 11.390946912866642 34
350 0.1 1.6666666666666667 0.0 29.67032967032967 1.5640273704789833 11.110177783084138 35
360 0.1 1.7509727626459144 0.0 29.67032967032967 1.5640273704789833 10.84785802985032 36
370 0.1 0.9871668311944718 0.0 29.67032967032967 0.9871668311944718 10.601996265871822 37
380 0.1 1.1799410029498525 0.0 29.67032967032967 0.9871668311944718 10.348974438643472 38
390 0.1 1.0848126232741617 0.0 29.67032967032967 0.9871668311944718 10.113871017215432 39
400 0.1 0.8893280632411068 0.0 29.67032967032967 0.8893280632411068 9.8881445573669 40
408 0.1 1.0816125860373649 0.0 29.67032967032967 0.8893280632411068 9.66866122824188 41
