10 0.1 205 0 205 205 0 0
20 0.1 347.0 0.0 347 205 205.0 1
30 0.1 301.0 0.0 347 205 276.0 2
40 0.1 564.0 0.0 564 205 284.3333333333333 3
50 0.1 787.0 0.0 787 205 354.25 4
60 0.1 649.0 0.0 787 205 440.8 5
70 0.1 1106.0 0.0 1106 205 475.5 6
80 0.1 1217.0 0.0 1217 205 565.5714285714286 7
90 0.1 1170.0 0.0 1217 205 647.0 8
100 0.1 1725.0 0.0 1725 205 705.1111111111111 9
110 0.1 1905.0 0.0 1905 205 807.1 10
120 0.1 2541.0 0.0 2541 205 906.9090909090909 11
130 0.1 3296.0 0.0 3296 205 1043.0833333333333 12
140 0.1 3842.0 0.0 3842 205 1216.3846153846155 13
150 0.1 4186.0 0.0 4186 205 1403.9285714285713 14
160 0.1 6442.0 0.0 6442 205 1589.4 15
170 0.1 8951.0 0.0 8951 205 1892.6875 16
180 0.1 10429.0 0.0 10429 205 2307.8823529411766 17
190 0.1 12866.0 0.0 12866 205 2759.0555555555557 18
200 0.1 15069.0 0.0 15069 205 3291.0 19
210 0.1 14989.0 0.0 15069 205 3879.9 20
220 0.1 16628.0 0.0 16628 205 4408.9047619047615 21
230 0.1 18562.0 0.0 18562 205 4964.318181818181 22
240 0.1 21609.0 0.0 21609 205 5555.521739130434 23
250 0.1 19828.0 0.0 21609 205 6224.416666666667 24
260 0.1 21346.0 0.0 21609 205 6768.56 25
270 0.1 23002.0 0.0 23002 205 7329.2307692307695 26
280 0.1 24164.0 0.0 24164 205 7909.7037037037035 27
290 0.1 24355.0 0.0 24355 205 8490.214285714286 28
300 0.1 15454.0 0.0 24355 205 9037.275862068966 29
310 0.1 4038.0 0.0 24355 205 9251.166666666666 30
320 0.1 1790.0 0.0 24355 205 9083.0 31
330 0.1 1290.0 0.0 24355 205 8855.09375 32
340 0.1 643.0 0.0 24355 205 8625.848484848484 33
350 0.1 185.0 0.0 24355 185 8391.058823529413 34
360 0.1 326.0 0.0 24355 185 8156.6 35
370 0.1 48.0 0.0 24355 48 7939.083333333333 36
380 0.1 79.0 0.0 24355 48 7725.810810810811 37
390 0.1 41.0 0.0 24355 41 7524.578947368421 38
400 0.1 0.0 0.0 24355 0 7332.692307692308 39
408 0.1 91.0 0.0 24355 0 7149.375 40
