10 0.1 195 0 195 195 0 0
20 0.1 329.0 0.0 329 195 195.0 1
30 0.1 251.0 0.0 329 195 262.0 2
40 0.1 535.0 0.0 535 195 258.3333333333333 3
50 0.1 703.0 0.0 703 195 327.5 4
60 0.1 618.0 0.0 703 195 402.6 5
70 0.1 957.0 0.0 957 195 438.5 6
80 0.1 1091.0 0.0 1091 195 512.5714285714286 7
90 0.1 984.0 0.0 1091 195 584.875 8
100 0.1 1503.0 0.0 1503 195 629.2222222222222 9
110 0.1 1693.0 0.0 1693 195 716.6 10
120 0.1 2190.0 0.0 2190 195 805.3636363636364 11
130 0.1 2917.0 0.0 2917 195 920.75 12
140 0.1 3325.0 0.0 3325 195 1074.3076923076924 13
150 0.1 3646.0 0.0 3646 195 1235.0714285714287 14
160 0.1 5348.0 0.0 5348 195 1395.8 15
170 0.1 7031.0 0.0 7031 195 1642.8125 16
180 0.1 7931.0 0.0 7931 195 1959.764705882353 17
190 0.1 9797.0 0.0 9797 195 2291.5 18
200 0.1 11342.0 0.0 11342 195 2686.5263157894738 19
210 0.1 10962.0 0.0 11342 195 3119.3 20
220 0.1 13140.0 0.0 13140 195 3492.7619047619046 21
230 0.1 15393.0 0.0 15393 195 3931.2727272727275 22
240 0.1 18220.0 0.0 18220 195 4429.608695652174 23
250 0.1 15276.0 0.0 18220 195 5004.208333333333 24
260 0.1 15530.0 0.0 18220 195 5415.08 25
270 0.1 15661.0 0.0 18220 195 5804.115384615385 26
280 0.1 15794.0 0.0 18220 195 6169.185185185185 27
290 0.1 15696.0 0.0 18220 195 6512.928571428572 28
300 0.1 10352.0 0.0 18220 195 6829.586206896552 29
310 0.1 3253.0 0.0 18220 195 6947.0 30
320 0.1 1587.0 0.0 18220 195 6827.8387096774195 31
330 0.1 1120.0 0.0 18220 195 6664.0625 32
340 0.1 548.0 0.0 18220 195 6496.060606060606 33
350 0.1 174.0 0.0 18220 174 6321.117647058823 34
360 0.1 265.0 0.0 18220 174 6145.4857142857145 35
370 0.1 39.0 0.0 18220 39 5982.138888888889 36
380 0.1 82.0 0.0 18220 39 5821.513513513513 37
390 0.1 43.0 0.0 18220 39 5670.473684210527 38
400 0.1 0.0 0.0 18220 0 5526.179487179487 39
408 0.1 71.0 0.0 18220 0 5388.025 40
