20 0.3 21120.369384765625 2075.620632510284 23169.35205078125 18275.56103515625 0 0
30 0.1 19788.045166015625 0.0 23169.35205078125 18275.56103515625 21120.369384765625 3
40 0.5 40964.316796875 4171.2696148212735 48146.931884765625 18275.56103515625 20787.288330078125 4
50 0.7 43660.342494419645 5327.17472361157 50540.0439453125 18275.56103515625 31996.748589409723 9
60 1.1 46021.899103338066 12386.648311304118 60173.849853515625 18275.56103515625 37099.57092285156 16
70 1 37936.448022460936 13254.166237481742 60863.19189453125 13661.461181640625 40734.59351490162 27
80 1.6 36275.778579711914 12848.710095177814 65740.83203125 13661.461181640625 39978.33797640414 37
90 1.7 47586.093089384194 19284.34176080953 90797.55200195313 13661.461181640625 38860.58419627064 53
100 1.7 43891.13163488051 15622.016884484343 90797.55200195313 13661.461181640625 40979.636356026786 70
110 2.7 36682.35197844329 15186.572757455246 90797.55200195313 9255.47607421875 41548.5492266074 87
120 3 41713.05016276042 18234.24427872921 90797.55200195313 9255.47607421875 40396.028825726426 114
130 3.6 34867.38098144531 13547.272441611369 90797.55200195313 9255.47607421875 40670.40827094184 144
140 2.7 39066.75611255787 19205.59600886869 90797.55200195313 9255.47607421875 39509.80281304254 180
150 4.4 36010.2909601385 16416.477062693462 90797.55200195313 9255.47607421875 39452.01411297932 207
160 5.7 37570.13647032621 17632.427727390157 115693.080078125 9255.47607421875 38848.684157899654 251
170 7.6 39174.025483783924 15972.813817740793 115693.080078125 9255.47607421875 38612.06981312145 308
180 7.1 40089.87582870269 15180.051654954785 115693.080078125 9255.47607421875 38723.2902062734 384
190 9.1 41967.01535403074 15240.838762152043 115693.080078125 9255.47607421875 38936.53763307005 455
200 8.2 45341.988153225044 14918.251925362902 115693.080078125 9255.47607421875 39441.61725323017 546
210 8 48748.90560302735 14807.140854656069 115693.080078125 9255.47607421875 40212.04784845243 628
220 11.8 49241.68684826868 14874.876589888465 115693.080078125 9255.47607421875 41176.664543884624 708
230 15.8 52756.07645464547 16380.789254076286 115693.080078125 9255.47607421875 42328.810587368054 826
240 20.4 54240.247991823686 18722.28494751653 120568.2060546875 9255.47607421875 44003.10734247968 984
250 23.1 58113.60326619995 20762.06513087346 155960.02807617188 9255.47607421875 45761.00018125592 1188
260 29.6 59685.39055241765 17485.82420746769 155960.02807617188 9255.47607421875 47771.88905554913 1419
270 39.8 63012.81862375844 19250.942088336098 171184.701171875 9255.47607421875 49828.09689407571 1715
280 46.8 66301.85637593069 15393.1638427735 171184.701171875 9255.47607421875 52311.541876760864 2113
290 61.5 71208.69387703255 13166.7231609835 171184.701171875 9255.47607421875 54848.336601910596 2581
300 30.4 77403.03290437396 13176.252134176111 171184.701171875 9255.47607421875 57996.52800497692 3196
310 12.1 85932.51571176075 10875.445545492068 171184.701171875 9255.47607421875 59682.12157338169 3500
320 5.6 94358.07903180804 9555.606455968704 171184.701171875 9255.47607421875 60559.30955756945 3621
330 3 104312.9105875651 11787.684042853294 171184.701171875 9255.47607421875 61074.05829038353 3677
340 1.3 112468.25167142428 6288.761863443951 171184.701171875 9255.47607421875 61423.981562278714 3707
350 0.3 130385.01928710938 14452.936632901497 171184.701171875 9255.47607421875 61602.362076100995 3720
360 0.4 139217.57739257813 9701.689175490284 171184.701171875 9255.47607421875 61657.78726321704 3723
370 0.1 136091.88916015625 0.0 171184.701171875 9255.47607421875 61741.02825074519 3727
380 0.2 161407.04235839844 909.1944580078125 171184.701171875 9255.47607421875 61760.97215120373 3728
390 0.1 164721.37109375 0.0 171184.701171875 9255.47607421875 61814.40167946496 3730
400 0 0 0 171184.701171875 9255.47607421875 61841.98328477568 3731
408 0.1 183393.51000976563 0.0 183393.51000976563 9255.47607421875 61841.98328477568 3731
