20 0.3 15.209065755208334 1.8629163077671265 16.64013671875 12.577880859375 0 0
30 0.1 13.61083984375 0.0 16.64013671875 12.577880859375 15.209065755208334 3
40 0.1 14.89013671875 0.0 16.64013671875 12.577880859375 14.80950927734375 4
50 0.3 14.729654947916666 1.394121344286263 16.64013671875 12.577880859375 14.825634765625 5
60 0.8 26.699462890625 12.276813990238374 44.01806640625 12.300048828125 14.789642333984375 8
70 0.6 40.083699544270836 36.3147677747589 115.008056640625 11.794189453125 20.744552612304688 16
80 0.6 15.746663411458334 1.6449658244279428 115.008056640625 11.794189453125 26.018865411931817 22
90 0.5 15.921240234375 2.919851708631233 115.008056640625 11.794189453125 23.817679268973215 28
100 0.7 66.01639229910714 89.8662052615526 279.0791015625 11.794189453125 22.62124911221591 33
110 1.4 40.273611886160715 58.249996877347186 279.0791015625 11.794189453125 30.215399169921874 40
120 1.7 64.85608628216912 105.90833297823308 467.43505859375 11.43505859375 32.82308394820602 54
130 1.4 56.81682477678571 76.5123537369951 467.43505859375 11.43505859375 40.49295774647887 71
140 1.5 19.482584635416668 8.9052578257061 467.43505859375 11.43505859375 43.18159466911764 85
150 1.7 56.90164005055147 81.20099485462745 467.43505859375 10.876953125 39.626743164062496 100
160 2.1 128.18184988839286 108.12555287892813 467.43505859375 10.876953125 42.13677091680022 117
170 3.6 82.15434434678819 76.48416078173656 467.43505859375 10.876953125 55.23058728204257 138
180 3.3 146.0246434067235 168.62839350434916 862.828857421875 10.876953125 60.80101977819684 174
190 5.4 423.6798728660301 310.53125773712105 1221.39404296875 10.876953125 74.38739455955616 207
200 5.3 990.7783755896227 367.0485549342789 1874.6298828125 10.876953125 146.65480386434388 261
210 6.7 1935.5471993062033 806.9475974288291 3473.9169921875 2.11279296875 289.13426023835586 314
220 7.2 2184.7099270290805 1658.6534006432514 5348.468017578125 1.4169921875 578.6609450613107 381
230 13.1 1491.986918908039 1665.1351211213562 5348.468017578125 1.416015625 833.9270084204264 453
240 13.2 1550.1319691051137 1529.6157100621278 5348.468017578125 1.416015625 981.5397623140518 584
250 16.7 1884.2738950809319 1053.9000938600138 5348.468017578125 1.416015625 1086.364023901231 716
260 11 1747.4343727805397 699.2401072113707 5348.468017578125 1.416015625 1237.2711003304607 883
270 7.7 1483.010149274553 422.5952790466517 5348.468017578125 1.416015625 1293.7846551839439 993
280 3 989.1559407552082 297.204802119189 5348.468017578125 1.416015625 1307.4018169082215 1070
290 1.2 647.6188557942709 320.07215290099964 5348.468017578125 1.416015625 1298.7223839222302 1100
300 0.2 238.5419921875 221.56201171875 5348.468017578125 1.416015625 1291.6960868561011 1112
310 0.1 9.739013671875 0.0 5348.468017578125 1.416015625 1289.8053254653137 1114
320 0.1 6.714111328125 0.0 5348.468017578125 1.416015625 1288.657283930073 1115
330 0 0 0 5348.468017578125 1.416015625 1287.5085893309672 1116
340 0 0 0 5348.468017578125 1.416015625 1287.5085893309672 1116
350 0 0 0 5348.468017578125 1.416015625 1287.5085893309672 1116
360 0 0 0 5348.468017578125 1.416015625 1287.5085893309672 1116
370 0 0 0 5348.468017578125 1.416015625 1287.5085893309672 1116
380 0 0 0 5348.468017578125 1.416015625 1287.5085893309672 1116
390 0 0 0 5348.468017578125 1.416015625 1287.5085893309672 1116
400 0 0 0 5348.468017578125 1.416015625 1287.5085893309672 1116
408 0 0 0 5348.468017578125 1.416015625 1287.5085893309672 1116
