0 0.1 186.489990234375 0 186.489990234375 186.489990234375 0 0
10 0.4 16.60626220703125 0.8217713485562552 186.489990234375 15.52587890625 186.489990234375 1
20 0.5 17.2958984375 1.526304346939992 186.489990234375 14.717041015625 50.5830078125 5
30 0.5 16.607666015625 2.2657002824574963 186.489990234375 14.239990234375 33.939453125 10
40 0.5 16.766748046875 0.9364156886579389 186.489990234375 14.239990234375 28.162190755208332 15
50 0.8 49.020843505859375 85.11055820255577 274.166015625 14.239990234375 25.313330078125 20
60 0.7 17.390101841517858 1.9464827213779416 274.166015625 14.239990234375 32.086905343191965 28
70 0.6 18.251261393229168 2.500276981017188 274.166015625 14.239990234375 29.14754464285714 35
80 1 21.719482421875 10.92558397504372 274.166015625 14.073974609375 27.55296660632622 41
90 0.8 23.637420654296875 17.66765316318787 274.166015625 13.8388671875 26.40914617800245 51
100 1.1 22.54794034090909 18.279627720529774 274.166015625 12.985107421875 26.033318988347457 59
110 1.7 26.544907513786764 13.954279738919578 274.166015625 12.985107421875 25.485616629464285 70
120 1.5 56.09768880208333 74.41663855716605 274.166015625 12.985107421875 25.692604503412355 87
130 3.1 27.53167527721774 21.83900052092646 274.166015625 12.985107421875 30.1639404296875 102
140 4.4 38.39364346590908 38.208333676660565 274.166015625 12.985107421875 29.550404943021615 133
150 3.3 61.9727968158144 194.56063255136723 1156.223876953125 12.985107421875 31.7487241238524 177
160 5 55.6472509765625 43.826102686173634 1156.223876953125 12.927001953125 36.498221261160715 210
170 7.8 87.10736553485576 129.6211609395922 1156.223876953125 12.927001953125 40.18072697566106 260
180 9.1 174.5394541981456 191.2529258930497 1232.72314453125 12.927001953125 51.00995125855214 338
190 8.5 408.14229664522077 311.5422194487209 1232.72314453125 12.927001953125 77.21317915482955 429
200 9.9 1026.1620822482641 453.6764233462493 2705.1689453125 12.927001953125 131.93881142464133 514
210 8.6 1865.5260066542514 758.5588408214601 3495.094970703125 2.673095703125 276.3565990454222 613
220 12 2158.555232747395 1839.1978333395261 5775.281982421875 1.79296875 471.876726447939 699
230 19.5 1470.0111716245995 1764.962848024015 5775.281982421875 1.364013671875 719.0091083233172 819
240 29.5 1602.4391121557205 1552.588543225808 5775.281982421875 1.364013671875 863.4325820351022 1014
250 29.6 1952.1109289220858 1115.7872422544478 5775.281982421875 1.364013671875 1029.9772164014753 1309
260 15.5 1878.8524776335685 636.6591777782505 5775.281982421875 1.364013671875 1200.0405054395444 1605
270 6.9 1497.0854138360507 316.5714815603755 5775.281982421875 1.364013671875 1259.8222416270862 1760
280 1.6 1138.8045959472656 333.6188662002815 5775.281982421875 1.364013671875 1268.7731212784906 1829
290 0.2 640.2794189453125 145.9554443359375 5775.281982421875 1.364013671875 1267.646022955835 1845
300 0 0 0 5775.281982421875 1.364013671875 1266.9666871637282 1847
310 0 0 0 5775.281982421875 1.364013671875 1266.9666871637282 1847
320 0 0 0 5775.281982421875 1.364013671875 1266.9666871637282 1847
330 0 0 0 5775.281982421875 1.364013671875 1266.9666871637282 1847
340 0 0 0 5775.281982421875 1.364013671875 1266.9666871637282 1847
350 0 0 0 5775.281982421875 1.364013671875 1266.9666871637282 1847
360 0 0 0 5775.281982421875 1.364013671875 1266.9666871637282 1847
370 0 0 0 5775.281982421875 1.364013671875 1266.9666871637282 1847
380 0 0 0 5775.281982421875 1.364013671875 1266.9666871637282 1847
390 0 0 0 5775.281982421875 1.364013671875 1266.9666871637282 1847
400 0 0 0 5775.281982421875 1.364013671875 1266.9666871637282 1847
408 0 0 0 5775.281982421875 1.364013671875 1266.9666871637282 1847
