0 0.2 13.78564453125 0.53955078125 14.3251953125 13.24609375 0 0
10 0.7 15.834821428571429 1.8058267929036402 19.240966796875 13.24609375 13.78564453125 2
20 0.6 15.1861572265625 1.0944159955106145 19.240966796875 13.24609375 15.379448784722221 9
30 0.6 18.340372721354168 7.590560094505187 35.239990234375 13.24609375 15.302132161458333 15
40 0.6 13.433390299479166 1.2971399443876124 35.239990234375 11.47509765625 16.170200892857142 21
50 0.9 39.513916015625 63.34013758141051 216.85791015625 11.47509765625 15.56202076099537 27
60 0.5 172.148828125 317.21303397307065 806.56982421875 11.47509765625 21.54999457465278 36
70 0.9 14.44167751736111 6.5512640121330135 806.56982421875 10.72802734375 39.91570598323171 41
80 1.1 18.50887784090909 8.838868214513859 806.56982421875 10.72802734375 35.330380859375005 50
90 0.7 13.519461495535714 2.292506274466738 806.56982421875 10.72509765625 32.29699506915984 61
100 1.5 32.130908203125 41.07145426505492 806.56982421875 10.72509765625 30.364013671875 68
110 1.4 31.347394670758927 48.33202120386145 806.56982421875 10.72509765625 30.68333196065512 83
120 2.8 21.063023158482142 14.434479453307098 806.56982421875 10.47705078125 30.77917606314433 97
130 4.1 23.68904820884146 14.678199343901914 806.56982421875 10.47705078125 28.6027578125 125
140 4.1 40.7689834222561 88.7253733130183 806.56982421875 10.47705078125 27.38913074171687 166
150 4.7 44.217602019614354 53.21454885900566 806.56982421875 9.83203125 30.03924649003623 207
160 7 56.60197753906249 66.49165875469865 806.56982421875 9.83203125 32.66280046598179 254
170 9.3 67.2752173639113 89.18303203837068 806.56982421875 9.5400390625 37.83484489535108 324
180 9.7 118.95769068137885 181.83343985933 1102.802978515625 9.5400390625 44.40068335956235 417
190 11.4 403.55897281044406 315.390285295148 1250.262939453125 9.5400390625 58.47078007204524 514
200 10 1011.8097021484375 465.2651840872826 2602.9169921875 9.5400390625 121.11417811691382 628
210 12.7 2005.1491141732283 706.7115283594854 3526.486083984375 1.593994140625 243.46246438498025 728
220 18.4 2133.5443831734046 1754.1792506665997 5572.9580078125 1.444091796875 505.1398965757493 855
230 33.1 1780.7824264480269 1731.2178354202085 5572.9580078125 1.27392578125 793.5195169164313 1039
240 31.3 1673.4915876784653 1522.8079441876632 5572.9580078125 1.27392578125 1032.0480008981526 1370
250 13.4 2185.0813334450786 988.9017714836253 5572.9580078125 1.27392578125 1151.3420250587217 1683
260 2.8 1976.5346156529017 467.2645674853347 5572.9580078125 1.27392578125 1227.5781655781338 1817
270 0.1 1644.23779296875 0.0 5572.9580078125 1.27392578125 1238.944442327236 1845
280 0.1 914.631103515625 0.0 5572.9580078125 1.27392578125 1239.1639945215163 1846
290 0 0 0 5572.9580078125 1.27392578125 1238.9882864051083 1847
300 0 0 0 5572.9580078125 1.27392578125 1238.9882864051083 1847
310 0 0 0 5572.9580078125 1.27392578125 1238.9882864051083 1847
320 0 0 0 5572.9580078125 1.27392578125 1238.9882864051083 1847
330 0 0 0 5572.9580078125 1.27392578125 1238.9882864051083 1847
340 0 0 0 5572.9580078125 1.27392578125 1238.9882864051083 1847
350 0 0 0 5572.9580078125 1.27392578125 1238.9882864051083 1847
360 0 0 0 5572.9580078125 1.27392578125 1238.9882864051083 1847
370 0 0 0 5572.9580078125 1.27392578125 1238.9882864051083 1847
380 0 0 0 5572.9580078125 1.27392578125 1238.9882864051083 1847
390 0 0 0 5572.9580078125 1.27392578125 1238.9882864051083 1847
400 0 0 0 5572.9580078125 1.27392578125 1238.9882864051083 1847
408 0 0 0 5572.9580078125 1.27392578125 1238.9882864051083 1847
