30 0.1 17.864013671875 0 17.864013671875 17.864013671875 0 0
40 0.2 20.814453125 2.58544921875 23.39990234375 17.864013671875 17.864013671875 1
50 0 0 0 23.39990234375 17.864013671875 19.830973307291668 3
60 0.1 24.240966796875 0.0 24.240966796875 17.864013671875 19.830973307291668 3
70 0.4 245.93243408203125 396.9629423932933 933.48583984375 13.948974609375 20.9334716796875 4
80 0.3 28.547037760416668 15.63219092181494 933.48583984375 13.948974609375 133.43295288085938 8
90 0.4 25.7989501953125 17.902744160968044 933.48583984375 13.948974609375 104.82770330255681 11
100 0.3 345.5504557291667 456.71923947870147 991.421142578125 13.948974609375 83.753369140625 15
110 0.7 18.85986328125 3.7193561142436637 991.421142578125 13.948974609375 127.38621690538194 18
120 0.8 166.09976196289063 364.77838953113115 1130.071044921875 13.948974609375 96.998837890625 25
130 0.7 181.09343610491072 370.0719465389627 1130.071044921875 13.948974609375 113.7505770596591 33
140 0.6 19.340006510416668 7.544404148165622 1130.071044921875 13.948974609375 125.53557739257812 40
150 1.3 46.76840444711539 25.154000223248683 1130.071044921875 13.948974609375 111.68398119055706 46
160 2 226.85283203125 621.7922049170984 2923.73095703125 13.698974609375 97.38054902674789 59
170 2 201.3932373046875 578.1324179153255 2923.73095703125 13.698974609375 130.15834219244462 79
180 2.6 148.7845458984375 134.79997098310497 2923.73095703125 13.698974609375 144.54923009390782 99
190 2.7 562.8498625578703 341.56925863057756 2923.73095703125 13.698974609375 145.43017578125 125
200 2.6 986.3630840594952 523.0410498603566 2923.73095703125 13.698974609375 219.57709382709703 152
210 2.3 2003.4927925441575 649.1503637349725 3491.19384765625 13.698974609375 331.57954183857095 178
220 3.2 2120.777114868164 1801.6381385910656 5282.148193359375 2.0458984375 522.8929983869714 201
230 4.6 1373.4386623216712 1725.7588558690773 5282.148193359375 2.032958984375 742.3448942127146 233
240 6.3 1284.0087541852683 1496.9602189600093 5282.148193359375 1.876953125 846.3961964815749 279
250 7.4 1876.0823545713683 1038.2713049005743 5282.148193359375 1.876953125 927.0090360585709 342
260 8.9 1640.5271736745085 757.509176006708 5282.148193359375 1.837890625 1095.8345782940205 416
270 8.6 1464.2793053915339 363.62570879455325 5282.148193359375 1.837890625 1191.829906984839 505
280 6.3 1176.8590649801583 299.24893194575685 5282.148193359375 1.837890625 1231.4756739272684 591
290 3.7 613.6291437922298 320.19056698848175 5282.148193359375 1.837890625 1226.214440955299 654
300 3.1 62.08157447076613 138.01401910738025 5282.148193359375 1.837890625 1193.4132021781159 691
310 1.2 14.441385904947916 6.347478490019589 5282.148193359375 1.837890625 1144.83802148708 722
320 0.8 15.963470458984375 2.7668529519827914 5282.148193359375 1.837890625 1126.357422540233 734
330 1.3 21.434645432692307 11.832253255173915 5282.148193359375 1.837890625 1114.385520091918 742
340 0.6 11.121826171875 4.6356684955670024 5282.148193359375 1.837890625 1095.5664984090438 755
350 0.2 15.2825927734375 6.0894775390625 5282.148193359375 1.837890625 1087.016343305991 761
360 0.2 26.785888671875 5.35595703125 5282.148193359375 1.837890625 1084.2070805260894 763
370 0 0 0 5282.148193359375 1.837890625 1081.4425806781046 765
380 0.2 12.4189453125 1.470947265625 5282.148193359375 1.837890625 1081.4425806781046 765
390 0.1 13.873046875 0.0 5282.148193359375 1.837890625 1078.6550353446871 767
400 0 0 0 5282.148193359375 1.837890625 1077.2686004638672 768
408 0.1 24.323974609375 0.0 5282.148193359375 1.837890625 1077.2686004638672 768
