20 0.2 90.93310546875 5.136962890625 96.070068359375 85.796142578125 0 0
30 0 0 0 96.070068359375 85.796142578125 90.93310546875 2
40 0.1 83.70703125 0.0 96.070068359375 83.70703125 90.93310546875 2
50 0 0 0 96.070068359375 83.70703125 88.5244140625 3
60 0.5 135.97041015625 50.97114652812744 223.30712890625 77.1181640625 88.5244140625 3
70 0.3 82.306396484375 2.729575087778884 223.30712890625 77.1181640625 118.17816162109375 8
80 0.6 101.34676106770833 15.79469713043016 223.30712890625 77.1181640625 108.39495294744319 11
90 0.7 160.18369838169642 123.19068001253046 433.947998046875 77.1181640625 105.90735581341912 17
100 0.7 291.53316824776783 485.2567585568558 1479.973876953125 77.1181640625 121.73795572916667 24
110 1 103.014892578125 28.413973578082384 1479.973876953125 77.1181640625 160.0788101688508 31
120 1 124.9120849609375 43.75539157321935 1479.973876953125 77.1181640625 146.160781488186 41
130 1.4 197.50714983258928 116.24957068958165 1479.973876953125 77.1181640625 141.9943704044118 51
140 1.2 207.1830037434896 163.37043720508828 1479.973876953125 75.655029296875 153.9509690504808 65
150 1.6 509.32643127441406 790.7319935563844 3160.175048828125 75.655029296875 162.24687056107956 77
160 1.2 243.27447509765625 159.8319147241691 3160.175048828125 75.655029296875 221.95948315692203 93
170 2.3 326.33653192934787 211.2876233155412 3160.175048828125 75.655029296875 224.39548223586308 105
180 1.8 431.44712999131946 274.5525676137104 3160.175048828125 75.655029296875 242.71301460266113 128
190 3.1 865.7974892893145 381.1817329404659 3160.175048828125 75.655029296875 265.98160417112587 146
200 4.2 1489.706327892485 418.7532381263994 3160.175048828125 75.655029296875 371.0341038245939 177
210 3.9 2568.3338904747598 582.8873263222455 4096.966064453125 75.655029296875 585.5739824129566 219
220 4.9 2756.397266621493 1868.9603060780807 5689.7060546875 1.85400390625 885.2935033990432 258
230 7.3 1567.8736287992297 1946.0885322145155 5689.7060546875 1.498046875 1183.9387294508347 307
240 9.4 1625.5850830078123 1696.729807374971 5689.7060546875 1.498046875 1257.694644325658 380
250 11.2 2089.4337419782373 1184.752283533639 5689.7060546875 1.498046875 1330.6518199292918 474
260 13.5 2004.8713396990745 805.7624547067356 5689.7060546875 1.498046875 1475.6749859181689 586
270 15.4 1681.0411598899145 536.2164793823944 5689.7060546875 1.451171875 1574.7616818410847 721
280 10.8 1359.1774879738136 412.929512101598 5689.7060546875 1.451171875 1593.466869977679 875
290 8.2 860.3971691596801 499.56638697079046 5689.7060546875 1.451171875 1567.7260223109265 983
300 3.2 307.873077392578 442.9252552181435 5689.7060546875 1.451171875 1513.2650214110183 1065
310 1.1 50.50175337357955 44.45267615515352 5689.7060546875 1.451171875 1478.1031780121214 1097
320 0.3 62.301025390625 38.881737913213904 5689.7060546875 1.451171875 1463.9302396808723 1108
330 0.2 142.340087890625 55.81201171875 5689.7060546875 1.451171875 1460.145462324553 1111
340 0.3 35.935628255208336 41.20873293041656 5689.7060546875 1.451171875 1457.7774382914283 1113
350 0 0 0 5689.7060546875 1.451171875 1453.9552828881053 1116
360 0 0 0 5689.7060546875 1.451171875 1453.9552828881053 1116
370 0 0 0 5689.7060546875 1.451171875 1453.9552828881053 1116
380 0 0 0 5689.7060546875 1.451171875 1453.9552828881053 1116
390 0 0 0 5689.7060546875 1.451171875 1453.9552828881053 1116
400 0 0 0 5689.7060546875 1.451171875 1453.9552828881053 1116
408 0 0 0 5689.7060546875 1.451171875 1453.9552828881053 1116
