0 0.1 8.528152079568576 0 8.528152079568576 8.528152079568576 0 0
10 0.1 2.359882005899705 0.0 8.528152079568576 2.359882005899705 8.528152079568576 1
20 0.1 1.968503937007874 0.0 8.528152079568576 1.968503937007874 5.44401704273414 2
30 0.1 1.966568338249754 0.0 8.528152079568576 1.966568338249754 4.285512674158718 3
40 0.1 1.7769002961500493 0.0 8.528152079568576 1.7769002961500493 3.705776590181477 4
50 0.1 2.551521099116781 0.0 8.528152079568576 1.7769002961500493 3.3200013313751917 5
60 0.1 2.546523016650343 0.0 8.528152079568576 1.7769002961500493 3.1919212926654565 6
70 0.1 2.4703557312252964 0.0 8.528152079568576 1.7769002961500493 3.099721538949012 7
80 0.1 2.366863905325444 0.0 8.528152079568576 1.7769002961500493 3.0210508129835474 8
90 0.1 3.0511811023622046 0.0 8.528152079568576 1.7769002961500493 2.9483633787993138 9
100 0.1 4.236453201970444 0.0 8.528152079568576 1.7769002961500493 2.958645151155603 10
110 0.1 4.4204322200392925 0.0 8.528152079568576 1.7769002961500493 3.074809519411497 11
120 0.1 4.901960784313726 0.0 8.528152079568576 1.7769002961500493 3.1869447444638137 12
130 0.1 5.506391347099312 0.0 8.528152079568576 1.7769002961500493 3.3188690552214988 13
140 0.1 7.729941291585127 0.0 8.528152079568576 1.7769002961500493 3.4751206474984855 14
150 0.1 7.804878048780488 0.0 8.528152079568576 1.7769002961500493 3.7587753571042617 15
160 0.1 12.270531400966183 0.0 12.270531400966183 1.7769002961500493 4.011656775334026 16
170 0.1 13.203883495145632 0.0 13.203883495145632 1.7769002961500493 4.497472929782976 17
180 0.1 15.17509727626459 0.0 15.17509727626459 1.7769002961500493 4.981162405636457 18
190 0.1 21.564885496183205 0.0 21.564885496183205 1.7769002961500493 5.517685293564253 19
200 0.1 24.733268671193017 0.0 24.733268671193017 1.7769002961500493 6.320045303695201 20
210 0.1 30.283018867924525 0.0 30.283018867924525 1.7769002961500493 7.196865464052239 21
220 0.1 37.488196411709154 0.0 37.488196411709154 1.7769002961500493 8.24623607331916 22
230 0.1 43.45794392523364 0.0 43.45794392523364 1.7769002961500493 9.51762565324916 23
240 0.1 41.78403755868544 0.0 43.45794392523364 1.7769002961500493 10.931805581248513 24
250 0.1 32.136105860113425 0.0 43.45794392523364 1.7769002961500493 12.165894860345992 25
260 0.1 27.714285714285715 0.0 43.45794392523364 1.7769002961500493 12.933979898798585 26
270 0.1 24.734299516908212 0.0 43.45794392523364 1.7769002961500493 13.481398632705517 27
280 0.1 19.070667957405615 0.0 43.45794392523364 1.7769002961500493 13.88328794999847 28
290 0.1 19.23444976076555 0.0 43.45794392523364 1.7769002961500493 14.06216312266768 29
300 0.1 26.838586437440306 0.0 43.45794392523364 1.7769002961500493 14.234572677270942 30
310 0.1 8.93909626719057 0.0 43.45794392523364 1.7769002961500493 14.641153766308664 31
320 0.1 4.12573673870334 0.0 43.45794392523364 1.7769002961500493 14.462964469461223 32
330 0.1 2.4679170779861797 0.0 43.45794392523364 1.7769002961500493 14.149715144286741 33
340 0.1 1.87192118226601 0.0 43.45794392523364 1.7769002961500493 13.806132848219077 34
350 0.1 1.6748768472906401 0.0 43.45794392523364 1.6748768472906401 13.46515537204899 35
360 0.1 1.4807502467917077 0.0 43.45794392523364 1.4807502467917077 13.137647635250147 36
370 0.1 1.3779527559055118 0.0 43.45794392523364 1.3779527559055118 12.822596354481 37
380 0.1 1.085883514313919 0.0 43.45794392523364 1.085883514313919 12.52142152293954 38
388 0.1 1.282051282051282 0.0 43.45794392523364 1.085883514313919 12.228202599641449 39
