0 0.1 0.08984375 0 0.08984375 0.08984375 0 0
10 0.1 0.0703125 0.0 0.08984375 0.0703125 0.08984375 1
20 0.1 0.05859375 0.0 0.08984375 0.05859375 0.080078125 2
30 0.1 0.05078125 0.0 0.08984375 0.05078125 0.07291666666666667 3
40 0.1 0.0390625 0.0 0.08984375 0.0390625 0.0673828125 4
50 0.1 0.0390625 0.0 0.08984375 0.0390625 0.06171875 5
60 0.1 0.1015625 0.0 0.1015625 0.0390625 0.057942708333333336 6
70 0.1 0.078125 0.0 0.1015625 0.0390625 0.06417410714285714 7
80 0.1 0.0703125 0.0 0.1015625 0.0390625 0.06591796875 8
90 0.1 0.05859375 0.0 0.1015625 0.0390625 0.06640625 9
100 0.1 0.05078125 0.0 0.1015625 0.0390625 0.065625 10
110 0.1 0.0390625 0.0 0.1015625 0.0390625 0.06427556818181818 11
120 0.1 0.0390625 0.0 0.1015625 0.0390625 0.062174479166666664 12
130 0.1 0.1015625 0.0 0.1015625 0.0390625 0.060396634615384616 13
140 0.1 0.08984375 0.0 0.1015625 0.0390625 0.06333705357142858 14
150 0.1 0.1484375 0.0 0.1484375 0.0390625 0.06510416666666667 15
160 0.1 0.12890625 0.0 0.1484375 0.0390625 0.0703125 16
170 0.1 0.19140625 0.0 0.19140625 0.0390625 0.07375919117647059 17
180 0.1 0.16015625 0.0 0.19140625 0.0390625 0.0802951388888889 18
190 0.1 0.2109375 0.0 0.2109375 0.0390625 0.0844983552631579 19
200 0.1 0.26171875 0.0 0.26171875 0.0390625 0.0908203125 20
210 0.1 0.2890625 0.0 0.2890625 0.0390625 0.09895833333333333 21
220 0.1 0.328125 0.0 0.328125 0.0390625 0.10759943181818182 22
230 0.1 0.28125 0.0 0.328125 0.0390625 0.1171875 23
240 0.1 0.23046875 0.0 0.328125 0.0390625 0.1240234375 24
250 0.1 0.26953125 0.0 0.328125 0.0390625 0.12828125 25
260 0.1 0.30078125 0.0 0.328125 0.0390625 0.13371394230769232 26
270 0.1 0.26171875 0.0 0.328125 0.0390625 0.13990162037037038 27
280 0.1 0.2890625 0.0 0.328125 0.0390625 0.14425223214285715 28
290 0.1 0.25 0.0 0.328125 0.0390625 0.1492456896551724 29
300 0.1 0.2890625 0.0 0.328125 0.0390625 0.15260416666666668 30
310 0.1 0.3203125 0.0 0.328125 0.0390625 0.15700604838709678 31
320 0.1 0.33984375 0.0 0.33984375 0.0390625 0.162109375 32
330 0.1 0.2890625 0.0 0.33984375 0.0390625 0.16749526515151514 33
340 0.1 0.25 0.0 0.33984375 0.0390625 0.17107077205882354 34
350 0.1 0.2109375 0.0 0.33984375 0.0390625 0.17332589285714287 35
360 0.1 0.1796875 0.0 0.33984375 0.0390625 0.1743706597222222 36
370 0.1 0.1484375 0.0 0.33984375 0.0390625 0.17451435810810811 37
380 0.1 0.12890625 0.0 0.33984375 0.0390625 0.173828125 38
388 0.1 0.109375 0.0 0.33984375 0.0390625 0.17267628205128205 39
