0 2.4 131.50025431315106 171.0882011260091 407.684814453125 9.114990234375 0 0
10 5.8 27.554279195851297 53.677234765796165 407.684814453125 7.84619140625 131.50025431315106 24
20 7 16.1620361328125 18.047456264788504 407.684814453125 7.462890625 57.97749142530489 82
30 7.9 18.548797221123415 21.834333047655832 407.684814453125 7.462890625 38.72037385639392 152
40 10.5 16.574009486607135 17.206284423655273 407.684814453125 6.840087890625 31.82186929281656 231
50 13.6 22.854973288143384 50.10082011542678 435.390869140625 6.840087890625 27.056913103376115 336
60 16.6 21.16239322524473 23.998385155042744 435.390869140625 6.840087890625 25.846184682037872 472
70 12.8 17.307039260864244 20.179620666626555 435.390869140625 6.64697265625 24.627517939361287 638
80 16.9 23.913487541605026 42.08756503694406 437.635009765625 6.64697265625 23.404252572719486 766
90 27.3 23.636855576064562 48.5876989700367 455.778076171875 6.64697265625 23.496296112550134 935
100 34.1 20.97554727593475 36.3441952121101 468.934814453125 6.64697265625 23.52806162044702 1208
110 34.2 22.966030187774138 38.238568519076225 468.934814453125 6.64697265625 22.966145938407845 1549
120 39.2 19.248974235690387 22.22675055096327 468.934814453125 6.64697265625 22.966125004131417 1891
130 53.3 21.31543518409942 36.893268809685715 498.574951171875 6.64697265625 22.327875726326386 2283
140 66.2 17.641485024074775 19.099842490910444 498.574951171875 6.64697265625 22.13624546744607 2816
150 83.1 20.016422349766838 27.49121615691719 498.574951171875 6.64697265625 21.280716021352973 3478
160 122.5 21.708449457908134 32.62561144624218 498.574951171875 6.512939453125 21.036894243425824 4309
170 136.1 19.103708282627693 25.971447028883286 498.574951171875 6.512939453125 21.185548948474764 5534
180 179.1 20.76970641510503 28.54518739753147 634.1201171875 6.35595703125 20.77461564227928 6895
190 232.1 26.684456920171815 43.01317009778013 634.1201171875 6.35595703125 20.77360338970398 8686
200 289.6 31.814986929709068 53.797677527695186 664.154052734375 6.35595703125 22.0200003229479 11007
210 360.5 27.129222786277747 40.494649456907716 664.154052734375 6.35595703125 24.060299626204777 13903
220 451.4 60.903598851316765 161.63930668427105 2723.902099609375 6.35595703125 24.692208924357793 17508
230 391.2 576.6900363914323 683.4026900712195 5164.428955078125 1.09912109375 32.114705252134236 22022
240 383.4 1620.7239920188808 1049.4837343502868 7190.569091796875 1.010986328125 114.26087226905928 25934
250 327.7 2060.3465323240084 1454.9598663314412 7938.6689453125 1.010986328125 308.28733024812453 29768
260 318.6 2270.9457700529415 1860.5281127407054 8755.1572265625 0.972900390625 482.0351893857451 33045
270 270.9 2699.889780646551 2184.2385368931605 10008.409912109375 0.9599609375 639.3443751660351 36231
280 220.5 3188.4043306450176 2052.606799864811 11187.85498046875 0.9599609375 782.6935663177228 38940
290 337.6 1862.280021992906 1651.8896744023575 11187.85498046875 0.9599609375 911.617912783677 41145
300 309.2 444.3468422636798 649.0156898795278 11187.85498046875 0.9599609375 983.7060348090213 44521
310 58.7 16.60354099566122 16.01848344029107 11187.85498046875 0.9599609375 948.6799154015024 47613
320 30.6 16.484844930810876 12.64881672975211 11187.85498046875 0.9599609375 937.3286948252321 48200
330 15.1 14.716282724544701 9.44406577970048 11187.85498046875 0.9599609375 931.5195533155695 48506
340 8.5 15.474778837316176 9.85073731679522 11187.85498046875 0.9599609375 928.6743862510311 48657
350 3.1 12.408699281754032 3.905744977968099 11187.85498046875 0.9599609375 927.0818794472445 48742
360 8.7 15.689498024425287 4.684970757040876 11187.85498046875 0.9599609375 926.5005154018684 48773
370 0.2 8.2474365234375 0.0584716796875 11187.85498046875 0.9599609375 924.8787274667101 48860
380 3.4 17.57021915211397 4.819387803104345 11187.85498046875 0.9599609375 924.8412082783451 48862
388 1.7 15.234274471507353 3.279163474084816 11187.85498046875 0.9599609375 924.2103343084848 48896
