0 2.4 131.50025431315106 171.0882011260091 407.684814453125 9.114990234375 0 0
10 6.1 26.196833376024593 51.93643427364938 407.684814453125 7.10302734375 131.50025431315106 24
20 8.2 13.77931176162348 15.628087782090377 407.684814453125 5.531982421875 55.929563993566184 85
30 9.3 15.740867040490592 18.9621003191023 407.684814453125 5.531982421875 35.23303295752247 167
40 12.8 13.574405670166016 14.896435675963572 407.684814453125 5.531982421875 28.26083514873799 260
50 16.2 19.168588143807863 45.54514068584786 435.390869140625 5.531982421875 23.415827485703936 388
60 20.5 17.11579768483232 21.123067803969274 435.390869140625 5.531982421875 22.16482244318182 550
70 14.5 15.266812028556034 17.779083415142296 435.390869140625 5.531982421875 20.793895190914736 755
80 20.1 20.090656337453353 37.271397034805645 437.635009765625 5.531982421875 19.90342068142361 900
90 33.7 19.1244472424425 43.277367177353405 446.862060546875 5.531982421875 19.937602667674273 1101
100 40 17.866101074218747 33.038721630949865 460.91796875 5.531982421875 19.747037036030942 1438
110 41.3 19.015132580773322 34.397849789475785 460.91796875 5.531982421875 19.337692974700758 1838
120 46.9 16.057370444096485 19.124273550216866 460.91796875 5.531982421875 19.278511525259606 2251
130 60.4 18.798866120395296 34.04727216283244 489.791015625 5.531982421875 18.723101537367878 2720
140 77.7 15.021912956483273 16.8427056869232 489.791015625 5.531982421875 18.736868627665277 3324
150 96.1 17.29047856643469 24.52861981712294 489.791015625 5.512939453125 18.03301089625625 4101
160 147.1 18.059806818543876 29.045507653561874 489.791015625 5.512939453125 17.892044169871717 5062
170 160.3 16.209045143627172 23.141007675301182 489.791015625 5.512939453125 17.929818371034543 6533
180 206.1 18.028817359594864 25.906886405332983 634.1201171875 5.512939453125 17.590782052999387 8136
190 269.4 22.982367410072186 39.23121440378043 634.1201171875 5.512939453125 17.679316991402178 10197
200 339.5 27.115433139267306 48.94652088761315 654.18408203125 5.512939453125 18.787564437519393 12891
210 411.2 23.79054189006642 37.16185229355027 654.18408203125 5.512939453125 20.52360239910813 16286
220 515.7 53.411477885413646 151.00676585511334 2723.902099609375 5.512939453125 21.182179474645952 20398
230 446.6 523.9240609496576 636.6162951386465 5164.428955078125 1.09912109375 27.68605315511275 25555
240 443.4 1428.0620227309546 880.441689082215 7190.569091796875 1.010986328125 101.50767611272367 30021
250 386.2 1762.4324351250968 1152.9550452330004 7668.3720703125 1.010986328125 272.2214178891055 34455
260 386.7 1873.3307288509934 1495.808101524927 8527.630126953125 0.972900390625 422.4209363421524 38317
270 331.1 2212.4135296083355 1717.5830996114234 8527.630126953125 0.9599609375 555.4255866273717 42184
280 271.4 2642.042748987453 1632.1657903558278 9304.10302734375 0.9599609375 676.0165763891031 45495
290 447.3 1328.5545338546046 1155.9796793399953 9304.10302734375 0.9599609375 786.6970516620172 48209
300 426.9 304.4016786397938 478.90830173314464 9304.10302734375 0.9599609375 832.7038190179917 52682
310 74.6 13.01933979924179 14.104124810717673 9304.10302734375 0.9599609375 793.1027261965395 56951
320 41.2 12.211418077783673 10.739100502561547 9304.10302734375 0.9599609375 783.0165482973006 57697
330 20.6 10.755551236347085 7.8868341634598345 9304.10302734375 0.9599609375 777.5514445500249 58109
340 12.4 10.571688744329638 8.497700891300624 9304.10302734375 0.9599609375 774.8427083068179 58315
350 4 9.588641357421874 2.4538835132712054 9304.10302734375 0.9599609375 773.2210240475775 58439
360 13.2 10.299828731652463 3.5499412977950078 9304.10302734375 0.9599609375 772.6986947446209 58479
370 0.2 8.2474365234375 0.0584716796875 9304.10302734375 0.9599609375 770.9816680719192 58611
380 5.2 11.440720778245192 2.983713591416423 9304.10302734375 0.9599609375 770.9556419605942 58613
388 2.6 9.915452223557692 2.943116425181879 9304.10302734375 0.9599609375 770.2824164274572 58665
