0 85.834375 85.834375
10 173.634375 259.46875
20 182.090625 441.559375
30 220.3859375 661.9453125
40 314.1375 976.0828125
50 386.9515625 1363.034375
60 544.47890625 1907.51328125
70 372.98828125 2280.5015625
80 529.75078125 2810.25234375
90 902.80625 3713.05859375
100 1064.00703125 4777.065625
110 1108.44921875 5885.51484375
120 1260.29453125 7145.809375
130 1642.18046875 8787.98984375
140 2024.3984375 10812.38828125
150 2536.77109375 13349.159375
160 3990.9765625 17340.1359375
170 4060.78203125 21400.91796875
180 5559.77265625 26960.690625
190 7246.38828125 34207.07890625
200 9107.8125 43314.89140625
210 10843.91171875 54158.803125
220 13270.03984375 67428.84296875
230 11419.859375 78848.70234375
240 10618.80078125 89467.503125
250 8014.7796875 97482.2828125
260 8063.01875 105545.3015625
270 6918.18125 112463.4828125
280 6644.634375 119108.1171875
290 11183.559375 130291.6765625
300 10476.3859375 140768.0625
310 1908.453125 142676.515625
320 1099.18671875 143775.70234375
330 497.01328125 144272.715625
340 297.30859375 144570.02421875
350 96.709375 144666.73359375
360 344.2265625 145010.96015625
370 4.3828125 145015.34296875
380 141.51171875 145156.8546875
388 69.89140625 145226.74609375
