0 0.7 347.173583984375 132.1543508250873 407.742919921875 23.68212890625 0 0
10 0.9 64.70171440972223 117.65334875230351 407.742919921875 22.361083984375 347.173583984375 7
20 0.2 23.2620849609375 0.0640869140625 407.742919921875 22.361083984375 188.2831573486328 16
30 0.3 22.384033203125 1.262173550012298 407.742919921875 20.9599609375 169.94748263888889 18
40 0.3 23.730387369791668 0.7458339414114575 407.742919921875 20.9599609375 148.8669898623512 21
50 0.5 23.1001953125 0.617511685372804 407.742919921875 20.9599609375 133.22491455078128 24
60 0.5 27.912451171875 9.089784395411808 407.742919921875 20.9599609375 114.23789399245693 29
70 0.9 22.704454210069443 0.9629502353343332 407.742919921875 20.9599609375 101.54297593060664 34
80 0.6 91.83723958333333 154.67190301180278 437.68701171875 20.780029296875 85.04188998909886 43
90 1.6 23.399505615234375 1.6835705471763278 437.68701171875 20.780029296875 85.87397361288266 49
100 1.6 26.091476440429688 9.200884524339665 437.68701171875 20.780029296875 70.49564302884617 65
110 1.8 23.852783203125 1.5194896549567127 437.68701171875 20.780029296875 61.724449628665134 81
120 2.6 24.144737830528847 3.090566963341837 437.68701171875 20.780029296875 54.838692096748744 99
130 3.4 40.22707950367647 71.05170544910249 441.407958984375 20.0458984375 48.45434960937501 125
140 3.8 24.100142629523027 2.0783298754156956 441.407958984375 20.0458984375 46.69505914652123 159
150 5.8 25.47028640220905 7.126325068260367 441.407958984375 19.76416015625 42.33664885390228 197
160 8.1 25.18915473090277 5.2944811971537815 441.407958984375 19.68798828125 38.50037817861519 255
170 6.9 34.44803342957429 46.00988505169263 441.407958984375 19.68798828125 35.291422526041664 336
180 11.2 28.90539332798549 10.832915273456782 441.407958984375 19.68798828125 35.147734013310185 405
190 16.1 40.9365795443517 62.43782013034514 528.7509765625 19.68798828125 33.79542810082205 517
200 19 47.945189144736844 51.79756382131467 528.7509765625 19.68798828125 35.4911882518667 678
210 25.5 38.60420017616419 17.066493001090613 528.7509765625 19.68798828125 38.21729443809404 868
220 30.6 101.8512680951286 107.88860393127558 612.492919921875 19.68798828125 38.30514925840382 1123
230 22.5 593.4708810763888 468.887135182026 2199.467041015625 19.68798828125 51.9126456643085 1429
240 21.7 1492.4029152865783 702.2271091181013 3901.5 1.18896484375 125.58290138844275 1654
250 0.5 2178.262939453125 702.0072378241059 3901.5 1.18896484375 284.107723951722 1871
260 0 0 0 3901.5 1.18896484375 289.15611205273854 1876
270 0 0 0 3901.5 1.18896484375 289.15611205273854 1876
280 0 0 0 3901.5 1.18896484375 289.15611205273854 1876
290 0 0 0 3901.5 1.18896484375 289.15611205273854 1876
300 0 0 0 3901.5 1.18896484375 289.15611205273854 1876
310 0 0 0 3901.5 1.18896484375 289.15611205273854 1876
320 0 0 0 3901.5 1.18896484375 289.15611205273854 1876
330 0 0 0 3901.5 1.18896484375 289.15611205273854 1876
340 0 0 0 3901.5 1.18896484375 289.15611205273854 1876
350 0 0 0 3901.5 1.18896484375 289.15611205273854 1876
360 0 0 0 3901.5 1.18896484375 289.15611205273854 1876
370 0 0 0 3901.5 1.18896484375 289.15611205273854 1876
380 0 0 0 3901.5 1.18896484375 289.15611205273854 1876
388 0 0 0 3901.5 1.18896484375 289.15611205273854 1876
