0 0.2 17.4984130859375 1.3775634765625 18.8759765625 16.120849609375 0 0
10 0.7 14.485177176339286 2.722021757946966 18.8759765625 9.76904296875 17.4984130859375 2
20 0.8 9.533416748046875 0.32673620043079515 18.8759765625 9.135009765625 15.15478515625 9
30 0.1 10.044921875 0.0 18.8759765625 9.135009765625 12.509435317095589 17
40 0.4 9.727294921875 0.4295314505456239 18.8759765625 9.135009765625 12.372517903645834 18
50 0.6 11.748331705729166 3.2161831185654535 18.8759765625 8.940185546875 11.891568270596592 22
60 0.3 15.206705729166666 8.463065813038833 27.175048828125 8.940185546875 11.860874720982142 28
70 1 10.1349365234375 0.9442552379380057 27.175048828125 8.940185546875 12.184664818548388 31
80 0.6 9.810506184895834 0.9634128149326971 27.175048828125 7.81005859375 11.684731088033537 41
90 0.7 14.457589285714286 10.292108014664258 39.296875 7.81005859375 11.44546833444149 47
100 2.1 11.524634951636905 5.253149058539975 39.296875 7.81005859375 11.83592845775463 54
110 1.8 10.374796549479166 1.7232352855296795 39.296875 7.81005859375 11.748766276041666 75
120 1.9 9.882131476151315 1.4038195472500372 39.296875 7.81005859375 11.482836651545698 93
130 2.8 14.310407366071429 9.540693392583336 47.001953125 7.81005859375 11.211288452148438 112
140 3.6 12.388814290364584 5.894093224509738 47.001953125 7.774169921875 11.831112234933036 140
150 4.6 10.130042034646738 3.812374294142269 47.001953125 7.39990234375 11.945187655362217 176
160 7.6 11.790453459087171 5.672867733165643 47.001953125 7.39990234375 11.56907640061937 222
170 6.6 9.587250680634469 1.9092857568553405 47.001953125 7.39990234375 11.62553497928901 298
180 8.9 12.442089295119382 5.548276803157976 47.001953125 7.39990234375 11.255955958104396 364
190 14.5 13.935065328663796 6.288673438124029 47.001953125 7.39990234375 11.488993192087472 453
200 16.8 16.40438552129837 7.56896804829769 58.136962890625 7.39990234375 12.082104328882734 598
210 22.8 16.42337196751645 9.758474393675016 101.7568359375 7.39990234375 13.030072005548304 766
220 26.1 33.627860467552686 50.952310882150286 332.177001953125 7.39990234375 13.808414451553068 994
230 25.1 602.633420419883 570.1644471549002 2700.545166015625 1.150146484375 17.93022752739044 1255
240 23.9 1468.5372799669838 767.7789959684998 4024.6630859375 1.150146484375 115.38075967613919 1506
250 11.6 1809.2485498888739 880.4159120312665 4032.091064453125 1.10986328125 300.7127988449139 1745
260 1.4 2984.85067313058 1106.9432937798172 5305.302001953125 1.10986328125 394.74296924851376 1861
270 0.1 1.2158203125 0.0 5305.302001953125 1.10986328125 414.08244010416655 1875
280 0 0 0 5305.302001953125 1.10986328125 413.86236194862727 1876
290 0 0 0 5305.302001953125 1.10986328125 413.86236194862727 1876
300 0 0 0 5305.302001953125 1.10986328125 413.86236194862727 1876
310 0 0 0 5305.302001953125 1.10986328125 413.86236194862727 1876
320 0 0 0 5305.302001953125 1.10986328125 413.86236194862727 1876
330 0 0 0 5305.302001953125 1.10986328125 413.86236194862727 1876
340 0 0 0 5305.302001953125 1.10986328125 413.86236194862727 1876
350 0 0 0 5305.302001953125 1.10986328125 413.86236194862727 1876
360 0 0 0 5305.302001953125 1.10986328125 413.86236194862727 1876
370 0 0 0 5305.302001953125 1.10986328125 413.86236194862727 1876
380 0 0 0 5305.302001953125 1.10986328125 413.86236194862727 1876
388 0 0 0 5305.302001953125 1.10986328125 413.86236194862727 1876
