0 0.1 33.662841796875 0 33.662841796875 33.662841796875 0 0
10 0.7 25.965611049107142 10.434070335667057 33.662841796875 8.864990234375 33.662841796875 1
20 0.7 13.162562779017858 8.202154036612875 33.662841796875 8.802978515625 26.927764892578125 8
30 0.2 9.5140380859375 0.3350830078125 33.662841796875 8.802978515625 20.50400390625 15
40 0.4 9.44281005859375 1.1051844763795065 33.662841796875 8.01904296875 19.211066750919116 17
50 0.4 15.447998046875 9.968562405414584 33.662841796875 8.01904296875 17.350446428571427 21
60 0.6 11.195149739583334 3.381893763444201 33.662841796875 8.01904296875 17.046054687499996 25
70 0.7 20.441580636160715 26.810417510669556 86.083984375 8.01904296875 15.91362147177419 31
80 0.7 11.948207310267858 4.52405154915096 86.083984375 8.01904296875 16.747719212582233 38
90 0.6 10.628255208333334 3.539460170841608 86.083984375 8.01904296875 16.00112847222222 45
100 2.3 9.691247027853262 1.016832542481866 86.083984375 8.01904296875 15.369025735294116 51
110 1.6 9.285064697265625 0.7708662907083443 86.083984375 8.01904296875 13.604310731630067 74
120 1.9 9.72376130756579 0.9725102480327279 86.083984375 8.01904296875 12.836444769965278 90
130 2.5 12.6625 8.988214505249116 86.083984375 8.01904296875 12.29386691872133 109
140 3.6 10.373324924045143 3.196416684880723 86.083984375 7.820068359375 12.362641747318097 134
150 4.4 9.815352006392045 2.4450353075730398 86.083984375 7.820068359375 11.941374655330883 170
160 6.8 11.310037051930147 4.681814723713873 86.083984375 7.62890625 11.504248503212617 214
170 7.3 14.527484214469178 36.37722012030888 321.544921875 7.550048828125 11.457417373116135 282
180 8.1 11.530626085069445 4.116123493517658 321.544921875 7.385009765625 12.088726892605633 355
190 13.4 13.270043216534514 11.072659104122009 321.544921875 7.385009765625 11.985043026985378 436
200 15.9 13.476499545499214 5.25457322735405 321.544921875 7.385009765625 12.287130790844298 570
210 21.3 14.62537709983862 8.964699494791672 321.544921875 7.385009765625 12.546540436921296 729
220 26 27.482783390925476 39.77961488884451 321.544921875 7.385009765625 13.016595860701964 942
230 21 473.124910481771 516.675858511495 2748.462890625 1.322998046875 16.145721283212875 1202
240 23.6 1385.6746029611363 766.2110280882314 3900.160888671875 1.14697265625 84.11004828866415 1412
250 19.3 1955.61778962921 866.7061076793573 3916.77099609375 1.131103515625 270.49914713739196 1648
260 3 2828.499503580729 1420.04679768672 5407.309814453125 1.131103515625 447.1574295930795 1841
270 0.5 2445.12021484375 1389.9035977724952 5407.309814453125 1.131103515625 485.34035969443147 1871
280 0 0 0 5407.309814453125 1.131103515625 490.56365355143924 1876
290 0 0 0 5407.309814453125 1.131103515625 490.56365355143924 1876
300 0 0 0 5407.309814453125 1.131103515625 490.56365355143924 1876
310 0 0 0 5407.309814453125 1.131103515625 490.56365355143924 1876
320 0 0 0 5407.309814453125 1.131103515625 490.56365355143924 1876
330 0 0 0 5407.309814453125 1.131103515625 490.56365355143924 1876
340 0 0 0 5407.309814453125 1.131103515625 490.56365355143924 1876
350 0 0 0 5407.309814453125 1.131103515625 490.56365355143924 1876
360 0 0 0 5407.309814453125 1.131103515625 490.56365355143924 1876
370 0 0 0 5407.309814453125 1.131103515625 490.56365355143924 1876
380 0 0 0 5407.309814453125 1.131103515625 490.56365355143924 1876
388 0 0 0 5407.309814453125 1.131103515625 490.56365355143924 1876
