20 0.8 8.768157958984375 0.12660015261370286 8.982177734375 8.55908203125 0 0
30 0.8 10.532379150390625 0.1545037409951006 10.821044921875 8.55908203125 8.768157958984375 8
40 1.6 10.109970092773438 1.2075048460994877 14.742919921875 8.55908203125 9.6502685546875 16
50 1.6 10.932754516601563 0.617620666027678 14.742919921875 8.55908203125 9.880119323730469 32
60 2.4 10.290059407552084 0.7696045194127673 14.742919921875 8.55908203125 10.230997721354166 48
70 0.8 9.7669677734375 0.19286460382672804 14.742919921875 8.55908203125 10.250684950086805 72
80 1.6 10.399383544921875 1.1696476396014528 14.742919921875 8.55908203125 10.202313232421876 80
90 4 10.6512939453125 0.7954587509644797 14.742919921875 8.55908203125 10.235158284505209 96
100 3.2 10.043922424316406 1.6049745944993197 15.31298828125 8.55908203125 10.357551125919118 136
110 3.9 11.102820763221152 4.323193566238713 37.1201171875 8.55908203125 10.297812325613839 168
120 4.1 10.77979111089939 3.380658645794352 37.1201171875 8.55908203125 10.449480581974635 207
130 3.2 10.68133544921875 1.4064139495751582 37.1201171875 8.55908203125 10.504088371030743 248
140 6.6 10.199055989583334 1.1875294961059668 37.1201171875 8.55908203125 10.524345179966517 280
150 5.4 11.41614673755787 4.975690020001399 37.1201171875 8.55908203125 10.46229579682984 346
160 14.4 12.74448649088542 7.146712205121142 66.169921875 8.55908203125 10.591065673828124 400
170 13.9 11.638961682216726 4.174181629092148 66.169921875 8.55908203125 11.161088831284466 544
180 15.7 12.840202963276276 5.511355707336306 66.169921875 8.550048828125 11.258342603289714 683
190 17.9 15.852404035003497 8.924395566539445 93.72705078125 8.525146484375 11.553999837239584 840
200 26.7 17.28362739934457 8.157742038876595 96.325927734375 8.525146484375 12.309067895531772 1019
210 28.2 18.860840709496895 8.952758421644432 96.325927734375 8.525146484375 13.3418885701181 1286
220 28.7 32.578825096635455 56.302138379713845 463.452880859375 8.525146484375 14.334455217633929 1568
230 22.4 133.49056025913788 231.2911711840792 1293.030029296875 8.525146484375 17.157169047970015 1855
240 14.1 712.7927107574246 757.5241673524623 3062.325927734375 1.071044921875 29.691406484863524 2079
250 17.3 1324.275606541275 1144.2942657479064 4109.69189453125 1.071044921875 73.07757040487753 2220
260 33.1 1114.1764546650757 1238.238677273297 5325.95703125 1.06005859375 163.53192069806465 2393
270 35.8 1591.1698536792946 1612.6615720731781 5447.988037109375 1.030029296875 279.0470971823086 2724
280 34.4 2253.2299953726833 1592.426117018761 6207.4560546875 1.030029296875 431.4610968013615 3082
290 96.3 968.2693233628617 819.6946629725334 6207.4560546875 1.030029296875 614.382433960887 3426
300 120.3 253.78532530165452 322.7651134761925 6207.4560546875 1.030029296875 692.0295231598166 4389
310 13.6 12.178788129021143 9.849605710552215 6207.4560546875 1.030029296875 597.7505943287421 5592
320 8.8 10.794219970703123 2.827018349991208 6207.4560546875 1.030029296875 583.8473531200895 5728
330 4.8 9.970932006835938 2.612328514112269 6207.4560546875 1.030029296875 575.1766729761509 5816
340 3.2 9.255363464355469 2.145077004920194 6207.4560546875 1.030029296875 570.5501594075072 5864
350 0.8 9.798004150390625 0.20990738074759255 6207.4560546875 1.030029296875 567.5037833101223 5896
360 4 10.382452392578125 0.9557066567231828 6207.4560546875 1.030029296875 566.748084422372 5904
370 0 0 0 6207.4560546875 1.030029296875 563.0040357546076 5944
380 1.6 11.684829711914063 0.6372689255437439 6207.4560546875 1.030029296875 563.0040357546076 5944
388 0.8 9.7469482421875 0.17598428656321738 6207.4560546875 1.030029296875 561.5239841947614 5960
