20 0.8 5.86749267578125 0.3590795453078654 6.7890625 5.60595703125 0 0
30 0.8 7.660888671875 1.9501133320348527 12.7412109375 5.60595703125 5.86749267578125 8
40 1.6 6.9558563232421875 1.123791775063357 12.7412109375 5.60595703125 6.764190673828125 16
50 1.6 7.289215087890625 0.8986765704106506 12.7412109375 5.60595703125 6.860023498535156 32
60 2.4 6.802886962890625 0.5676786220100374 12.7412109375 5.60595703125 7.0030873616536455 48
70 0.8 10.37872314453125 9.26570622419005 34.802978515625 5.60595703125 6.936353895399305 72
80 1.6 6.644287109375 0.3401620185723884 34.802978515625 5.60595703125 7.2805908203125 80
90 4 6.811419677734375 0.27693818695017164 34.802978515625 5.60595703125 7.174540201822917 96
100 3.2 6.470787048339844 0.7209664140642509 34.802978515625 5.60595703125 7.067740047679228 136
110 4 6.856072998046875 0.5691481317811846 34.802978515625 5.60595703125 6.954034714471726 168
120 4 6.96549072265625 1.501611891131689 34.802978515625 5.60595703125 6.9351959228515625 208
130 3.2 6.936485290527344 0.9679248146922499 34.802978515625 5.60595703125 6.940082180884577 248
140 6.7 6.627193621735074 0.6990674924775427 34.802978515625 5.60595703125 6.939671107700893 280
150 5.3 7.166660524764151 2.3189672059478776 34.802978515625 5.60595703125 6.879336838076369 347
160 14.4 7.4822845458984375 2.442982297132423 34.802978515625 5.60595703125 6.9174072265625 400
170 14 7.655339704241071 2.5783252695818373 34.802978515625 5.60595703125 7.066933575798483 544
180 15.6 8.144265199318914 3.0869925641242535 34.802978515625 5.60595703125 7.187367578696089 684
190 18 10.632339138454862 15.238157221563949 207.638916015625 5.60595703125 7.365077136811757 840
200 26.6 12.298312309093049 16.750073993826632 235.98388671875 5.60595703125 7.94165278416054 1020
210 28.2 11.170097621620123 5.679128155842247 235.98388671875 5.60595703125 8.842796978275663 1286
220 29 13.740789163523708 7.0950806802196045 235.98388671875 5.60595703125 9.26135487459144 1568
230 22.4 138.00978306361608 280.3594297380893 2108.330078125 5.60595703125 9.960513078999599 1858
240 15.3 705.2195302925861 708.3798004381538 2204.455078125 1.1279296875 23.73718765947707 2082
250 19.3 1291.9141383986403 1101.1924972625216 4391.027099609375 1.1279296875 70.38899903436105 2235
260 34.7 1172.010570515129 1242.9534045223086 5325.342041015625 1.089111328125 167.487167031604 2428
270 36.9 1547.342159446985 1535.0250052775295 5438.015869140625 1.087890625 293.0978412690033 2775
280 36.2 2229.0493116852977 1527.0632016735176 6209.43701171875 1.087890625 440.3039969330222 3144
290 97.6 1026.0151344674553 879.6353697977124 6209.43701171875 1.087890625 624.9947567562748 3506
300 111 251.30123609938073 325.0597722904164 6209.43701171875 1.087890625 712.3209255751307 4482
310 13.6 7.288324692670036 2.029788296460307 6209.43701171875 1.087890625 620.8095065268327 5592
320 8.8 7.410014759410512 2.439326822104866 6209.43701171875 1.087890625 606.2426628240662 5728
330 4.8 7.246948242187499 1.5164955873425188 6209.43701171875 1.087890625 597.1819212439958 5816
340 3.2 6.920158386230469 0.9348111444931777 6209.43701171875 1.087890625 592.3529855850451 5864
350 0.8 6.58575439453125 0.18346330391349763 6209.43701171875 1.087890625 589.1756025337626 5896
360 4 7.087371826171875 1.00830892444121 6209.43701171875 1.087890625 588.3861853953625 5904
370 0 0 0 6209.43701171875 1.087890625 584.4743495032415 5944
380 1.6 8.012924194335938 0.6427602276202438 6209.43701171875 1.087890625 584.4743495032415 5944
388 0.8 6.496795654296875 0.12771468623248297 6209.43701171875 1.087890625 582.9268020527477 5960
