0 0.6 18.0679931640625 38.55696372199256 104.283935546875 0.7880859375 0 0
10 0.6 2.0514729817708335 2.845993758206687 104.283935546875 0.676025390625 18.0679931640625 6
20 0.4 0.67822265625 0.05595961959205125 104.283935546875 0.605224609375 10.059733072916666 12
30 1.2 1.8916219075520833 2.197588869313194 104.283935546875 0.552978515625 7.71435546875 16
40 0.8 0.778778076171875 0.146938253412745 104.283935546875 0.552978515625 5.218898228236607 28
50 1.9 2.3394582648026314 3.9479549782786276 104.283935546875 0.552978515625 4.232204861111111 36
60 2.1 1.2840169270833333 1.7451975547585057 104.283935546875 0.552978515625 3.578346946022727 55
70 1.5 1.5871744791666667 1.7984437379895486 104.283935546875 0.533203125 2.944387335526316 76
80 2.1 1.2954915364583333 1.9100799669140516 104.283935546875 0.533203125 2.720670930631868 91
90 2.7 0.9942220052083334 1.2192070566768805 104.283935546875 0.533203125 2.4534497942243303 112
100 3.8 1.4468287417763157 2.1879132892565045 104.283935546875 0.52197265625 2.1700026697392087 139
110 3.3 2.5085301254734844 2.9352882766437878 104.283935546875 0.52197265625 2.014744990289548 177
120 6.5 3.107181490384615 3.2743763863849087 104.283935546875 0.50390625 2.092339797247024 210
130 8.7 3.1227550287356323 2.8652275801182974 104.283935546875 0.50390625 2.3322114701704546 275
140 10 3.06925537109375 3.4686342871422133 104.283935546875 0.4990234375 2.5222039828642955 362
150 10.1 2.7756806930693063 2.960396106647589 104.283935546875 0.4990234375 2.6406133742559526 462
160 14.8 2.6045812658361505 2.759616329371853 104.283935546875 0.495849609375 2.664843923456927 563
170 19.4 2.729129751932991 3.0328648962973777 104.283935546875 0.452880859375 2.652299797819972 711
180 30.7 2.6389518017100992 3.1298610775234867 104.283935546875 0.452880859375 2.668769423342542 905
190 39.9 2.40359137590069 2.8513509699123816 104.283935546875 0.452880859375 2.661216609942245 1212
200 35.9 2.5315247432103076 2.924489551125239 104.283935546875 0.452880859375 2.597409987730836 1611
210 26.4 2.618628299597538 2.9250220075729865 104.283935546875 0.452880859375 2.5854034888562825 1970
220 14.4 1.9828965928819444 2.8114578070070864 104.283935546875 0.452880859375 2.589329786992223 2234
230 9.8 1.6650565011160714 2.860515723067214 104.283935546875 0.452880859375 2.552607171369061 2378
240 6.1 2.4743292136270485 3.8107950357066755 104.283935546875 0.452880859375 2.5174779445173674 2476
250 0.2 3.6490478515625 3.0230712890625 104.283935546875 0.452880859375 2.5164404701049476 2537
260 0.4 2.96075439453125 3.1646441425430183 104.283935546875 0.452880859375 2.5173326381880177 2539
270 0.5 1.261279296875 1.3195226656610246 104.283935546875 0.452880859375 2.5180301163733785 2543
280 0.3 0.669677734375 0.05921538465024549 104.283935546875 0.452880859375 2.515563964843751 2548
290 0 0 0 104.283935546875 0.452880859375 2.5133931852704827 2551
300 0.1 0.802001953125 0.0 104.283935546875 0.452880859375 2.5133931852704827 2551
310 0 0 0 104.283935546875 0.452880859375 2.512722577420896 2552
320 0 0 0 104.283935546875 0.452880859375 2.512722577420896 2552
330 0 0 0 104.283935546875 0.452880859375 2.512722577420896 2552
340 0.1 0.7548828125 0.0 104.283935546875 0.452880859375 2.512722577420896 2552
