0 0.1 8.139978926078625 0 8.139978926078625 8.139978926078625 0 0
10 0.1 1.968503937007874 0.0 8.139978926078625 1.968503937007874 8.139978926078625 1
20 0.1 1.3806706114398422 0.0 8.139978926078625 1.3806706114398422 5.054241431543249 2
30 0.1 1.282051282051282 0.0 8.139978926078625 1.282051282051282 3.8297178248421133 3
40 0.1 2.06286836935167 0.0 8.139978926078625 1.282051282051282 3.1928011891444052 4
50 0.1 23.9010989010989 0.0 23.9010989010989 1.282051282051282 2.966814625185858 5
60 0.1 55.925324675324674 0.0 55.925324675324674 1.282051282051282 6.455862004504699 6
70 0.1 3.152709359605911 0.0 55.925324675324674 1.282051282051282 13.522928100336125 7
80 0.1 2.559055118110236 0.0 55.925324675324674 1.282051282051282 12.226650757744848 8
90 0.1 2.3645320197044337 0.0 55.925324675324674 1.282051282051282 11.152473464452113 9
100 0.1 2.564102564102564 0.0 55.925324675324674 1.282051282051282 10.273679319977344 10
110 0.1 3.5502958579881656 0.0 55.925324675324674 1.282051282051282 9.57280870580691 11
120 0.1 3.257650542941757 0.0 55.925324675324674 1.282051282051282 9.070932635155348 12
130 0.1 5.522682445759369 0.0 55.925324675324674 1.282051282051282 8.623757089600456 13
140 0.1 5.133267522211254 0.0 55.925324675324674 1.282051282051282 8.402251757897522 14
150 0.1 5.330700888450148 0.0 55.925324675324674 1.282051282051282 8.184319475518437 15
160 0.1 6.811451135241856 0.0 55.925324675324674 1.282051282051282 8.005968313826669 16
170 0.1 9.350393700787402 0.0 55.925324675324674 1.282051282051282 7.935702597439327 17
180 0.1 10.099009900990099 0.0 55.925324675324674 1.282051282051282 8.014296547625332 18
190 0.1 15.655577299412915 0.0 55.925324675324674 1.282051282051282 8.124018303065583 19
200 0.1 17.716535433070867 0.0 55.925324675324674 1.282051282051282 8.50059625288295 20
210 0.1 21.08317214700193 0.0 55.925324675324674 1.282051282051282 8.939450499558566 21
220 0.1 16.926070038910506 0.0 55.925324675324674 1.282051282051282 9.491437847169628 22
230 0.1 13.982642237222759 0.0 55.925324675324674 1.282051282051282 9.814682725071405 23
240 0.1 11.175898931000972 0.0 55.925324675324674 1.282051282051282 9.98834770474438 24
250 0.1 7.022749752720079 0.0 55.925324675324674 1.282051282051282 10.035849753794643 25
260 0.1 5.824284304047384 0.0 55.925324675324674 1.282051282051282 9.919961292214852 26
270 0.1 5.604719764011799 0.0 55.925324675324674 1.282051282051282 9.768269551912354 27
280 0.1 2.5691699604743086 0.0 55.925324675324674 1.282051282051282 9.61957134520162 28
290 0.1 1.9723865877712032 0.0 55.925324675324674 1.282051282051282 9.376454056073094 29
300 0.1 1.6748768472906401 0.0 55.925324675324674 1.282051282051282 9.129651807129697 30
310 0.1 0.9861932938856016 0.0 55.925324675324674 0.9861932938856016 8.889175195521986 31
320 0.1 0.9881422924901186 0.0 55.925324675324674 0.9861932938856016 8.642207011095849 32
330 0.1 0.8884501480750246 0.0 55.925324675324674 0.8884501480750246 8.410265655986585 33
340 0.1 0.8875739644970414 0.0 55.925324675324674 0.8875739644970414 8.189035788106834 34
