10 0.1 14.424072265625 0 14.424072265625 14.424072265625 0 0
20 0 0 0 14.424072265625 14.424072265625 14.424072265625 1
30 0.1 12.52197265625 0.0 14.424072265625 12.52197265625 14.424072265625 1
40 0.1 22.52294921875 0.0 22.52294921875 12.52197265625 13.4730224609375 2
50 0 0 0 22.52294921875 12.52197265625 16.489664713541668 3
60 0 0 0 22.52294921875 12.52197265625 16.489664713541668 3
70 0.1 26.10400390625 0.0 26.10400390625 12.52197265625 16.489664713541668 3
80 0.3 14.1640625 0.11765399905378128 26.10400390625 12.52197265625 18.89324951171875 4
90 0 0 0 26.10400390625 12.52197265625 16.866455078125 7
100 0.1 21.716064453125 0.0 26.10400390625 12.52197265625 16.866455078125 7
110 0.1 23.3310546875 0.0 26.10400390625 12.52197265625 17.47265625 8
120 0.2 253.1805419921875 232.4686279296875 485.649169921875 12.52197265625 18.12358940972222 9
130 0.2 752.435546875 191.640625 944.076171875 12.52197265625 60.86121715198863 11
140 0.3 1905.2679850260417 139.00692603186891 2026.468994140625 12.52197265625 167.25726787860577 13
150 0.4 2230.03955078125 1334.4506085341882 3486.244140625 1.60400390625 493.13427734375 16
160 0.9 1668.7813313802083 1240.714005893647 3486.244140625 0.719970703125 840.51533203125 20
170 1 1043.568359375 1283.5916573631703 3486.244140625 0.662109375 1097.5634007947199 29
180 1 588.7721923828125 890.4667093066403 3486.244140625 0.64501953125 1083.718518379407 39
190 1.4 442.38438197544644 843.9116063935403 3486.244140625 0.64501953125 982.7090640943877 49
200 1 467.0711181640625 699.3836799321074 3486.244140625 0.64501953125 862.6369125124008 63
210 2.2 469.50927734375 675.803530392949 3486.244140625 0.64501953125 808.44981739619 73
220 2.7 673.0170084635416 748.1574322530379 3486.244140625 0.64501953125 729.9583239103619 95
230 2.7 523.3071198640047 640.1705038471293 3486.244140625 0.64501953125 717.3565573770492 122
240 1.7 947.0037195542279 452.0250070929092 3486.244140625 0.64501953125 682.1932364854237 149
250 1.6 1031.8654479980469 162.71815407649808 3486.244140625 0.64501953125 709.3123823418674 166
260 0.2 580.280517578125 117.14453125 3486.244140625 0.64501953125 737.668695806147 182
270 0.5 227.6234375 204.10363417872884 3486.244140625 0.64501953125 735.9579547384511 184
280 0.2 18.0975341796875 4.0753173828125 3486.244140625 0.64501953125 722.5099516369048 189
290 0 0 0 3486.244140625 0.64501953125 715.1339053808083 191
300 0 0 0 3486.244140625 0.64501953125 715.1339053808083 191
310 0 0 0 3486.244140625 0.64501953125 715.1339053808083 191
320 0 0 0 3486.244140625 0.64501953125 715.1339053808083 191
330 0 0 0 3486.244140625 0.64501953125 715.1339053808083 191
340 0 0 0 3486.244140625 0.64501953125 715.1339053808083 191
