10 0.1 8.7861328125 0 8.7861328125 8.7861328125 0 0
20 0 0 0 8.7861328125 8.7861328125 8.7861328125 1
30 0.1 9.385986328125 0.0 9.385986328125 8.7861328125 8.7861328125 1
40 0.1 15.025146484375 0.0 15.025146484375 8.7861328125 9.0860595703125 2
50 0 0 0 15.025146484375 8.7861328125 11.065755208333334 3
60 0.1 9.60302734375 0.0 15.025146484375 8.7861328125 11.065755208333334 3
70 0 0 0 15.025146484375 8.7861328125 10.7000732421875 4
80 0.4 47.78875732421875 67.14618596165694 164.0859375 8.18896484375 10.7000732421875 4
90 0 0 0 164.0859375 8.18896484375 29.244415283203125 8
100 0 0 0 164.0859375 8.18896484375 29.244415283203125 8
110 0.4 179.48028564453125 124.31558379787471 331.469970703125 8.18896484375 29.244415283203125 8
120 0.1 419.85009765625 0.0 419.85009765625 8.18896484375 79.32303873697917 12
130 0.4 659.1792602539063 133.83176266161524 868.864013671875 8.18896484375 105.51742788461539 13
140 0.3 2162.1436360677085 432.09712027714744 2700.470947265625 8.18896484375 235.79080020680146 17
150 0.8 2657.7828674316406 280.68936104676015 3097.783935546875 8.18896484375 524.7437255859375 20
160 0.9 690.0961371527778 1001.3639925990857 3097.783935546875 0.66796875 1134.1834803989955 28
170 1.1 814.31982421875 1067.1029480980071 3097.783935546875 0.66796875 1026.1622347445102 37
180 1.2 1079.5948079427083 908.7645892853938 3097.783935546875 0.66796875 977.6150156656901 48
190 1.6 677.1385955810547 884.5749473898643 3097.783935546875 0.666015625 998.0109741210938 60
200 1.7 669.2539206112133 801.1811777958015 3097.783935546875 0.666015625 930.458894428454 76
210 3.4 653.9563347311581 730.2834055916344 3097.783935546875 0.64697265625 882.7117486769154 93
220 2.7 545.8587239583331 714.749733871476 3097.783935546875 0.64697265625 821.4701417937993 127
230 1.7 635.8941865808823 677.2579821366387 3097.783935546875 0.625 773.1486594460227 154
240 0.9 781.8345269097222 570.2893680290557 3097.783935546875 0.625 759.503477933114 171
250 0.7 1030.008998325893 44.45836169441733 3097.783935546875 0.625 760.6200303819444 180
260 0.3 668.4571126302084 122.19626341730516 3097.783935546875 0.625 770.7041093958891 187
270 0.1 8.5068359375 0.0 3097.783935546875 0.625 769.0896831311678 190
280 0 0 0 3097.783935546875 0.625 765.1075739835569 191
290 0 0 0 3097.783935546875 0.625 765.1075739835569 191
300 0 0 0 3097.783935546875 0.625 765.1075739835569 191
310 0 0 0 3097.783935546875 0.625 765.1075739835569 191
320 0 0 0 3097.783935546875 0.625 765.1075739835569 191
330 0 0 0 3097.783935546875 0.625 765.1075739835569 191
340 0 0 0 3097.783935546875 0.625 765.1075739835569 191
