0 0.4 7.7901611328125 0.23764895360857946 7.98388671875 7.388916015625 0 0
10 0.1 35.112060546875 0.0 35.112060546875 7.388916015625 7.7901611328125 4
20 0.1 7.7001953125 0.0 35.112060546875 7.388916015625 13.254541015625 5
30 0.3 9.433349609375 3.92349460488847 35.112060546875 6.47900390625 12.328816731770834 6
40 0.3 100.22965494791667 128.96996559362233 282.615966796875 6.47900390625 11.363661024305555 9
50 0.6 9.263875325520834 3.272506097061857 282.615966796875 6.47900390625 33.580159505208336 12
60 0.3 7.712727864583333 0.06884169195747529 282.615966796875 6.47900390625 25.4747314453125 18
70 1.2 27.322123209635418 27.668919430487186 282.615966796875 6.24609375 22.93730236235119 21
80 0.4 40.52203369140625 57.64112108698436 282.615966796875 6.24609375 24.531782670454547 33
90 1 11.3754150390625 6.066036855255281 282.615966796875 6.24609375 26.26045845650338 37
100 1.1 17.913596413352273 14.489415125053684 282.615966796875 6.24609375 23.093427942154257 47
110 2.2 37.21436656605113 43.537386175482155 282.615966796875 6.10498046875 22.111046100484913 58
120 1.5 163.22034505208333 161.78530945398248 582.052978515625 6.10498046875 26.264459228515626 80
130 1.9 689.5193899054276 173.67293712968132 1080.846923828125 6.10498046875 47.889072779605264 95
140 3.2 1927.1177139282227 456.62149570364153 2848.06396484375 6.10498046875 154.82745896724234 114
150 4.3 2379.0242664425864 835.1469720887736 3477.64892578125 0.675048828125 543.2746381367723 146
160 4.6 1241.1847773012905 1165.5038889396328 3477.64892578125 0.651123046875 960.9319609788358 189
170 7.8 1220.8673377403843 1100.986317375874 3477.64892578125 0.651123046875 1015.7899590674865 235
180 8.4 696.2394583565847 933.396098411202 3477.64892578125 0.635986328125 1066.8955039124896 313
190 13.1 432.29445968511453 794.6358812942531 3477.64892578125 0.62109375 988.4695396135072 397
200 10.4 522.6930095966045 730.6760322313066 3477.64892578125 0.60302734375 850.4791315252129 528
210 9.3 714.2644804267476 900.3432967305889 3511.923095703125 0.60302734375 796.5396431065811 632
220 3.4 707.2257510914523 807.4469018666601 3511.923095703125 0.60302734375 785.985725686961 725
230 0.3 427.6776529947917 596.45874967374 3511.923095703125 0.60302734375 782.4576108829461 759
240 0 0 0 3511.923095703125 0.60302734375 781.0608393951975 762
250 0.1 1049.866943359375 0.0 3511.923095703125 0.60302734375 781.0608393951975 762
260 0 0 0 3511.923095703125 0.60302734375 781.4131409731323 763
270 0 0 0 3511.923095703125 0.60302734375 781.4131409731323 763
280 0 0 0 3511.923095703125 0.60302734375 781.4131409731323 763
290 0 0 0 3511.923095703125 0.60302734375 781.4131409731323 763
300 0 0 0 3511.923095703125 0.60302734375 781.4131409731323 763
310 0 0 0 3511.923095703125 0.60302734375 781.4131409731323 763
320 0 0 0 3511.923095703125 0.60302734375 781.4131409731323 763
330 0 0 0 3511.923095703125 0.60302734375 781.4131409731323 763
340 0 0 0 3511.923095703125 0.60302734375 781.4131409731323 763
