10 0.3 20.675374348958332 4.853822921075045 25.718994140625 14.12109375 0 0
20 0.2 8.8214111328125 1.8114013671875 25.718994140625 7.010009765625 20.675374348958332 3
30 0.1 7.15478515625 0.0 25.718994140625 7.010009765625 15.9337890625 5
40 0.4 7.084228515625 0.2195205061377524 25.718994140625 6.763916015625 14.470621744791666 6
50 0.2 181.7965087890625 137.1685791015625 318.965087890625 6.763916015625 11.516064453125 10
60 0.5 10.5265625 5.059569528856127 318.965087890625 6.180908203125 39.896138509114586 12
70 0.7 21.702845982142858 24.340433811079144 318.965087890625 5.798828125 31.25802791819853 17
80 0.7 14.306884765625 12.936863074673695 318.965087890625 5.548095703125 28.471099853515625 24
90 0.9 9.76614040798611 5.84728430385056 318.965087890625 5.548095703125 25.272728704637096 31
100 0.7 26.524867466517858 30.57485658613682 318.965087890625 5.548095703125 21.783746337890626 40
110 1.4 17.857421874999996 15.109765358130247 318.965087890625 5.548095703125 22.48987076130319 47
120 1.6 116.92628479003906 145.3594111203838 494.77490234375 5.448974609375 21.4266857710041 61
130 1.9 758.5945852179276 150.03544827710277 998.06396484375 5.448974609375 41.270758294439936 77
140 1.2 1968.3460083007813 315.32435654853657 2713.177978515625 5.448974609375 183.24109903971353 96
150 2.9 1707.6123804552801 1183.9985132565762 3256.9638671875 0.717041015625 381.58608895760995 108
160 5.5 1197.186106178977 1190.0527911937975 3256.9638671875 0.64599609375 662.2777856979927 137
170 4.8 939.4661000569662 1014.5821965877456 3256.9638671875 0.64599609375 815.506731669108 192
180 7.2 649.2349480523004 882.4348273437496 3256.9638671875 0.64599609375 840.2986053466797 240
190 10.6 490.6958353294517 779.1630228337599 3256.9638671875 0.636962890625 796.2069921248998 312
200 11.3 506.15153138827446 713.2724631770784 3256.9638671875 0.636962890625 718.7328710236618 418
210 10.1 487.46723681157187 651.8311810379248 3256.9638671875 0.60205078125 673.4942808564324 531
220 8.2 751.1481814500762 759.4126636585542 3256.9638671875 0.60205078125 643.7652753998962 632
230 3.5 676.5412527901786 634.3489383306924 3256.9638671875 0.60205078125 656.0977660107012 714
240 0.9 729.5372178819445 532.510571074566 3256.9638671875 0.60205078125 657.0530691312375 749
250 0.4 1050.6895751953125 69.7290603101612 3256.9638671875 0.60205078125 657.9136988657445 758
260 0 0 0 3256.9638671875 0.60205078125 659.9755144895219 762
270 0.1 313.178955078125 0.0 3256.9638671875 0.60205078125 659.9755144895219 762
280 0 0 0 3256.9638671875 0.60205078125 659.5209973736485 763
290 0 0 0 3256.9638671875 0.60205078125 659.5209973736485 763
300 0 0 0 3256.9638671875 0.60205078125 659.5209973736485 763
310 0 0 0 3256.9638671875 0.60205078125 659.5209973736485 763
320 0 0 0 3256.9638671875 0.60205078125 659.5209973736485 763
330 0 0 0 3256.9638671875 0.60205078125 659.5209973736485 763
340 0 0 0 3256.9638671875 0.60205078125 659.5209973736485 763
