0 0.1 6.3195428465237296 0 6.3195428465237296 6.3195428465237296 0 0
10 0.1 2.649656526005888 0.0 6.3195428465237296 2.649656526005888 6.3195428465237296 1
20 0.1 1.288404360753221 0.0 6.3195428465237296 1.288404360753221 4.484599686264809 2
30 0.1 1.5779092702169626 0.0 6.3195428465237296 1.288404360753221 3.419201244427613 3
40 0.1 1.7804154302670623 0.0 6.3195428465237296 1.288404360753221 2.9588782508749505 4
50 0.1 1.9743336623889436 0.0 6.3195428465237296 1.288404360753221 2.723185686753373 5
60 0.1 2.274975272007913 0.0 6.3195428465237296 1.288404360753221 2.598377016025968 6
70 0.1 2.3622047244094486 0.0 6.3195428465237296 1.288404360753221 2.5521767668805317 7
80 0.1 2.371541501976284 0.0 6.3195428465237296 1.288404360753221 2.5284302615716463 8
90 0.1 2.3856858846918487 0.0 6.3195428465237296 1.288404360753221 2.5109981771721617 9
100 0.1 3.9254170755642788 0.0 6.3195428465237296 1.288404360753221 2.4984669479241304 10
110 0.1 3.6597428288822944 0.0 6.3195428465237296 1.288404360753221 2.6281896868005075 11
120 0.1 4.047384007897334 0.0 6.3195428465237296 1.288404360753221 2.714152448640656 12
130 0.1 4.870775347912525 0.0 6.3195428465237296 1.288404360753221 2.8167087224296314 13
140 0.1 5.2683896620278325 0.0 6.3195428465237296 1.288404360753221 2.9634277671069813 14
150 0.1 5.818540433925049 0.0 6.3195428465237296 1.288404360753221 3.117091893435038 15
160 0.1 7.569721115537849 0.0 7.569721115537849 1.288404360753221 3.2859324272156636 16
170 0.1 10.665362035225048 0.0 10.665362035225048 1.288404360753221 3.5379199971169686 17
180 0.1 11.220472440944881 0.0 11.220472440944881 1.288404360753221 3.9338889992340835 18
190 0.1 15.960591133004925 0.0 15.960591133004925 1.288404360753221 4.3173933909030735 19
200 0.1 18.43137254901961 0.0 18.43137254901961 1.288404360753221 4.899553278008166 20
210 0.1 20.57086614173228 0.0 20.57086614173228 1.288404360753221 5.543925624246806 21
220 0.1 15.815324165029471 0.0 20.57086614173228 1.288404360753221 6.2269683750416 22
230 0.1 13.16831683168317 0.0 20.57086614173228 1.288404360753221 6.643853409388899 23
240 0.1 10.816125860373647 0.0 20.57086614173228 1.288404360753221 6.915706051984493 24
250 0.1 7.623762376237623 0.0 20.57086614173228 1.288404360753221 7.07172284432006 25
260 0.1 6.138613861386139 0.0 20.57086614173228 1.288404360753221 7.092955134009197 26
270 0.1 4.075546719681909 0.0 20.57086614173228 1.288404360753221 7.0576091609490845 27
280 0.1 2.0812685827552033 0.0 20.57086614173228 1.288404360753221 6.951106930903828 28
290 0.1 1.0912698412698412 0.0 20.57086614173228 1.0912698412698412 6.783181470622841 29
300 0.1 1.282051282051282 0.0 20.57086614173228 1.0912698412698412 6.593451082977741 30
310 0.1 1.1869436201780417 0.0 20.57086614173228 1.0912698412698412 6.4221156055285 31
320 0.1 0.9881422924901186 0.0 20.57086614173228 0.9881422924901186 6.258516480986298 32
330 0.1 0.7905138339920948 0.0 20.57086614173228 0.7905138339920948 6.09880817224399 33
