0 0.1 0.03125 0 0.03125 0.03125 0 0
10 0.1 0.01953125 0.0 0.03125 0.01953125 0.03125 1
20 0.1 0.01953125 0.0 0.03125 0.01953125 0.025390625 2
30 0.1 0.01953125 0.0 0.03125 0.01953125 0.0234375 3
40 0.1 0.01171875 0.0 0.03125 0.01171875 0.0224609375 4
50 0.1 0.078125 0.0 0.078125 0.01171875 0.0203125 5
60 0.1 0.0703125 0.0 0.078125 0.01171875 0.029947916666666668 6
70 0.1 0.05859375 0.0 0.078125 0.01171875 0.03571428571428571 7
80 0.1 0.05078125 0.0 0.078125 0.01171875 0.03857421875 8
90 0.1 0.0390625 0.0 0.078125 0.01171875 0.03993055555555555 9
100 0.1 0.1015625 0.0 0.1015625 0.01171875 0.03984375 10
110 0.1 0.08984375 0.0 0.1015625 0.01171875 0.045454545454545456 11
120 0.1 0.0703125 0.0 0.1015625 0.01171875 0.049153645833333336 12
130 0.1 0.05859375 0.0 0.1015625 0.01171875 0.05078125 13
140 0.1 0.05078125 0.0 0.1015625 0.01171875 0.05133928571428571 14
150 0.1 0.0390625 0.0 0.1015625 0.01171875 0.05130208333333333 15
160 0.1 0.0390625 0.0 0.1015625 0.01171875 0.050537109375 16
170 0.1 0.03125 0.0 0.1015625 0.01171875 0.04986213235294118 17
180 0.1 0.03125 0.0 0.1015625 0.01171875 0.048828125 18
190 0.1 0.1015625 0.0 0.1015625 0.01171875 0.04790296052631579 19
200 0.1 0.078125 0.0 0.1015625 0.01171875 0.0505859375 20
210 0.1 0.140625 0.0 0.140625 0.01171875 0.05189732142857143 21
220 0.1 0.19921875 0.0 0.19921875 0.01171875 0.05593039772727273 22
230 0.1 0.171875 0.0 0.19921875 0.01171875 0.06216032608695652 23
240 0.1 0.21875 0.0 0.21875 0.01171875 0.06673177083333333 24
250 0.1 0.19140625 0.0 0.21875 0.01171875 0.0728125 25
260 0.1 0.16015625 0.0 0.21875 0.01171875 0.07737379807692307 26
270 0.1 0.140625 0.0 0.21875 0.01171875 0.08043981481481481 27
280 0.1 0.12109375 0.0 0.21875 0.01171875 0.08258928571428571 28
290 0.1 0.1015625 0.0 0.21875 0.01171875 0.08391702586206896 29
300 0.1 0.078125 0.0 0.21875 0.01171875 0.08450520833333333 30
310 0.1 0.0703125 0.0 0.21875 0.01171875 0.08429939516129033 31
320 0.1 0.05859375 0.0 0.21875 0.01171875 0.0838623046875 32
330 0.1 0.05078125 0.0 0.21875 0.01171875 0.08309659090909091 33
