10 0.1 102 0 102 102 0 0
20 0.1 230.0 0.0 230 102 102.0 1
30 0.1 277.0 0.0 277 102 166.0 2
40 0.1 402.0 0.0 402 102 203.0 3
50 0.1 556.0 0.0 556 102 252.75 4
60 0.1 688.0 0.0 688 102 313.4 5
70 0.1 591.0 0.0 688 102 375.8333333333333 6
80 0.1 789.0 0.0 789 102 406.57142857142856 7
90 0.1 1126.0 0.0 1126 102 454.375 8
100 0.1 1261.0 0.0 1261 102 529.0 9
110 0.1 1625.0 0.0 1625 102 602.2 10
120 0.1 1506.0 0.0 1625 102 695.1818181818181 11
130 0.1 2282.0 0.0 2282 102 762.75 12
140 0.1 2248.0 0.0 2282 102 879.6153846153846 13
150 0.1 2349.0 0.0 2349 102 977.3571428571429 14
160 0.1 3210.0 0.0 3210 102 1068.8 15
170 0.1 4045.0 0.0 4045 102 1202.625 16
180 0.1 4715.0 0.0 4715 102 1369.8235294117646 17
190 0.1 6219.0 0.0 6219 102 1555.6666666666667 18
200 0.1 6771.0 0.0 6771 102 1801.1052631578948 19
210 0.1 8116.0 0.0 8116 102 2049.6 20
220 0.1 7006.0 0.0 8116 102 2338.4761904761904 21
230 0.1 5899.0 0.0 8116 102 2550.6363636363635 22
240 0.1 5173.0 0.0 8116 102 2696.217391304348 23
250 0.1 4074.0 0.0 8116 102 2799.4166666666665 24
260 0.1 3222.0 0.0 8116 102 2850.4 25
270 0.1 2326.0 0.0 8116 102 2864.6923076923076 26
280 0.1 876.0 0.0 8116 102 2844.740740740741 27
290 0.1 276.0 0.0 8116 102 2774.4285714285716 28
300 0.1 172.0 0.0 8116 102 2688.2758620689656 29
310 0.1 236.0 0.0 8116 102 2604.4 30
320 0.1 59.0 0.0 8116 59 2528.0 31
330 0.1 4.0 0.0 8116 4 2450.84375 32
