0 2.38984375 2.38984375
10 35.73828125 38.128125
20 65.98671875 104.11484375
30 82.95703125 187.071875
40 102.74375 289.815625
50 164.04921875 453.86484375
60 155.9921875 609.85703125
70 171.05546875 780.9125
80 272.19375 1053.10625
90 259.6953125 1312.8015625
100 352.41328125 1665.21484375
110 356.55234375 2021.7671875
120 398.94921875 2420.71640625
130 509.58984375 2930.30625
140 531.5375 3461.84375
150 725.9953125 4187.8390625
160 894.05234375 5081.89140625
170 1197.2015625 6279.09296875
180 1419.9984375 7699.09140625
190 1423.20390625 9122.2953125
200 1596.82734375 10719.12265625
210 1892.76484375 12611.8875
220 1688.6875 14300.575
230 1519.5390625 15820.1140625
240 1112.40859375 16932.52265625
250 797.31953125 17729.8421875
260 642.6484375 18372.490625
270 272 18644.490625
280 169.89609375 18814.38671875
290 30.90234375 18845.2890625
300 36.85703125 18882.14609375
310 55.90703125 18938.053125
320 0 18938.053125
330 0 18938.053125
333 18.11328125 18956.16640625
