30 0.1 255.137939453125 0 255.137939453125 255.137939453125 0 0
40 0 0 0 255.137939453125 255.137939453125 255.137939453125 1
50 0.2 127.969482421875 5.262451171875 255.137939453125 122.70703125 255.137939453125 1
60 0.3 91.59309895833333 41.221086287081434 255.137939453125 61.593017578125 170.35896809895834 3
70 0.2 75.2020263671875 0.0418701171875 255.137939453125 61.593017578125 130.97603352864584 6
80 0.3 185.37581380208334 108.90270371673687 323.6611328125 57.51708984375 117.03253173828125 8
90 0.2 77.6856689453125 11.0474853515625 323.6611328125 57.51708984375 135.67160866477272 11
100 0.2 319.2080078125 131.194091796875 450.402099609375 57.51708984375 126.75069486177884 13
110 0.6 522.5352376302084 207.8834402465205 878.157958984375 57.51708984375 152.411669921875 15
120 0.1 492.02197265625 0.0 878.157958984375 57.51708984375 258.1612606956845 21
130 0.3 1803.6470540364583 358.8896533371206 2187.319091796875 57.51708984375 268.79129305752843 22
140 0.1 2259.26318359375 0.0 2259.26318359375 57.51708984375 452.973984375 25
150 0.7 1453.331752232143 1296.4422638611788 3420.041015625 0.68310546875 522.4466458834135 26
160 0.8 1536.9083862304688 1191.509392920939 3420.041015625 0.68310546875 719.9071229876894 33
170 0.7 1032.0338657924108 894.5857843140009 3420.041015625 0.68310546875 879.3220036204268 41
180 1.1 591.7336869673295 784.6473629754022 3420.041015625 0.68310546875 901.5924835205078 48
190 1.1 632.09765625 839.7068423841052 3420.041015625 0.6298828125 843.8221994173729 59
200 2 259.7483764648438 586.8128456268704 3420.041015625 0.6298828125 810.5511997767857 70
210 2.2 394.56201171875 722.0064075999511 3420.041015625 0.61083984375 688.1505723741319 90
220 1.4 553.4261300223214 738.7930787131755 3420.041015625 0.61083984375 630.4813908168247 112
230 2 753.6072509765625 680.0264026065983 3420.041015625 0.61083984375 621.919695172991 126
240 1.9 835.8572805304276 515.0295016888513 3420.041015625 0.61083984375 639.9590863789598 146
250 1.1 1176.1294611150568 261.97882228110007 3420.041015625 0.61083984375 662.517060250947 165
260 0.3 470.893310546875 121.30261191955462 3420.041015625 0.61083984375 694.6178353049538 176
270 0.1 3.491943359375 0.0 3420.041015625 0.61083984375 690.8682622643156 179
280 0 0 0 3420.041015625 0.61083984375 687.049504937066 180
290 0 0 0 3420.041015625 0.61083984375 687.049504937066 180
300 0 0 0 3420.041015625 0.61083984375 687.049504937066 180
310 0 0 0 3420.041015625 0.61083984375 687.049504937066 180
320 0 0 0 3420.041015625 0.61083984375 687.049504937066 180
330 0 0 0 3420.041015625 0.61083984375 687.049504937066 180
333 0 0 0 3420.041015625 0.61083984375 687.049504937066 180
