40 0.8 20.29144287109375 12.641531781931892 40.77001953125 4.409912109375 0 0
50 1.6 13.993331909179688 7.827099329231566 40.77001953125 4.368896484375 20.29144287109375 8
60 0.8 10.213958740234375 7.229126487692365 40.77001953125 4.368896484375 16.092702229817707 24
70 0 0 0 40.77001953125 4.368896484375 14.623016357421875 32
80 3.2 14.927009582519533 13.577335122403358 70.0 4.302978515625 14.623016357421875 32
90 0.5 18.47216796875 10.552438890894306 70.0 4.302978515625 14.775012969970703 64
100 3.1 32.464583858366936 33.58419464107826 131.0830078125 4.302978515625 15.042922752490941 69
110 1.2 60.049519856770836 85.65564121177246 290.800048828125 4.302978515625 20.4436376953125 100
120 2.4 395.91136678059894 201.34895031740373 762.387939453125 4.302978515625 24.687125069754465 112
130 1.8 1244.236789279514 518.7770176965787 1981.10302734375 4.302978515625 90.1972853716682 136
140 1.3 2233.781775841346 206.9569665326207 2539.150146484375 4.302978515625 225.08501959466315 154
150 3.8 1054.4039820620887 1275.588756448435 3192.47607421875 0.634033203125 381.450635350393 167
160 4 1073.7697387695314 1090.6642391658704 3192.47607421875 0.619873046875 506.1932069359756 205
170 7.7 524.6934703480111 833.3481184382241 3192.47607421875 0.619873046875 598.858763153699 245
180 12 496.54662679036477 789.5074858632174 3192.47607421875 0.619873046875 581.1235844392954 322
190 13.7 419.47967573848086 747.243263987904 3192.47607421875 0.619873046875 558.1615144893595 442
200 16.4 369.8354909012956 704.494912662748 3192.47607421875 0.619873046875 525.347331572485 579
210 30.5 233.0539038486168 547.194478104243 3192.47607421875 0.60888671875 491.0217032143759 743
220 24.7 340.9336273564018 616.5697279113891 3192.47607421875 0.60888671875 415.94519671957005 1048
230 27.7 436.64888964491195 632.8010978965982 3192.47607421875 0.60888671875 401.6379707483712 1295
240 22.5 703.1053982204859 555.2613555179629 3192.47607421875 0.60888671875 407.80719755138756 1572
250 18.5 848.3245671452703 453.58685995544846 3192.47607421875 0.60888671875 444.78109579877054 1797
260 24.5 459.63912129304873 158.0270753420097 3192.47607421875 0.60888671875 482.4478678467536 1982
270 7.3 43.48306065389557 65.07804650460828 3192.47607421875 0.60888671875 479.93859846837114 2227
280 5.6 8.520490373883929 6.007386438528489 3192.47607421875 0.60888671875 466.0858792246943 2300
290 0.8 38.853729248046875 74.15551422349692 3192.47607421875 0.60888671875 455.20996166287534 2356
300 1.6 5.7633209228515625 3.2033315265980344 3192.47607421875 0.60888671875 453.8009727206932 2364
310 2.4 9.478037516276041 6.525486960515545 3192.47607421875 0.60888671875 450.7889548934808 2380
320 0 0 0 3192.47607421875 0.60888671875 446.3831886634255 2404
330 0 0 0 3192.47607421875 0.60888671875 446.3831886634255 2404
333 0.8 11.53106689453125 4.2193372525223385 3192.47607421875 0.60888671875 446.3831886634255 2404
