40 0.1 12.833984375 0 12.833984375 12.833984375 0 0
50 0.2 24.4158935546875 5.0408935546875 29.456787109375 12.833984375 12.833984375 1
60 0.1 157.68310546875 0.0 157.68310546875 12.833984375 20.555257161458332 3
70 0 0 0 157.68310546875 12.833984375 54.83721923828125 4
80 0.4 54.11395263671875 26.894103815107595 157.68310546875 11.90380859375 54.83721923828125 4
90 0.1 10.842041015625 0.0 157.68310546875 10.842041015625 54.4755859375 8
100 0.4 62.71429443359375 53.436919350948116 157.68310546875 10.842041015625 49.627414279513886 9
110 0.1 277.0830078125 0.0 277.0830078125 10.842041015625 53.65414663461539 13
120 0.7 487.64676339285717 174.56087827016634 756.6171875 10.842041015625 69.61335100446429 14
130 0.3 1324.028564453125 458.31273724219363 1970.9658203125 10.842041015625 208.95782180059524 21
140 0.6 2329.8937174479165 264.3791015006491 2834.946044921875 10.842041015625 348.34166463216144 24
150 0.3 1681.3963216145833 1302.1339964559413 3178.0810546875 3.925048828125 744.6520751953125 30
160 0.5 1299.48203125 1064.52516847465 3178.0810546875 0.90283203125 829.8106430516099 33
170 1.1 1053.7701970880682 964.6734828732272 3178.0810546875 0.90283203125 891.6095099198191 38
180 1.4 585.9682268415179 793.3700773399844 3178.0810546875 0.839111328125 928.0129294882015 49
190 1.7 578.6444738051471 891.8994577812864 3178.0810546875 0.820068359375 852.0029955667163 63
200 2.5 466.245478515625 730.0148013802278 3178.0810546875 0.820068359375 793.9143096923829 80
210 4.1 382.3488709984756 659.059969919118 3178.0810546875 0.786865234375 715.8979213169642 105
220 4.1 595.3266125190548 746.9987191316483 3178.0810546875 0.786865234375 622.2300373234161 146
230 4.4 625.1411299272016 685.0431314566782 3178.0810546875 0.786865234375 616.3314254679144 187
240 2 793.1200073242187 530.8299786889582 3178.0810546875 0.786865234375 618.0094644125406 231
250 2.2 736.9354469992898 462.60315696806106 3178.0810546875 0.786865234375 631.9624957202441 251
260 1.1 625.13427734375 158.32970942473162 3178.0810546875 0.786865234375 640.4218544313759 273
270 0.6 16.575968424479168 25.601707996438325 3178.0810546875 0.786865234375 639.8297299667144 284
280 0.7 7.823869977678571 6.212739372709166 3178.0810546875 0.786865234375 626.9348245554957 290
290 0.1 421.72705078125 0.0 3178.0810546875 0.786865234375 612.3429838752104 297
300 0.2 9.162109375 3.719970703125 3178.0810546875 0.786865234375 611.7033330930159 298
310 0.3 18.79931640625 9.592185450995533 3178.0810546875 0.786865234375 607.6863916015624 300
320 0 0 0 3178.0810546875 0.786865234375 601.8558265006187 303
330 0 0 0 3178.0810546875 0.786865234375 601.8558265006187 303
333 0.1 25.424072265625 0.0 3178.0810546875 0.786865234375 601.8558265006187 303
