20 0.2 18980.310546875 2746.00244140625 21726.31298828125 16234.30810546875 0 0
30 0.5 24245.140771484374 6239.74151090699 30896.305908203125 13449.5810546875 18980.310546875 2
40 0.7 34835.28567940848 8481.474020612166 43322.947998046875 13449.5810546875 22740.903564453125 7
50 0.3 33543.500651041664 19490.939074928785 53115.125 6948.2060546875 28788.094621930803 14
60 0.5 39744.23701171875 11532.53178741977 59744.885009765625 6948.2060546875 29627.283921185663 17
70 0.9 36485.70743815104 16533.28292395558 67098.15405273438 6948.2060546875 31926.591441761364 22
80 1.3 37233.2241398738 17226.586751608196 76326.01489257813 6948.2060546875 33250.20576329385 31
90 1.6 39831.21806335449 16992.3558621113 79375.68798828125 6948.2060546875 34427.00664728338 44
100 0.8 42637.55944824219 17261.379729054683 79375.68798828125 6948.2060546875 35868.12969156901 60
110 1.1 41956.10043057529 20429.71160770325 79375.68798828125 6948.2060546875 36664.53319235409 68
120 0.7 62622.41619001116 15549.096805412959 96353.26098632813 6948.2060546875 37401.33369387856 79
130 1.9 54772.354710629115 27420.516547421274 101605.02685546875 6948.2060546875 39454.2125017033 86
140 2.3 45691.37265412704 17544.553996951192 101605.02685546875 6948.2060546875 42226.06680617559 105
150 2.7 49951.95024956597 30491.335683016343 121569.97412109375 6159.81787109375 42848.73895072937 128
160 4.2 36465.43198358444 19137.81623097206 121569.97412109375 6159.81787109375 44086.07253181704 155
170 6 49276.60819498698 28140.858041640855 121569.97412109375 6159.81787109375 42461.36744031567 197
180 8.8 49057.127807617195 27509.75186857231 127521.458984375 6159.81787109375 44052.47423128952 257
190 9.8 44363.408596739464 22201.87112963012 127521.458984375 6159.81787109375 45329.02354930933 345
200 11.8 44650.95609813624 28026.486169398435 161965.873046875 6159.81787109375 45115.41121217198 443
210 11.5 52888.87594259511 25235.491245738423 161965.873046875 6159.81787109375 45017.71833613595 561
220 12.9 55108.59504072795 22582.400915909577 161965.873046875 6159.81787109375 46356.7466271756 676
230 23.5 61601.866378199804 20946.003951359355 161965.873046875 6159.81787109375 47759.21674562063 805
240 17.1 59732.99486162511 16882.634148610206 161965.873046875 6159.81787109375 50887.12315298227 1040
250 13.4 69322.28011675025 17659.827153982962 161965.873046875 6159.81787109375 52136.209909528865 1211
260 11.6 73508.33672253838 14692.92177539961 161965.873046875 6159.81787109375 53848.42805656802 1345
270 11.1 80212.15828450525 15878.058927785427 161965.873046875 6159.81787109375 55409.37905263411 1461
280 11.1 88362.07828116202 13356.98231502796 161965.873046875 6159.81787109375 57160.720334273865 1572
290 7.8 95721.34923690405 12305.171654624315 161965.873046875 6159.81787109375 59218.56390652852 1683
300 5.1 103940.53585037531 8668.09031413135 161965.873046875 6159.81787109375 60835.38233683476 1761
310 3.1 112823.03659746723 7563.46646884641 161965.873046875 6159.81787109375 62048.6068562556 1812
320 1.8 122832.98193359375 13399.988581596026 174970.76196289063 6159.81787109375 62902.65315141435 1843
330 0.2 148351.40100097656 15709.296020507813 174970.76196289063 6159.81787109375 63482.31243033924 1861
340 0.3 142122.59399414063 3678.000987467797 174970.76196289063 6159.81787109375 63573.42256299693 1863
350 0.2 144489.20837402344 181.8475341796875 174970.76196289063 6159.81787109375 63699.7074045261 1866
360 0.1 165354.09692382813 0.0 174970.76196289063 6159.81787109375 63786.205799568386 1868
367 0.1 193609.40185546875 0.0 193609.40185546875 6159.81787109375 63840.54924051235 1869
