0 20.53984375 20.53984375
10 46.48125 67.02109375
20 165.646875 232.66796875
30 324.10234375 556.7703125
40 328.9484375 885.71875
50 202.96953125 1088.68828125
60 346.46328125 1435.1515625
70 459.99296875 1895.14453125
80 624.70625 2519.85078125
90 658.89296875 3178.74375
100 454.08359375 3632.82734375
110 498.41796875 4131.2453125
120 522.8703125 4654.115625
130 663.8921875 5318.0078125
140 635.27578125 5953.28359375
150 840.95 6794.23359375
160 1031.6390625 7825.87265625
170 1077.01953125 8902.8921875
180 1161.8015625 10064.69375
190 1284.54375 11349.2375
200 1185.1859375 12534.4234375
210 1262.48515625 13796.90859375
220 1391.38984375 15188.2984375
230 1681.29296875 16869.59140625
240 1332.69921875 18202.290625
250 1098.79921875 19301.08984375
260 1033.22109375 20334.3109375
270 989.00078125 21323.31171875
280 1026.60078125 22349.9125
290 711.34921875 23061.26171875
300 361.59921875 23422.8609375
310 126.38828125 23549.24921875
320 87.6703125 23636.91953125
330 17.46875 23654.38828125
340 19.82421875 23674.2125
350 5.24296875 23679.45546875
360 5.946875 23685.40234375
367 13.3234375 23698.72578125
