0 0.1 7.225636154996209 0 7.225636154996209 7.225636154996209 0 0
10 0.1 2.0710059171597637 0.0 7.225636154996209 2.0710059171597637 7.225636154996209 1
20 0.1 1.477832512315271 0.0 7.225636154996209 1.477832512315271 4.648321036077986 2
30 0.1 1.9646365422396856 0.0 7.225636154996209 1.477832512315271 3.5914915281570807 3
40 0.1 1.8793273986152326 0.0 7.225636154996209 1.477832512315271 3.184777781677732 4
50 0.1 2.1632251720747298 0.0 7.225636154996209 1.477832512315271 2.923687705065232 5
60 0.1 2.075098814229249 0.0 7.225636154996209 1.477832512315271 2.796943949566815 6
70 0.1 2.171767028627838 0.0 7.225636154996209 1.477832512315271 2.693823215947163 7
80 0.1 2.5540275049115913 0.0 7.225636154996209 1.477832512315271 2.628566192532247 8
90 0.1 3.054187192118227 0.0 7.225636154996209 1.477832512315271 2.620284116129952 9
100 0.1 4.031465093411996 0.0 7.225636154996209 1.477832512315271 2.6636744237287795 10
110 0.1 4.142011834319527 0.0 7.225636154996209 1.477832512315271 2.788019030063617 11
120 0.1 5.474095796676441 0.0 7.225636154996209 1.477832512315271 2.9008517637516094 12
130 0.1 5.703048180924287 0.0 7.225636154996209 1.477832512315271 3.0987936124381354 13
140 0.1 6.862745098039216 0.0 7.225636154996209 1.477832512315271 3.284811795901432 14
150 0.1 8.7890625 0.0 8.7890625 1.477832512315271 3.5233406827106175 15
160 0.1 12.054001928640307 0.0 12.054001928640307 1.477832512315271 3.852448296291204 16
170 0.1 13.482056256062075 0.0 13.482056256062075 1.477832512315271 4.334892627605857 17
180 0.1 16.472868217054263 0.0 16.472868217054263 1.477832512315271 4.843068384742313 18
190 0.1 18.86429258902791 0.0 18.86429258902791 1.477832512315271 5.455163112758732 19
200 0.1 20.47846889952153 0.0 20.47846889952153 1.477832512315271 6.12561958657219 20
210 0.1 20.914396887159533 0.0 20.914396887159533 1.477832512315271 6.80908860147454 21
220 0.1 18.28793774319066 0.0 20.914396887159533 1.477832512315271 7.4502389780965865 22
230 0.1 17.78846153846154 0.0 20.914396887159533 1.477832512315271 7.921443272231111 23
240 0.1 16.247582205029012 0.0 20.914396887159533 1.477832512315271 8.332569033324047 24
250 0.1 16.375968992248062 0.0 20.914396887159533 1.477832512315271 8.649169560192245 25
260 0.1 15.54054054054054 0.0 20.914396887159533 1.477832512315271 8.946354153732853 26
270 0.1 9.47265625 0.0 20.914396887159533 1.477832512315271 9.190583279170175 27
280 0.1 4.545454545454546 0.0 20.914396887159533 1.477832512315271 9.200657313842669 28
290 0.1 2.9585798816568047 0.0 20.914396887159533 1.477832512315271 9.040133080449975 29
300 0.1 1.477832512315271 0.0 20.914396887159533 1.477832512315271 8.837414640490204 30
310 0.1 1.4792899408284024 0.0 20.914396887159533 1.477832512315271 8.600008765387786 31
320 0.1 1.183431952662722 0.0 20.914396887159533 1.183431952662722 8.377486302120305 32
330 0.1 1.2833168805528135 0.0 20.914396887159533 1.183431952662722 8.159484655167045 33
340 0.1 1.083743842364532 0.0 20.914396887159533 1.083743842364532 7.957244426501921 34
350 0.1 1.0848126232741617 0.0 20.914396887159533 1.083743842364532 7.760858695526567 35
360 0.1 1.085883514313919 0.0 20.914396887159533 1.083743842364532 7.575412971297333 36
365 0.1 1.085883514313919 0.0 20.914396887159533 1.083743842364532 7.400020283270755 37
