0 0.1 3170.9453125 0 3170.9453125 3170.9453125 0 0
10 0.1 3170.640625 0.0 3170.9453125 3170.640625 3170.9453125 1
20 0.1 3168.94921875 0.0 3170.9453125 3168.94921875 3170.79296875 2
30 0.1 3167.890625 0.0 3170.9453125 3167.890625 3170.1783854166665 3
40 0.1 3167.546875 0.0 3170.9453125 3167.546875 3169.6064453125 4
50 0.1 3166.11328125 0.0 3170.9453125 3166.11328125 3169.19453125 5
60 0.1 3163.69921875 0.0 3170.9453125 3163.69921875 3168.6809895833335 6
70 0.1 3163.10546875 0.0 3170.9453125 3163.10546875 3167.969308035714 7
80 0.1 3161.54296875 0.0 3170.9453125 3161.54296875 3167.361328125 8
90 0.1 3160.83203125 0.0 3170.9453125 3160.83203125 3166.71484375 9
100 0.1 3157.81640625 0.0 3170.9453125 3157.81640625 3166.1265625 10
110 0.1 3155.5390625 0.0 3170.9453125 3155.5390625 3165.37109375 11
120 0.1 3153.5546875 0.0 3170.9453125 3153.5546875 3164.5517578125 12
130 0.1 3150.83203125 0.0 3170.9453125 3150.83203125 3163.705829326923 13
140 0.1 3144.51171875 0.0 3170.9453125 3144.51171875 3162.7862723214284 14
150 0.1 3136.56640625 0.0 3170.9453125 3136.56640625 3161.56796875 15
160 0.1 3127.671875 0.0 3170.9453125 3127.671875 3160.00537109375 16
170 0.1 3112.9296875 0.0 3170.9453125 3112.9296875 3158.103400735294 17
180 0.1 3097.53515625 0.0 3170.9453125 3097.53515625 3155.59375 18
190 0.1 3082.26953125 0.0 3170.9453125 3082.26953125 3152.5380345394738 19
200 0.1 3051.88671875 0.0 3170.9453125 3051.88671875 3149.024609375 20
210 0.1 3028.734375 0.0 3170.9453125 3028.734375 3144.398995535714 21
220 0.1 3021.09765625 0.0 3170.9453125 3021.09765625 3139.141512784091 22
230 0.1 3014.69140625 0.0 3170.9453125 3014.69140625 3134.009171195652 23
240 0.1 3010.7109375 0.0 3170.9453125 3010.7109375 3129.03759765625 24
250 0.1 3009.390625 0.0 3170.9453125 3009.390625 3124.30453125 25
260 0.1 3010.3203125 0.0 3170.9453125 3009.390625 3119.884765625 26
270 0.1 3010.79296875 0.0 3170.9453125 3009.390625 3115.8268229166665 27
280 0.1 3011.609375 0.0 3170.9453125 3009.390625 3112.075613839286 28
290 0.1 3022.35546875 0.0 3170.9453125 3009.390625 3108.611260775862 29
300 0.1 3028.1484375 0.0 3170.9453125 3009.390625 3105.7360677083334 30
310 0.1 3038.27734375 0.0 3170.9453125 3009.390625 3103.2332409274195 31
320 0.1 3038.46875 0.0 3170.9453125 3009.390625 3101.203369140625 32
330 0.1 3038.51171875 0.0 3170.9453125 3009.390625 3099.3023200757575 33
340 0.1 3038.9921875 0.0 3170.9453125 3009.390625 3097.514361213235 34
350 0.1 3039.0703125 0.0 3170.9453125 3009.390625 3095.842299107143 35
360 0.1 3057.6953125 0.0 3170.9453125 3009.390625 3094.2652994791665 36
365 0.1 3059.61328125 0.0 3170.9453125 3009.390625 3093.2769214527025 37
