0 1.9 283.69529965049344 453.1654973387949 1376.248046875 9.591064453125 0 0
10 3.8 50.09358938116777 68.3771729544806 1376.248046875 9.161865234375 283.69529965049344 19
20 4 51.69833984375 65.58011775854855 1376.248046875 8.35693359375 127.96082613760964 57
30 10.6 45.721041697376194 80.09489846683084 1376.248046875 8.322998046875 96.51237818137886 97
40 10 48.4806884765625 158.7938317051148 1544.121826171875 8.322998046875 69.99079361337748 203
50 9 46.4560845269097 125.51970387885241 1544.121826171875 8.322998046875 62.891749013768575 303
60 12.7 25.90651336429626 26.14258499240982 1544.121826171875 8.322998046875 59.127856383190206 393
70 12.4 37.60486627394152 117.70216105918767 1544.121826171875 7.7880859375 51.01418222280649 520
80 18.8 26.58281172082779 37.3014399266085 1544.121826171875 7.7880859375 48.43226424507473 644
90 22.4 39.40086364746093 89.53147817768601 1544.121826171875 7.7880859375 43.49512833815355 832
100 34 53.15011704388789 175.64745767864642 1849.3759765625 6.9580078125 42.62664794921875 1056
110 34.2 48.647323162235004 96.57000441354245 1849.3759765625 6.9580078125 45.18967050809232 1396
120 38 46.36151894017269 105.37971692559024 1849.3759765625 6.9580078125 45.87006015580049 1738
130 56.1 60.811429872019794 148.09361722983436 2330.47119140625 6.9580078125 45.95823500852072 2118
140 70 93.52724783761161 362.3013758708771 4707.177001953125 6.9580078125 49.06859048385591 2679
150 83.4 56.586304296406624 118.27221864543128 4707.177001953125 6.9580078125 58.27872962195268 3379
160 101.1 99.52173841648123 228.46279837008396 4707.177001953125 6.918212890625 57.94369930590582 4213
170 137.9 155.66618983411885 202.48372555347828 4707.177001953125 6.918212890625 65.99029148446472 5224
180 156.3 338.676429480066 296.56242147314754 4707.177001953125 6.918212890625 84.71860646616592 6603
190 150.4 1038.4459540184514 585.7159183983365 4707.177001953125 6.918212890625 133.3269921348808 8166
200 167.3 2184.20334681336 1302.401615841983 6792.981201171875 1.225830078125 274.1024749345592 9670
210 203.5 1962.8620214363862 1637.2055267032183 7626.866943359375 1.195068359375 555.8267770286467 11343
220 184.7 2225.2574464873387 1366.3992455143484 7847.720947265625 1.195068359375 769.8585248511724 13378
230 179.4 1954.0583368171683 858.1855022475614 7847.720947265625 1.195068359375 946.4182495317635 15225
240 192.9 1668.9590515801176 732.158922764166 7847.720947265625 1.195068359375 1052.6352021488397 17019
250 203.3 1019.3319658015764 638.5329194251141 7847.720947265625 1.195068359375 1115.3800145592752 18948
260 148.9 420.9286871628923 483.63496394846976 7847.720947265625 1.195068359375 1106.0732282705187 20981
270 75.1 66.44302063394635 133.89092599098925 7847.720947265625 1.195068359375 1060.6713492447398 22470
280 36.2 24.176950697082184 19.658215908937514 7847.720947265625 1.195068359375 1028.5165981665473 23221
290 15.4 19.11100471793832 12.676003953597698 7847.720947265625 1.195068359375 1013.099944119821 23583
300 5 20.584526367187507 8.518812348002585 7847.720947265625 1.195068359375 1006.6511807264735 23737
310 4.5 25.07771267361111 16.008328376263393 7847.720947265625 1.195068359375 1004.5784799774103 23787
320 5.3 14.967248304834907 6.348293705022677 7847.720947265625 1.195068359375 1002.7289694651298 23832
330 0.2 8.8685302734375 1.8533935546875 7847.720947265625 1.195068359375 1000.5371599101163 23885
340 0.1 9.695068359375 0.0 7847.720947265625 1.195068359375 1000.4541299247991 23887
350 0 0 0 7847.720947265625 1.195068359375 1000.4126547464014 23888
360 0 0 0 7847.720947265625 1.195068359375 1000.4126547464014 23888
365 1.7 24.101059857536764 5.572678314309628 7847.720947265625 1.195068359375 1000.4126547464014 23888
