10 0.1 159 0 159 159 0 0
20 0.1 160.0 0.0 160 159 159.0 1
30 0.1 245.0 0.0 245 159 159.5 2
40 0.1 495.0 0.0 495 159 188.0 3
50 0.1 459.0 0.0 495 159 264.75 4
60 0.1 538.0 0.0 538 159 303.6 5
70 0.1 532.0 0.0 538 159 342.6666666666667 6
80 0.1 575.0 0.0 575 159 369.7142857142857 7
90 0.1 849.0 0.0 849 159 395.375 8
100 0.1 1301.0 0.0 1301 159 445.77777777777777 9
110 0.1 1426.0 0.0 1426 159 531.3 10
120 0.1 1937.0 0.0 1937 159 612.6363636363636 11
130 0.1 2026.0 0.0 2026 159 723.0 12
140 0.1 2673.0 0.0 2673 159 823.2307692307693 13
150 0.1 3314.0 0.0 3314 159 955.3571428571429 14
160 0.1 4523.0 0.0 4523 159 1112.6 15
170 0.1 5197.0 0.0 5197 159 1325.75 16
180 0.1 6935.0 0.0 6935 159 1553.4705882352941 17
190 0.1 8313.0 0.0 8313 159 1852.4444444444443 18
200 0.1 8218.0 0.0 8313 159 2192.4736842105262 19
210 0.1 8757.0 0.0 8757 159 2493.75 20
220 0.1 8065.0 0.0 8757 159 2792.0 21
230 0.1 8150.0 0.0 8757 159 3031.681818181818 22
240 0.1 8021.0 0.0 8757 159 3254.217391304348 23
250 0.1 8632.0 0.0 8757 159 3452.8333333333335 24
260 0.1 8338.0 0.0 8757 159 3660.0 25
270 0.1 4678.0 0.0 8757 159 3839.923076923077 26
280 0.1 2164.0 0.0 8757 159 3870.962962962963 27
290 0.1 1164.0 0.0 8757 159 3810.0 28
300 0.1 308.0 0.0 8757 159 3718.7586206896553 29
310 0.1 276.0 0.0 8757 159 3605.0666666666666 30
320 0.1 139.0 0.0 8757 139 3497.6774193548385 31
330 0.1 85.0 0.0 8757 85 3392.71875 32
340 0.1 9.0 0.0 8757 9 3292.4848484848485 33
350 0.1 0.0 0.0 8757 0 3195.9117647058824 34
360 0.1 5.0 0.0 8757 0 3104.6 35
365 0.1 77.0 0.0 8757 0 3018.5 36
