0 63.1125 63.1125
10 72.7203125 135.8328125
20 119.409375 255.2421875
30 375.0421875 630.284375
40 322.18359375 952.46796875
50 259.83671875 1212.3046875
60 411.92578125 1624.23046875
70 325.83359375 1950.0640625
80 541.14765625 2491.21171875
90 669.03828125 3160.25
100 996.146875 4156.396875
110 1094.8484375 5251.2453125
120 1224.38984375 6475.63515625
130 1714.35390625 8189.9890625
140 1953.753125 10143.7421875
150 2581.86796875 12725.61015625
160 2552.2578125 15277.86796875
170 3665.64140625 18943.509375
180 4149.18125 23092.690625
190 3896.06171875 26988.75234375
200 3451.278125 30440.03046875
210 3754.6765625 34194.70703125
220 3756.71171875 37951.41875
230 4135.7453125 42087.1640625
240 4664.03828125 46751.20234375
250 5047.025 51798.22734375
260 3907.16171875 55705.3890625
270 2045.6640625 57751.053125
280 1240.075 58991.128125
290 426.81640625 59417.94453125
300 162.37890625 59580.3234375
310 183.95859375 59764.28203125
320 128.01953125 59892.3015625
330 2.5828125 59894.884375
340 1.99140625 59896.87578125
350 0 59896.87578125
360 0 59896.87578125
365 71.02578125 59967.9015625
