10 0.2 65.0909423828125 5.4591064453125 70.550048828125 59.6318359375 0 0
20 0.2 31.202880859375 19.375 70.550048828125 11.827880859375 65.0909423828125 2
30 0.2 15.0665283203125 1.0164794921875 70.550048828125 11.827880859375 48.14691162109375 4
40 0.2 34.2965087890625 18.5823974609375 70.550048828125 11.827880859375 37.1201171875 6
50 0.5 17.71484375 3.643938712701762 70.550048828125 11.827880859375 36.414215087890625 8
60 0.1 72.462158203125 0.0 72.462158203125 11.827880859375 29.222149188701923 13
70 0.2 17.485107421875 6.406982421875 72.462158203125 11.078125 32.310721261160715 14
80 0.4 14.81298828125 3.9831074699340525 72.462158203125 10.449951171875 30.45751953125 16
90 0.4 25.9136962890625 11.520718302836551 72.462158203125 10.449951171875 27.32861328125 20
100 1.1 63.42041015625 90.5920821071066 322.315185546875 10.449951171875 27.092793782552082 24
110 1.1 28.608509410511363 25.385891498667846 322.315185546875 10.449951171875 38.510044642857146 35
120 0.9 40.204264322916664 41.58573505133279 322.315185546875 10.449951171875 36.14228621773098 46
130 1.1 69.14195667613636 79.82323335661728 322.315185546875 10.449951171875 36.80697354403409 55
140 1.6 88.023193359375 209.74705218685722 891.849853515625 10.449951171875 42.19613739938447 66
150 1.9 64.01878597861842 123.10920048933129 891.849853515625 10.449951171875 51.1380019769436 82
160 2 65.2864990234375 63.122208694104955 891.849853515625 10.449951171875 53.561119759436885 101
170 4.4 157.21213600852272 129.70709044911902 891.849853515625 10.449951171875 55.49919897662706 121
180 3.4 242.21276137408088 153.30456859679728 891.849853515625 10.449951171875 82.62264885179924 165
190 2.8 839.0660226004464 418.04597153284504 1987.758056640625 10.449951171875 109.88930124254082 199
200 4.8 1774.6092071533203 970.4753665956753 3187.01513671875 1.56689453125 199.83180431752479 227
210 6.2 1575.8126732610888 1327.3532333934418 3536.0009765625 1.50390625 474.7020419034091 275
220 8.7 1965.793283045977 663.5383224412534 4053.5751953125 1.50390625 677.2802589484421 337
230 6.4 1555.4556503295896 464.93300877673744 4053.5751953125 1.50390625 941.6685445533609 424
240 3.9 1424.960173778045 351.10018602053947 4053.5751953125 1.50390625 1022.1652141633581 488
250 1.8 961.5479736328125 284.5571160631053 4053.5751953125 1.50390625 1051.9735698084678 527
260 0.6 415.1354166666667 395.4701789038282 4053.5751953125 1.50390625 1048.9870363567948 545
270 0.2 34.8905029296875 0.1844482421875 4053.5751953125 1.50390625 1042.0848408610764 551
280 0 0 0 4053.5751953125 1.50390625 1038.44218502769 553
290 0 0 0 4053.5751953125 1.50390625 1038.44218502769 553
300 0.1 16.6240234375 0.0 4053.5751953125 1.50390625 1038.44218502769 553
310 0 0 0 4053.5751953125 1.50390625 1036.5977479129062 554
320 0 0 0 4053.5751953125 1.50390625 1036.5977479129062 554
330 0 0 0 4053.5751953125 1.50390625 1036.5977479129062 554
340 0 0 0 4053.5751953125 1.50390625 1036.5977479129062 554
350 0 0 0 4053.5751953125 1.50390625 1036.5977479129062 554
360 0 0 0 4053.5751953125 1.50390625 1036.5977479129062 554
365 0 0 0 4053.5751953125 1.50390625 1036.5977479129062 554
