0 0.1 1
10 0.4 5
20 1 15
30 1.2 27
40 1.2 39
50 1.3 52
60 1.5 67
70 1.2 79
80 2.4 103
90 1.8 121
100 2.1 142
110 3.5 177
120 3.1 208
130 3.9 247
140 3.7 284
150 4.8 332
160 4.5 377
170 6.7 444
180 9 534
190 8.4 618
200 10.6 724
210 12.5 849
220 12.6 975
230 9.9 1074
240 15.8 1232
250 11.9 1351
260 10.1 1452
270 12 1572
280 15.6 1728
290 15 1878
300 14.3 2021
310 18.8 2209
320 19 2399
330 16.5 2564
340 17.9 2743
350 12.9 2872
360 10.8 2980
370 11.7 3097
380 16.5 3262
390 21.8 3480
400 25.6 3736
410 17.4 3910
420 0.3 3913
430 2.1 3934
440 1.8 3952
450 0 3952
460 1.7 3969
470 1.7 3986
480 1.7 4003
490 0 4003
491 0 4003
