30 0.8 8
40 0.8 16
50 0.8 24
60 2.6 50
70 2.2 72
80 0 72
90 1.6 88
100 3.7 125
110 1.2 137
120 1 147
130 0.6 153
140 1 163
150 1.3 176
160 1.2 188
170 1.6 204
180 1.7 221
190 0.9 230
200 0 230
210 0.1 231
220 0 231
230 0.1 232
240 0.2 234
250 0.1 235
260 0 235
270 0 235
280 0.1 236
290 0.1 237
300 0.1 238
310 0 238
320 0.2 240
330 0.5 245
340 0.5 250
350 0.3 253
360 0.5 258
370 0.6 264
380 1.1 275
390 1.7 292
400 3.6 328
410 4.7 375
420 0.8 383
430 0.8 391
440 0 391
450 0 391
460 0 391
470 0 391
480 0 391
490 0 391
491 0 391
