0 9 9
10 21 12
20 27 6
30 40 13
40 40 0
50 48 8
60 55 7
70 64 9
80 72 8
90 89 17
100 117 28
110 142 25
120 209 67
130 277 68
140 330 53
150 434 104
160 504 70
170 612 108
180 819 207
190 960 141
200 1028 68
210 1026 -2
220 1021 -5
230 1050 29
240 1046 -4
250 1028 -18
260 1023 -5
270 1017 -6
280 1016 -1
290 1018 2
300 903 -115
310 720 -183
320 562 -158
330 510 -52
340 533 23
350 535 2
360 461 -74
370 381 -80
380 295 -86
390 242 -53
400 173 -69
410 83 -90
420 49 -34
430 28 -21
440 15 -13
450 4 -11
460 2 -2
470 2 0
480 1 -1
490 0 -1
491 0 0
