0 0.9 13.948432074652779 35.44117873523993 114.156005859375 0.815185546875 0 0
10 1.2 1.0284423828125 0.5149043808210313 114.156005859375 0.639892578125 13.948432074652779 9
20 0.9 1.6813151041666667 1.7376141586124667 114.156005859375 0.639892578125 6.565580822172619 21
30 1.9 1.5370194284539473 1.523046835639377 114.156005859375 0.579833984375 5.100301106770833 30
40 1 1.1502685546875 0.6144352376168858 114.156005859375 0.579833984375 3.718620455994898 49
50 1.6 2.1151885986328125 2.087950714036624 114.156005859375 0.579833984375 3.283306574417373 59
60 1.8 2.244967990451389 2.2627598402237763 114.156005859375 0.579833984375 3.0341080729166667 75
70 2.3 2.2729704483695654 2.184058568328123 114.156005859375 0.579833984375 2.881371282762097 93
80 1.9 3.1368086965460527 3.078644275011295 114.156005859375 0.579833984375 2.7607400828394395 116
90 3.6 2.033047146267361 2.2409116296476523 114.156005859375 0.552001953125 2.8136682581018517 135
100 3.8 2.7240054481907894 2.62384535839529 114.156005859375 0.52197265625 2.6493269713998537 171
110 4.3 2.565793059593023 2.67839405402158 114.156005859375 0.52197265625 2.662904876270933 209
120 7.9 2.7481086827531644 2.8027589333708627 114.156005859375 0.52197265625 2.646334209139385 252
130 7.9 3.1798543809335444 3.256309334463208 114.156005859375 0.52197265625 2.6706247934762084 331
140 9.3 2.9014853200604827 2.8348425080303494 114.156005859375 0.47998046875 2.768744640815549 410
150 17.8 2.516480863764045 2.845611018572756 114.156005859375 0.465087890625 2.7932871520874754 503
160 18.1 2.7471161731698888 3.1281622773301474 114.156005859375 0.447998046875 2.7209354350220263 681
170 20.9 3.0065170361094498 3.10542498920571 114.156005859375 0.447998046875 2.7264327825913575 862
180 43.1 2.7634147059889793 3.201875375553811 114.156005859375 0.447998046875 2.7810897470967553 1071
190 36.8 3.3503258746603253 3.5298398353588385 114.156005859375 0.447998046875 2.7760178811064415 1502
200 27.4 72.9253143533303 293.77391590020767 3004.2080078125 0.447998046875 2.88903678037266 1870
210 23.8 1037.3277341698401 1931.1098158557218 7018.470947265625 0.423095703125 11.839568522439075 2144
220 22.3 4054.0311164342756 5606.686431517988 15039.881103515625 0.423095703125 114.30228196663785 2382
230 28.1 5363.741211806328 6964.058865453609 31065.7958984375 0.423095703125 451.56121866002877 2605
240 22 10102.235808771307 9766.505063032828 31077.75390625 0.423095703125 929.8434702449595 2886
250 21.8 20287.83470783757 12499.751080508744 31080.875 0.423095703125 1579.5299848862333 3106
260 26.5 21882.474376289803 17004.551213310493 63164.225830078125 0.423095703125 2806.4885978836433 3324
270 31 30756.441359784527 29248.595674447086 63185.27001953125 0.423095703125 4214.996881884098 3589
280 42 30262.220417131688 30842.845868508015 63185.27001953125 0.423095703125 6325.242531576105 3899
290 47.6 29166.145053382683 31222.71501343328 63185.27001953125 0.423095703125 8652.98754475817 4319
300 26.3 18102.292359790874 28443.658247994466 63185.27001953125 0.423095703125 10689.330187950092 4795
310 17.5 4330.475541294642 15953.53623294076 63185.27001953125 0.423095703125 11074.78077142066 5058
320 7.3 1.9041530661386987 2.806491118845666 63185.27001953125 0.423095703125 10849.240275477214 5233
330 11.4 2.265451531661183 2.6009122584904687 63185.27001953125 0.423095703125 10700.002518798734 5306
340 24.8 2.666175103956653 3.0600860566579704 63185.27001953125 0.423095703125 10474.994764985368 5420
350 17.4 3.5721098801185347 3.7621108071143086 63185.27001953125 0.423095703125 10016.784198596766 5668
360 6 3.9668416341145822 3.921394606089279 63185.27001953125 0.423095703125 9718.54748113071 5842
370 1.8 0.9860297309027778 1.031584324430293 63185.27001953125 0.423095703125 9619.788613226645 5902
380 0.9 1.8611924913194444 2.1790576910943042 63185.27001953125 0.423095703125 9590.54225402007 5920
390 0.1 7.8349609375 0.0 63185.27001953125 0.423095703125 9575.986995198387 5929
400 0.3 1.0826822916666667 0.5651142805047029 63185.27001953125 0.423095703125 9574.373478835105 5930
410 0.1 0.677978515625 0.0 63185.27001953125 0.423095703125 9569.532778954837 5933
420 0.1 0.6611328125 0.0 63185.27001953125 0.423095703125 9567.920231802758 5934
430 0.4 0.7607421875 0.057812118529014876 63185.27001953125 0.423095703125 9566.308225214892 5935
440 0.1 1.4140625 0.0 63185.27001953125 0.423095703125 9559.865694497244 5939
450 0 0 0 63185.27001953125 0.423095703125 9558.25652755583 5940
460 0.1 8.617919921875 0.0 63185.27001953125 0.423095703125 9558.25652755583 5940
470 0.1 1.005859375 0.0 63185.27001953125 0.423095703125 9556.649114896743 5941
480 0.1 0.8330078125 0.0 63185.27001953125 0.423095703125 9555.040962211533 5942
490 0 0 0 63185.27001953125 0.423095703125 9553.433321633644 5943
491 0 0 0 63185.27001953125 0.423095703125 9553.433321633644 5943
