0 0 0
10 0.1 1
20 0.3 4
30 0.5 9
40 1 19
50 0.8 27
60 1.1 38
70 1.5 53
80 1 63
90 1.9 82
100 1 92
110 1.8 110
120 1.2 122
130 0.7 129
140 3.2 161
150 4.2 203
160 6.3 266
170 6.4 330
180 11.2 442
190 15.1 593
200 14 733
210 16.7 900
220 15.1 1051
230 15.8 1209
240 14.1 1350
250 16.4 1514
260 16.1 1675
270 18.1 1856
280 22 2076
290 21.1 2287
300 20.5 2492
310 20.3 2695
320 15.2 2847
330 11 2957
340 12.7 3084
350 11.4 3198
360 10.6 3304
370 7.8 3382
380 9 3472
390 5.3 3525
400 6.8 3593
410 9.1 3684
420 3.3 3717
430 2.4 3741
440 1.4 3755
450 0.9 3764
460 0.4 3768
470 0 3768
480 0.2 3770
490 0.1 3771
491 0 3771
