0 0.1 0.12890625 0 0.12890625 0.12890625 0 0
10 0.1 0.109375 0.0 0.12890625 0.109375 0.12890625 1
20 0.1 0.08984375 0.0 0.12890625 0.08984375 0.119140625 2
30 0.1 0.078125 0.0 0.12890625 0.078125 0.109375 3
40 0.1 0.0703125 0.0 0.12890625 0.0703125 0.1015625 4
50 0.1 0.140625 0.0 0.140625 0.0703125 0.0953125 5
60 0.1 0.12109375 0.0 0.140625 0.0703125 0.10286458333333333 6
70 0.1 0.1015625 0.0 0.140625 0.0703125 0.10546875 7
80 0.1 0.078125 0.0 0.140625 0.0703125 0.10498046875 8
90 0.1 0.0703125 0.0 0.140625 0.0703125 0.10199652777777778 9
100 0.1 0.05859375 0.0 0.140625 0.05859375 0.098828125 10
110 0.1 0.05078125 0.0 0.140625 0.05078125 0.09517045454545454 11
120 0.1 0.0390625 0.0 0.140625 0.0390625 0.09147135416666667 12
130 0.1 0.12109375 0.0 0.140625 0.0390625 0.08743990384615384 13
140 0.1 0.1015625 0.0 0.140625 0.0390625 0.08984375 14
150 0.1 0.23046875 0.0 0.23046875 0.0390625 0.090625 15
160 0.1 0.19140625 0.0 0.23046875 0.0390625 0.099365234375 16
170 0.1 0.16015625 0.0 0.23046875 0.0390625 0.10477941176470588 17
180 0.1 0.140625 0.0 0.23046875 0.0390625 0.10785590277777778 18
190 0.1 0.19921875 0.0 0.23046875 0.0390625 0.10958059210526316 19
200 0.1 0.171875 0.0 0.23046875 0.0390625 0.1140625 20
210 0.1 0.30078125 0.0 0.30078125 0.0390625 0.11681547619047619 21
220 0.1 0.25 0.0 0.30078125 0.0390625 0.12517755681818182 22
230 0.1 0.2109375 0.0 0.30078125 0.0390625 0.13060461956521738 23
240 0.1 0.1796875 0.0 0.30078125 0.0390625 0.13395182291666666 24
250 0.1 0.1484375 0.0 0.30078125 0.0390625 0.13578125 25
260 0.1 0.12890625 0.0 0.30078125 0.0390625 0.13626802884615385 26
270 0.1 0.19140625 0.0 0.30078125 0.0390625 0.13599537037037038 27
280 0.1 0.23828125 0.0 0.30078125 0.0390625 0.13797433035714285 28
290 0.1 0.19921875 0.0 0.30078125 0.0390625 0.1414331896551724 29
300 0.1 0.171875 0.0 0.30078125 0.0390625 0.143359375 30
310 0.1 0.1484375 0.0 0.30078125 0.0390625 0.14427923387096775 31
320 0.1 0.19921875 0.0 0.30078125 0.0390625 0.1444091796875 32
330 0.1 0.25 0.0 0.30078125 0.0390625 0.14607007575757575 33
340 0.1 0.2109375 0.0 0.30078125 0.0390625 0.14912683823529413 34
350 0.1 0.1796875 0.0 0.30078125 0.0390625 0.15089285714285713 35
360 0.1 0.1484375 0.0 0.30078125 0.0390625 0.15169270833333334 36
370 0.1 0.12890625 0.0 0.30078125 0.0390625 0.15160472972972974 37
380 0.1 0.109375 0.0 0.30078125 0.0390625 0.1510074013157895 38
390 0.1 0.08984375 0.0 0.30078125 0.0390625 0.14993990384615388 39
400 0.1 0.078125 0.0 0.30078125 0.0390625 0.14843750000000006 40
410 0.1 0.05859375 0.0 0.30078125 0.0390625 0.1467225609756098 41
420 0.1 0.05078125 0.0 0.30078125 0.0390625 0.144624255952381 42
430 0.1 0.05078125 0.0 0.30078125 0.0390625 0.1424418604651163 43
440 0.1 0.0390625 0.0 0.30078125 0.0390625 0.14035866477272732 44
450 0.1 0.03125 0.0 0.30078125 0.03125 0.13810763888888894 45
460 0.1 0.03125 0.0 0.30078125 0.03125 0.1357846467391305 46
470 0.1 0.01953125 0.0 0.30078125 0.01953125 0.13356050531914898 47
480 0.1 0.01953125 0.0 0.30078125 0.01953125 0.13118489583333337 48
490 0.1 0.01953125 0.0 0.30078125 0.01953125 0.12890625000000003 49
