10 0.1 94 0 94 94 0 0
20 0.1 337.0 0.0 337 94 94.0 1
30 0.1 341.0 0.0 341 94 215.5 2
40 0.1 500.0 0.0 500 94 257.3333333333333 3
50 0.1 693.0 0.0 693 94 318.0 4
60 0.1 719.0 0.0 719 94 393.0 5
70 0.1 1035.0 0.0 1035 94 447.3333333333333 6
80 0.1 906.0 0.0 1035 94 531.2857142857143 7
90 0.1 747.0 0.0 1035 94 578.125 8
100 0.1 1438.0 0.0 1438 94 596.8888888888889 9
110 0.1 1866.0 0.0 1866 94 681.0 10
120 0.1 1685.0 0.0 1866 94 788.7272727272727 11
130 0.1 1764.0 0.0 1866 94 863.4166666666666 12
140 0.1 1813.0 0.0 1866 94 932.6923076923077 13
150 0.1 2322.0 0.0 2322 94 995.5714285714286 14
160 0.1 3148.0 0.0 3148 94 1084.0 15
170 0.1 3544.0 0.0 3544 94 1213.0 16
180 0.1 4443.0 0.0 4443 94 1350.1176470588234 17
190 0.1 5829.0 0.0 5829 94 1521.9444444444443 18
200 0.1 5748.0 0.0 5829 94 1748.6315789473683 19
210 0.1 5369.0 0.0 5829 94 1948.6 20
220 0.1 5860.0 0.0 5860 94 2111.4761904761904 21
230 0.1 5702.0 0.0 5860 94 2281.8636363636365 22
240 0.1 5618.0 0.0 5860 94 2430.5652173913045 23
250 0.1 5848.0 0.0 5860 94 2563.375 24
260 0.1 5993.0 0.0 5993 94 2694.76 25
270 0.1 6263.0 0.0 6263 94 2821.6153846153848 26
280 0.1 6814.0 0.0 6814 94 2949.074074074074 27
290 0.1 7677.0 0.0 7677 94 3087.1071428571427 28
300 0.1 7569.0 0.0 7677 94 3245.3793103448274 29
310 0.1 7101.0 0.0 7677 94 3389.5 30
320 0.1 5246.0 0.0 7677 94 3509.2258064516127 31
330 0.1 4486.0 0.0 7677 94 3563.5 32
340 0.1 4908.0 0.0 7677 94 3591.4545454545455 33
350 0.1 5023.0 0.0 7677 94 3630.176470588235 34
360 0.1 3908.0 0.0 7677 94 3669.9714285714285 35
370 0.1 3295.0 0.0 7677 94 3676.5833333333335 36
380 0.1 3086.0 0.0 7677 94 3666.2702702702704 37
390 0.1 3101.0 0.0 7677 94 3651.0 38
400 0.1 3505.0 0.0 7677 94 3636.897435897436 39
410 0.1 3827.0 0.0 7677 94 3633.6 40
420 0.1 1317.0 0.0 7677 94 3638.317073170732 41
430 0.1 629.0 0.0 7677 94 3583.0476190476193 42
440 0.1 378.0 0.0 7677 94 3514.3488372093025 43
450 0.1 114.0 0.0 7677 94 3443.068181818182 44
460 0.1 282.0 0.0 7677 94 3369.088888888889 45
470 0.1 157.0 0.0 7677 94 3301.978260869565 46
480 0.1 168.0 0.0 7677 94 3235.063829787234 47
490 0.1 289.0 0.0 7677 94 3171.1666666666665 48
