10 0.1 102 0 102 102 0 0
20 0.1 295.0 0.0 295 102 102.0 1
30 0.1 275.0 0.0 295 102 198.5 2
40 0.1 424.0 0.0 424 102 224.0 3
50 0.1 565.0 0.0 565 102 274.0 4
60 0.1 586.0 0.0 586 102 332.2 5
70 0.1 829.0 0.0 829 102 374.5 6
80 0.1 750.0 0.0 829 102 439.42857142857144 7
90 0.1 608.0 0.0 829 102 478.25 8
100 0.1 1145.0 0.0 1145 102 492.6666666666667 9
110 0.1 1389.0 0.0 1389 102 557.9 10
120 0.1 1373.0 0.0 1389 102 633.4545454545455 11
130 0.1 1544.0 0.0 1544 102 695.0833333333334 12
140 0.1 1685.0 0.0 1685 102 760.3846153846154 13
150 0.1 2227.0 0.0 2227 102 826.4285714285714 14
160 0.1 3238.0 0.0 3238 102 919.8 15
170 0.1 3571.0 0.0 3571 102 1064.6875 16
180 0.1 4736.0 0.0 4736 102 1212.1176470588234 17
190 0.1 6559.0 0.0 6559 102 1407.888888888889 18
200 0.1 6431.0 0.0 6559 102 1679.0 19
210 0.1 6591.0 0.0 6591 102 1916.6 20
220 0.1 8411.0 0.0 8411 102 2139.190476190476 21
230 0.1 9026.0 0.0 9026 102 2424.2727272727275 22
240 0.1 8885.0 0.0 9026 102 2711.3043478260875 23
250 0.1 7373.0 0.0 9026 102 2968.5416666666674 24
260 0.1 6926.0 0.0 9026 102 3144.7200000000007 25
270 0.1 7161.0 0.0 9026 102 3290.1538461538466 26
280 0.1 7362.0 0.0 9026 102 3433.518518518519 27
290 0.1 8042.0 0.0 9026 102 3573.821428571429 28
300 0.1 7762.0 0.0 9026 102 3727.8965517241386 29
310 0.1 7120.0 0.0 9026 102 3862.3666666666672 30
320 0.1 5246.0 0.0 9026 102 3967.4516129032263 31
330 0.1 4132.0 0.0 9026 102 4007.4062500000005 32
340 0.1 4755.0 0.0 9026 102 4011.181818181818 33
350 0.1 4923.0 0.0 9026 102 4033.0588235294117 34
360 0.1 3943.0 0.0 9026 102 4058.4857142857145 35
370 0.1 3118.0 0.0 9026 102 4055.277777777778 36
380 0.1 2623.0 0.0 9026 102 4029.945945945946 37
390 0.1 2509.0 0.0 9026 102 3992.9210526315787 38
400 0.1 2647.0 0.0 9026 102 3954.871794871795 39
410 0.1 2717.0 0.0 9026 102 3922.175 40
420 0.1 1217.0 0.0 9026 102 3892.7804878048782 41
430 0.1 626.0 0.0 9026 102 3829.0714285714284 42
440 0.1 397.0 0.0 9026 102 3754.5813953488373 43
450 0.1 136.0 0.0 9026 102 3678.2727272727275 44
460 0.1 235.0 0.0 9026 102 3599.5555555555557 45
470 0.1 168.0 0.0 9026 102 3526.413043478261 46
480 0.1 93.0 0.0 9026 93 3454.9574468085107 47
490 0.1 216.0 0.0 9026 93 3384.9166666666665 48
