0 18.540625 18.540625
10 48.19609375 66.73671875
20 95.80390625 162.540625
30 189.94296875 352.48359375
40 282.703125 635.18671875
50 243.853125 879.03984375
60 395.21015625 1274.25
70 391.3390625 1665.5890625
80 246.42734375 1912.01640625
90 516.74921875 2428.765625
100 609.8953125 3038.6609375
110 484.003125 3522.6640625
120 557.54375 4080.2078125
130 489.13359375 4569.34140625
140 641.96015625 5211.3015625
150 734.7078125 5946.009375
160 870.7046875 6816.7140625
170 1009.6578125 7826.371875
180 1243.74296875 9070.11484375
190 1380.3890625 10450.50390625
200 1192.31171875 11642.815625
210 1314.13046875 12956.94609375
220 1169.8046875 14126.75078125
230 1308.60859375 15435.359375
240 1300.91875 16736.278125
250 1260.846875 17997.125
260 1233.94296875 19231.06796875
270 1339.43828125 20570.50625
280 1428.76640625 21999.27265625
290 1508.07734375 23507.35
300 1467.5125 24974.8625
310 1375.515625 26350.378125
320 1114.76484375 27465.14296875
330 993.7 28458.84296875
340 1051.8984375 29510.74140625
350 959.4421875 30470.18359375
360 786.12578125 31256.309375
370 740.98671875 31997.29609375
380 851.91875 32849.21484375
390 829.73359375 33678.9484375
400 912.40703125 34591.35546875
410 826.58203125 35417.9375
420 217.4953125 35635.4328125
430 189.73828125 35825.17109375
440 78.34921875 35903.5203125
450 29.02421875 35932.54453125
460 24.56875 35957.11328125
470 22.1984375 35979.31171875
480 15.94765625 35995.259375
490 5.171875 36000.43125
491 0 36000.43125
