20 0.1 256.97998046875 0 256.97998046875 256.97998046875 0 0
30 0.4 9.5107421875 0.18313744837923107 256.97998046875 9.241943359375 256.97998046875 1
40 0.1 50.926025390625 0.0 256.97998046875 9.241943359375 59.00458984375 5
50 0.3 40.854329427083336 15.730621696271522 256.97998046875 9.241943359375 57.658162434895836 6
60 0 0 0 256.97998046875 9.241943359375 52.056884765625 9
70 0.1 23.089111328125 0.0 256.97998046875 9.241943359375 52.056884765625 9
80 0.1 42.129150390625 0.0 256.97998046875 9.241943359375 49.160107421875 10
90 0.1 24.983154296875 0.0 256.97998046875 9.241943359375 48.52092950994318 11
100 0.3 97.91861979166667 106.94077949138838 256.97998046875 9.241943359375 46.5594482421875 12
110 0.1 524.2412109375 0.0 524.2412109375 9.241943359375 56.83128255208333 15
120 0.1 2223.736083984375 0.0 2223.736083984375 9.241943359375 86.04440307617188 16
130 0.2 1405.9288330078125 1362.0379638671875 2767.966796875 9.241943359375 211.7909725413603 17
140 0.3 890.4549967447916 1252.5358931237001 2767.966796875 2.421875 337.4896946957237 19
150 0.9 1247.7469618055557 1447.208171128827 3804.1240234375 0.91796875 412.8940540660511 22
160 0.8 1468.39599609375 1473.7093066312282 3804.1240234375 0.713134765625 655.2707047001009 31
170 1.1 912.3400435014205 1203.7123010894761 3804.1240234375 0.713134765625 822.0656362680288 39
180 1.9 656.330412212171 955.7911995092757 3804.1240234375 0.635986328125 841.926005859375 50
190 2.2 603.1588134765625 868.7145070095082 3804.1240234375 0.635986328125 790.819972826087 69
200 3 393.24106445312486 771.352348713394 3804.1240234375 0.635986328125 745.4513408954327 91
210 2.1 870.4317336309524 963.4067021131564 3804.1240234375 0.60302734375 658.1264789675878 121
220 1.5 178.57464192708332 439.56107313098624 3804.1240234375 0.60302734375 689.5237349389305 142
230 1.9 564.4658074629934 935.545143202263 3804.1240234375 0.60302734375 640.7069426129578 157
240 1.7 300.9075137867647 640.6042307522216 3804.1240234375 0.60302734375 632.4763655229049 176
250 1.1 1657.222567471591 3688.25884307058 13084.381103515625 0.60302734375 603.2708189969236 193
260 1.5 136.31819661458334 481.02070117126505 13084.381103515625 0.60302734375 660.1015505323223 204
270 2 533.7194702148438 885.6926906967881 13084.381103515625 0.60302734375 624.2259783461758 219
280 1.9 280.91064453125 637.5035212614994 13084.381103515625 0.60302734375 616.652211975353 239
290 1.8 214.5118272569444 587.8182074196228 13084.381103515625 0.60302734375 591.9270577837331 258
300 2.7 687.8096426504629 813.7566510508886 13084.381103515625 0.60302734375 567.3130210102469 276
310 1.5 447.59381510416665 616.99414645295 13084.381103515625 0.59814453125 578.0503437306621 303
320 1 804.21630859375 654.8762570193529 13084.381103515625 0.59814453125 571.8967338897897 318
330 0.5 905.242041015625 746.7810387226117 13084.381103515625 0.59814453125 578.9796477527153 328
340 0.4 310.7252197265625 512.0846918261798 13084.381103515625 0.59814453125 583.8784824863926 333
350 0.6 894.8553466796875 936.1404713411863 13084.381103515625 0.59814453125 580.6363072607567 337
360 1.5 499.2640625 843.2031453052628 13084.381103515625 0.59814453125 586.1328502243531 343
370 1.2 505.77777099609375 867.4113058828516 13084.381103515625 0.59814453125 582.4930965487517 358
380 0.3 1611.8627115885417 33.79899319952532 13084.381103515625 0.59814453125 580.0050319362331 370
390 0.2 1122.8660888671875 51.4420166015625 13084.381103515625 0.59814453125 588.304155365072 373
400 0 0 0 13084.381103515625 0.59814453125 591.1551523437499 375
410 0.1 9.058837890625 0.0 13084.381103515625 0.59814453125 591.1551523437499 375
420 0 0 0 13084.381103515625 0.59814453125 589.607023847864 376
430 0 0 0 13084.381103515625 0.59814453125 589.607023847864 376
440 0 0 0 13084.381103515625 0.59814453125 589.607023847864 376
450 0 0 0 13084.381103515625 0.59814453125 589.607023847864 376
460 0 0 0 13084.381103515625 0.59814453125 589.607023847864 376
470 0 0 0 13084.381103515625 0.59814453125 589.607023847864 376
480 0 0 0 13084.381103515625 0.59814453125 589.607023847864 376
490 0 0 0 13084.381103515625 0.59814453125 589.607023847864 376
491 0 0 0 13084.381103515625 0.59814453125 589.607023847864 376
