0 0.1 6.572998046875 0 6.572998046875 6.572998046875 0 0
10 0.1 29.514892578125 0.0 29.514892578125 6.572998046875 6.572998046875 1
20 0.3 50.212972005208336 47.13177141119999 116.865966796875 6.572998046875 18.0439453125 2
30 0.5 26.035595703125 12.688597121886222 116.865966796875 5.98583984375 37.345361328125 5
40 0.4 10.23675537109375 4.535881964786728 116.865966796875 5.6591796875 31.690478515625 10
50 0.3 8.826985677083334 3.7323474265555863 116.865966796875 5.6591796875 25.560843331473215 14
60 0.6 18.169474283854168 8.213261373656248 116.865966796875 5.6591796875 22.60780962775735 17
70 0.5 48.75625 51.18387262014087 149.357177734375 5.6591796875 21.449983016304348 23
80 0.7 73.759521484375 84.08899014780955 208.31103515625 5.6591796875 26.326102120535715 28
90 0.4 16.062255859375 5.559063071987975 208.31103515625 5.6591796875 35.81278599330357 35
100 0.9 202.36214192708334 208.96179315717455 526.656005859375 5.6591796875 33.78709059495192 39
110 1.9 699.9738127055921 290.0696079949937 1188.958984375 5.6591796875 65.39491271972656 48
120 1 1433.13994140625 397.2310087643585 2093.41796875 5.6591796875 245.35012316347948 67
130 2 2109.525537109375 1495.341569796067 4192.48486328125 0.5888671875 399.608541117086 77
140 2.3 1754.6402640964675 1589.38494738092 4192.48486328125 0.5830078125 752.1687464763208 97
150 4.2 1199.6199544270833 1496.0349656650687 4192.48486328125 0.5830078125 944.3091206868489 120
160 5 998.5026123046875 1236.1242135329828 4192.48486328125 0.574951171875 1010.500818323206 162
170 4.9 955.6212830835459 1151.2393440762178 4192.48486328125 0.574951171875 1007.6710527528007 212
180 7.2 725.0051099989149 993.0852875898594 4192.48486328125 0.56591796875 997.8992569145115 261
190 8.7 446.79748394845546 785.7598923846352 4192.48486328125 0.55712890625 938.895117040869 333
200 7.6 565.3398758737667 977.8212394739434 4192.48486328125 0.55712890625 836.9606073288691 420
210 9.7 657.1435697889822 913.8302602758922 4192.48486328125 0.550048828125 795.341301702684 496
220 8.4 596.9906151181176 927.5253046353149 4192.48486328125 0.550048828125 772.7356018786888 593
230 7.3 639.7994568707192 942.6122046425335 4192.48486328125 0.550048828125 750.9297246439946 677
240 6.4 563.968761444092 1053.484845422958 6786.72412109375 0.550048828125 740.1130452473958 750
250 6.9 521.2566201030344 796.1977820872801 6786.72412109375 0.550048828125 726.2638632284628 814
260 6.1 1187.14758100666 4591.125084403095 36030.31201171875 0.550048828125 710.2440446829877 883
270 7.3 660.2566519959332 975.1801045642154 36030.31201171875 0.550048828125 741.0609045513605 944
280 7.4 639.9435837204394 896.0196544261236 36030.31201171875 0.550048828125 735.260795960853 1017
290 7.5 634.3239225260419 877.9923018049342 36030.31201171875 0.550048828125 728.7956504926673 1091
300 10.1 659.8883648862933 1043.519419840964 36030.31201171875 0.550048828125 722.7189956063063 1166
310 6.2 671.7126110446069 774.7704268493878 36030.31201171875 0.550048828125 717.7103975773234 1267
320 3 916.4703369140625 663.2175320130677 36030.31201171875 0.550048828125 715.5645264222983 1329
330 2.4 1024.4628295898438 661.2383636078654 36030.31201171875 0.550048828125 719.9995332764211 1359
340 2.2 820.3823353160511 756.3221148245809 36030.31201171875 0.550048828125 725.2830611950922 1383
350 3.9 727.9367425380609 932.7920101540243 36030.31201171875 0.550048828125 726.7721601492993 1405
360 4.8 1107.7595062255857 1098.2441719532605 36030.31201171875 0.550048828125 726.8036135517659 1444
370 1.8 1144.2843017578125 1052.531263500107 36030.31201171875 0.550048828125 739.0595672034706 1492
380 1.2 1426.3456624348958 457.5867397731174 36030.31201171875 0.550048828125 743.8900607279594 1510
390 1.1 1429.8758433948863 303.14160811761707 36030.31201171875 0.550048828125 749.2707882052808 1522
400 0.3 745.960693359375 206.59009924889335 36030.31201171875 0.550048828125 754.1544513540647 1533
410 0.1 71.757080078125 0.0 36030.31201171875 0.550048828125 754.1384479204813 1536
420 0 0 0 36030.31201171875 0.550048828125 753.6944782602066 1537
430 0.1 6.2939453125 0.0 36030.31201171875 0.550048828125 753.6944782602066 1537
440 0.1 16.11376953125 0.0 36030.31201171875 0.550048828125 753.2085221269506 1538
450 0 0 0 36030.31201171875 0.550048828125 752.7295781681489 1539
460 0 0 0 36030.31201171875 0.550048828125 752.7295781681489 1539
470 0 0 0 36030.31201171875 0.550048828125 752.7295781681489 1539
480 0 0 0 36030.31201171875 0.550048828125 752.7295781681489 1539
490 0 0 0 36030.31201171875 0.550048828125 752.7295781681489 1539
491 0 0 0 36030.31201171875 0.550048828125 752.7295781681489 1539
