20 0.1 133.39111328125 0 133.39111328125 133.39111328125 0 0
30 0.2 173.6455078125 148.42138671875 322.06689453125 25.22412109375 133.39111328125 1
40 0.6 28.626424153645832 20.071260259583674 322.06689453125 7.35791015625 160.22737630208334 3
50 0.5 11.43837890625 7.231445216228477 322.06689453125 7.35791015625 72.493408203125 9
60 0.3 7.697672526041667 0.20316024213714343 322.06689453125 7.35791015625 50.688040597098215 14
70 0.2 54.8836669921875 37.5565185546875 322.06689453125 7.35791015625 43.10150505514706 17
80 0.5 14.431201171875 13.167299282151301 322.06689453125 7.35791015625 44.3417326274671 19
90 0.8 114.88592529296875 134.3437684030264 375.64599609375 7.35791015625 38.110371907552086 24
100 0.7 240.42100306919642 310.0781371686645 884.3369140625 6.198974609375 57.30426025390625 32
110 0.4 586.0202026367188 126.75914848004187 884.3369140625 6.198974609375 90.17136793870192 39
120 1.2 1663.3323364257813 337.6768955338775 2134.35205078125 6.198974609375 136.2968409338663 43
130 1.3 2443.2572490985576 1114.0756928485118 3792.844970703125 0.743896484375 469.4682217684659 55
140 1.7 1679.8255256204045 1618.1883162869972 3792.844970703125 0.743896484375 846.8102416992188 68
150 2.6 1137.5335317758415 1502.099971492688 4175.736083984375 0.709228515625 1013.4132984834558 85
160 3.1 899.3839465725806 1294.272534148586 4175.736083984375 0.709228515625 1042.4865062816723 111
170 4.2 875.5741664341518 1113.2726561990407 4175.736083984375 0.6748046875 1011.2458066268706 142
180 5.3 692.8694630748821 993.2424669431093 4175.736083984375 0.636962890625 980.2772800611413 184
190 6.7 585.6146185576029 846.1832067400327 4175.736083984375 0.636962890625 916.0046458827795 237
200 7.1 625.0566096775968 994.1210872597575 4175.736083984375 0.636962890625 843.1884227551913 304
210 9 667.8307291666669 1245.0614253333538 8835.924072265625 0.607177734375 801.8887994791667 375
220 6.5 560.6318997896636 854.1538499295905 8835.924072265625 0.607177734375 775.9420761928764 465
230 8.6 317.12954782885174 704.8487537954275 8835.924072265625 0.607177734375 749.5361111622937 530
240 8.3 498.00927146084337 758.3069959162618 8835.924072265625 0.607177734375 689.1676623852222 616
250 7.7 639.5466181767453 825.9646175419016 8835.924072265625 0.607177734375 666.4693126760327 699
260 6.5 659.7197791466348 895.4317746501133 8835.924072265625 0.607177734375 663.7978597424694 776
270 6.9 576.8109325464224 891.7406783005107 8835.924072265625 0.607177734375 663.4826692089031 841
280 7.6 515.703549033717 1333.082901686862 10269.803955078125 0.607177734375 656.9108562092205 910
290 6.4 561.5934410095214 823.0847510800869 10269.803955078125 0.607177734375 646.0267229989382 986
300 7.6 573.651392886513 851.7057563316151 10269.803955078125 0.607177734375 640.8803134300596 1050
310 8.8 575.253573330966 714.0696007003004 10269.803955078125 0.607177734375 636.3426598232127 1126
320 7.2 743.5168253580729 696.0790260245151 10269.803955078125 0.607177734375 631.9144558600185 1214
330 4.3 924.1552053052326 713.925952631364 10269.803955078125 0.607177734375 638.1628000309827 1286
340 3.9 3936.7540126702725 20032.514943194707 127347.50122070313 0.607177734375 647.4161284183361 1329
350 1.9 1130.753842002467 987.5600826758235 127347.50122070313 0.607177734375 741.1911119606062 1368
360 2.8 1198.6774727957588 948.7811377966517 127347.50122070313 0.607177734375 746.5275877146044 1387
370 3.8 1304.0446327611019 1044.1266439600229 127347.50122070313 0.607177734375 755.4747232497791 1415
380 4.1 1482.7542813929117 459.9496610128689 127347.50122070313 0.607177734375 769.8213554324566 1453
390 2 1245.3549926757812 224.90877966550005 127347.50122070313 0.607177734375 789.3864491167797 1494
400 1.1 848.6878773082386 67.23224429460402 127347.50122070313 0.607177734375 795.4098116472816 1514
410 0.9 249.44200303819446 145.51617362745995 127347.50122070313 0.607177734375 795.7941124487705 1525
420 0.3 12.337646484375 7.188803952564691 127347.50122070313 0.607177734375 792.5886567873004 1534
430 0 0 0 127347.50122070313 0.607177734375 791.0657205277631 1537
440 0 0 0 127347.50122070313 0.607177734375 791.0657205277631 1537
450 0.2 10.0260009765625 0.1190185546875 127347.50122070313 0.607177734375 791.0657205277631 1537
460 0 0 0 127347.50122070313 0.607177734375 790.0507241410819 1539
470 0 0 0 127347.50122070313 0.607177734375 790.0507241410819 1539
480 0 0 0 127347.50122070313 0.607177734375 790.0507241410819 1539
490 0 0 0 127347.50122070313 0.607177734375 790.0507241410819 1539
491 0 0 0 127347.50122070313 0.607177734375 790.0507241410819 1539
