30 0.8 7.1920166015625 3.768929230839094 14.7099609375 4.8408203125 0 0
40 0.8 12.455108642578125 6.6836114505704 22.322998046875 4.8408203125 7.1920166015625 8
50 0.8 11.52215576171875 7.516953285267872 27.43310546875 4.8408203125 9.823562622070313 16
60 2.6 13.717820387620192 12.788724832367846 55.744873046875 4.592041015625 10.389760335286459 24
70 2.2 22.432939009232953 14.788392030440138 55.744873046875 4.592041015625 12.1203515625 50
80 0 0 0 55.744873046875 4.592041015625 15.271419949001736 72
90 1.6 76.44239807128906 86.62472045842964 261.408935546875 4.592041015625 15.271419949001736 72
100 3.7 177.03334828969594 205.04685541188877 843.968994140625 4.592041015625 26.393415971235797 88
110 1.2 660.1981811523438 213.98484076918078 1085.343994140625 4.592041015625 70.9828359375 125
120 1 1608.69765625 384.2838578233677 2089.580810546875 4.592041015625 122.59293916799726 137
130 0.8 2344.6124572753906 1511.8764667029693 4163.10107421875 0.68603515625 223.68849815316753 147
140 2 1471.33701171875 1505.3748261503004 4163.10107421875 0.68603515625 333.1555412046371 155
150 6 722.8308227539062 1290.4115961896541 4177.031982421875 0.640869140625 463.23342354910716 175
160 7.4 552.91430004223 1095.1020940116512 4177.031982421875 0.623779296875 529.5136105801197 235
170 9.3 607.1279428133398 1000.0985694789362 4177.031982421875 0.623779296875 535.1176591891688 309
180 18.4 511.07701575237746 893.9827982610749 4177.031982421875 0.623779296875 551.776754654462 402
190 11.7 593.4116565671742 865.6652476052949 4177.031982421875 0.623779296875 538.9973144531249 586
200 9.3 381.88578681535625 811.8188863836757 4177.031982421875 0.595947265625 548.0534709642825 703
210 14 400.6000558035714 923.7626197825463 5078.76904296875 0.595947265625 528.6394073639682 796
220 10.2 600.4130332797182 1186.0840777295246 5078.76904296875 0.595947265625 509.4882223015157 936
230 15.6 585.113980806791 1209.7306924463032 5244.406982421875 0.595947265625 518.4230303167149 1038
240 14.1 580.8382299977839 1048.840973309595 6278.64794921875 0.595947265625 527.1364208330061 1194
250 10.4 702.579510028546 1205.3318790525143 6278.64794921875 0.595947265625 532.8082973065893 1335
260 13.5 672.0302734375002 1264.6068726601952 6278.64794921875 0.595947265625 545.0780722357648 1439
270 23 395.8012132727581 898.5621369030481 6278.64794921875 0.595947265625 555.9666028343888 1574
280 31.5 352.4062492249504 719.1723105047848 6278.64794921875 0.595947265625 535.5464035000346 1804
290 33.4 354.8890863292944 711.9491157067297 6278.64794921875 0.595947265625 508.3216991127522 2119
300 29 345.04301589439655 731.8711740162371 6278.64794921875 0.595947265625 487.43034457966013 2453
310 34.1 346.82936861368194 618.5160079273927 6278.64794921875 0.595947265625 472.37663502124724 2743
320 14.7 447.2899178225978 648.6055957165199 6278.64794921875 0.595947265625 458.4947874709944 3084
330 13.4 707.1355016907652 720.5375741137639 6278.64794921875 0.595947265625 457.9850023152178 3231
340 20.3 569.9397249268785 710.8723830526926 6278.64794921875 0.595947265625 467.9065972383451 3365
350 14.1 627.9768170295879 879.2564568291459 6278.64794921875 0.595947265625 473.71173314663326 3568
360 7.5 919.894697265625 1113.6210534590277 6278.64794921875 0.595947265625 479.5762186757507 3709
370 6.2 1286.6526745211695 1082.0708026437733 6278.64794921875 0.595947265625 488.30346124822444 3784
380 6.6 1275.4903823390152 592.7519354489041 6278.64794921875 0.595947265625 501.1733653623489 3846
390 11.1 1234.714135522241 247.97371716943826 6278.64794921875 0.595947265625 514.2369960168631 3912
400 15.8 797.9113615011869 135.35239985095262 6278.64794921875 0.595947265625 534.1159327519109 4023
410 13.1 333.61235314289127 174.74347682252989 6278.64794921875 0.595947265625 544.0847626352846 4181
420 0.8 11.575225830078125 4.646859971103434 6278.64794921875 0.595947265625 537.6905405472736 4312
430 1.6 7.282867431640625 4.388304219106 6278.64794921875 0.595947265625 536.7162529274269 4320
440 0.8 5.3636474609375 2.7227250915537207 6278.64794921875 0.595947265625 534.7626241986602 4336
450 0 0 0 6278.64794921875 0.595947265625 533.7876721236368 4344
460 0.8 9.76025390625 4.264581241694119 6278.64794921875 0.595947265625 533.7876721236368 4344
470 0.8 6.78619384765625 3.3626898041718984 6278.64794921875 0.595947265625 532.8243864283842 4352
480 0.8 7.153045654296875 4.032337689664191 6278.64794921875 0.595947265625 531.8591787355756 4360
490 0 0 0 6278.64794921875 0.595947265625 530.8981784918369 4368
491 0 0 0 6278.64794921875 0.595947265625 530.8981784918369 4368
