30 0.1 13.199951171875 0 13.199951171875 13.199951171875 0 0
40 0.1 131.379150390625 0.0 131.379150390625 13.199951171875 13.199951171875 1
50 0.1 13.217041015625 0.0 131.379150390625 13.199951171875 72.28955078125 2
60 0.4 37.1607666015625 25.573905092503548 131.379150390625 12.16796875 52.598714192708336 3
70 0.2 23.7049560546875 2.4110107421875 131.379150390625 12.16796875 43.777029854910715 7
80 0 0 0 131.379150390625 12.16796875 39.316569010416664 9
90 0.2 76.75439453125 49.452392578125 131.379150390625 12.16796875 39.316569010416664 9
100 0.6 184.02888997395834 102.91521514214533 334.2001953125 12.16796875 46.12344637784091 11
110 0.4 699.5264282226563 233.1068045991625 1093.27392578125 12.16796875 94.79595588235294 17
120 0.1 1537.89990234375 0.0 1537.89990234375 12.16796875 209.9827125186012 21
130 0.4 1595.677490234375 1626.6027874013043 3667.89306640625 1.115966796875 270.3425847833807 22
140 0.5 3257.30625 312.7588455088838 3822.796142578125 1.115966796875 474.24026254507214 26
150 0.8 1170.6772766113281 1584.2650395021087 4260.486083984375 1.007080078125 923.1218734248991 31
160 0.9 1216.304714626736 1362.2062803234664 4260.486083984375 0.906005859375 973.9024689503206 39
170 1.7 261.5106847426471 698.8183688039552 4260.486083984375 0.906005859375 1019.3528900146484 48
180 1.9 5.620965254934211 5.688194451132825 4260.486083984375 0.864013671875 821.1480055588943 65
190 1.2 637.8445027669271 899.0097013241603 4260.486083984375 0.864013671875 636.6835559663318 84
200 2.9 423.13349441002157 817.1493176237012 4260.486083984375 0.864013671875 636.8286743164063 96
210 2.4 415.9724833170573 808.6744695851011 4260.486083984375 0.828125 587.251392578125 125
220 3 456.7830078125 920.8177056889971 4260.486083984375 0.828125 559.6628434354027 149
230 3.3 261.5261600378788 686.4120669885743 4260.486083984375 0.828125 542.4204128840782 179
240 2.3 427.2666758661685 718.3876896516697 4260.486083984375 0.828125 498.69630748820754 212
250 1.5 998.3882975260417 2252.55840746777 9098.39697265625 0.828125 491.705322265625 235
260 2.4 801.103037516276 955.8483401498854 9098.39697265625 0.828125 522.10630078125 250
270 2.7 590.5978823061344 1535.4219273267768 9098.39697265625 0.828125 546.5439711522012 274
280 4.1 1002.8723204077742 1991.2186687313924 9681.221923828125 0.828125 550.4956508902616 301
290 2.1 630.5730561755952 1367.3362838240455 9681.221923828125 0.828125 604.7279416803727 342
300 3.1 629.0378417968751 858.578677926586 9681.221923828125 0.828125 606.2231135933195 363
310 3.1 401.8040259576613 679.7382182820729 9681.221923828125 0.828125 608.0181810408073 394
320 2 942.0038208007812 634.7230339549046 9681.221923828125 0.828125 592.9766779641543 425
330 2.3 967.1669391134511 639.6752254056973 9681.221923828125 0.828125 608.663291125351 445
340 1.2 572.4309285481771 668.317561322707 9681.221923828125 0.828125 626.2820601504072 468
350 1.1 952.5332697088069 878.6245431823727 9681.221923828125 0.828125 624.9357818603514 480
360 1 887.144580078125 878.7177626107817 9681.221923828125 0.828125 632.2750331156121 491
370 1.3 1070.5342172475962 1026.5768506965749 9681.221923828125 0.828125 637.36224962185 501
380 1.6 1435.8600769042969 414.3109527254319 9681.221923828125 0.828125 648.3179608653027 514
390 1.1 1271.8034224076705 237.0513695652977 9681.221923828125 0.828125 672.0928171985553 530
400 1 888.969482421875 85.58383456802741 9681.221923828125 0.828125 684.2865633303488 541
410 0.5 501.500390625 209.31341219462075 9681.221923828125 0.828125 688.001316852881 551
420 0.1 5.298095703125 0.0 9681.221923828125 0.828125 686.3241502501123 556
430 0.2 13.5838623046875 7.5489501953125 9681.221923828125 0.828125 685.1014822886276 557
440 0.1 10.791015625 0.0 9681.221923828125 0.828125 682.6989147752682 559
450 0 0 0 9681.221923828125 0.828125 681.4990792410713 560
460 0.1 13.9541015625 0.0 9681.221923828125 0.828125 681.4990792410713 560
470 0.1 6.797119140625 0.0 9681.221923828125 0.828125 680.3091594947637 561
480 0.1 14.408935546875 0.0 9681.221923828125 0.828125 679.1107394941336 562
490 0 0 0 9681.221923828125 0.828125 677.9300968583481 563
491 0 0 0 9681.221923828125 0.828125 677.9300968583481 563
