30 0.8 14.0189208984375 3.105976135262321 16.117919921875 7.176025390625 0 0
40 0.8 16.388336181640625 1.366992096901618 19.5048828125 7.176025390625 14.0189208984375 8
50 0.8 17.4207763671875 5.185716806562054 25.821044921875 7.176025390625 15.203628540039063 16
60 2.6 28.47478778545673 29.057620426952216 124.178955078125 7.176025390625 15.942677815755209 24
70 2.2 27.404552112926137 18.52449733397031 124.178955078125 7.176025390625 22.459375 50
80 0 0 0 124.178955078125 7.176025390625 23.970401340060764 72
90 1.6 117.39286804199216 132.04327001905514 575.202880859375 7.176025390625 23.970401340060764 72
100 3.6 182.15978325737848 171.10990185694175 877.123046875 7.176025390625 40.95630437677556 88
110 1.1 606.6769797585227 237.87850643494565 1053.739990234375 7.176025390625 81.95086276146674 124
120 0.9 1604.8537055121528 364.2890796697829 2155.233154296875 7.176025390625 124.70632414641204 135
130 0.9 2155.676323784722 1237.1716078225745 3753.651123046875 0.122802734375 217.21553548177084 144
140 1.9 1440.2878674958881 1549.4509293555102 3925.637939453125 0.120849609375 331.2426406760621 153
150 5.7 614.5976905153509 1294.4721621084004 4296.02294921875 0.10986328125 453.7534506154615 172
160 7.7 540.1411671824268 1100.8778621605074 4296.02294921875 0.10986328125 493.7889164420715 229
170 8.9 473.3527201106039 909.9007479562213 4296.02294921875 0.10986328125 505.4527180989583 306
180 18.5 346.39963840793916 780.9260172377637 4296.02294921875 0.10986328125 498.22006032436707 395
190 11.9 519.3660262933296 818.9547226777191 4296.02294921875 0.10986328125 449.79458091998924 580
200 9.2 569.3303859544839 1222.5855068958397 5746.10595703125 0.10986328125 461.6386467274678 699
210 13.8 625.6689382359601 1612.158593112772 8052.60302734375 0.10986328125 474.16410817991465 791
220 9.2 792.5343919836953 1751.4831907561338 12505.1689453125 0.10986328125 496.66966958759417 929
230 15.8 767.7110765674445 2056.3541931553837 19602.139892578125 0.10986328125 523.3293703323947 1021
240 13.5 727.2818070023148 1366.2348205734659 19602.139892578125 0.10986328125 556.0794208711037 1179
250 10.4 1379.6397306002104 2693.4372043188605 21576.254150390625 0.10986328125 573.668707117461 1314
260 12.1 1785.650888994706 4945.783794941056 36613.758056640625 0.10986328125 632.7808273164779 1418
270 22.4 1410.8656507219587 2304.960602469148 36613.758056640625 0.094970703125 723.4223331404322 1539
280 31.2 2042.6191586225461 6977.107981644908 66245.13208007813 0.078125 810.7662373595258 1763
290 33.9 1343.1320476700773 1351.0718736012043 66245.13208007813 0.078125 995.9894235928089 2075
300 29.4 1501.973957502922 5240.929509207399 66245.13208007813 0.073974609375 1044.7389470237094 2414
310 36.7 307.3855918447721 560.3978284357585 66245.13208007813 0.073974609375 1094.379675635559 2708
320 15.1 398.0626034768212 613.8358119218695 66245.13208007813 0.073974609375 1000.4522516514226 3075
330 13 620.2237511268027 715.7241272651959 66245.13208007813 0.073974609375 972.2560839904291 3226
340 20.3 467.3850915467209 682.9771668789226 66245.13208007813 0.073974609375 958.6195514301576 3356
350 14 595.4209402901786 856.1094510435759 66245.13208007813 0.073974609375 930.6002776576547 3559
360 7.9 845.232322982595 1023.8753865701111 66245.13208007813 0.073974609375 917.9143876248224 3699
370 6.3 1180.670665922619 998.4352665853936 66245.13208007813 0.073974609375 916.394566791912 3778
380 6.8 1346.4304055606617 544.8981216016464 66245.13208007813 0.073974609375 920.7292177279272 3841
390 10.9 1132.1644163919157 185.74991443124262 66245.13208007813 0.073974609375 928.1346106091311 3909
400 15.7 805.179670394606 154.49729355628972 66245.13208007813 0.073974609375 933.6695157436068 4018
410 13.7 328.1003596173585 195.2929198529871 66245.13208007813 0.073974609375 928.8376820382671 4175
420 0.8 19.364990234375 6.574449887578557 66245.13208007813 0.073974609375 909.7511762006826 4312
430 1.6 11.661636352539063 5.732661363105028 66245.13208007813 0.073974609375 908.1023128933375 4320
440 0.8 5.380126953125 2.6918598119530004 66245.13208007813 0.073974609375 904.7944137179102 4336
450 0 0 0 66245.13208007813 0.073974609375 903.1380338159493 4344
460 0.8 7.822509765625 4.2117081098045315 66245.13208007813 0.073974609375 903.1380338159493 4344
470 0.8 7.113067626953125 4.775079038221593 66245.13208007813 0.073974609375 901.4922332202685 4352
480 0.8 8.227630615234375 4.675228804802896 66245.13208007813 0.073974609375 899.8511705311064 4360
490 0 0 0 66245.13208007813 0.073974609375 898.2181603847404 4368
491 0 0 0 66245.13208007813 0.073974609375 898.2181603847404 4368
