0 9 9
10 20 21
20 26 28
30 41 41
40 43 43
50 48 48
60 56 56
70 64 65
80 72 75
90 91 91
100 118 118
110 142 142
120 211 211
130 282 282
140 332 332
150 435 436
160 505 506
170 614 614
180 820 822
190 972 972
200 1143 1144
210 1578 1578
220 2082 2082
230 2530 2531
240 2421 2556
250 2257 2556
260 2096 2556
270 1915 2556
280 1695 2556
290 1484 2556
300 1279 2556
310 1076 2556
320 924 2556
330 814 2556
340 687 2556
350 573 2556
360 467 2556
370 389 2556
380 299 2556
390 246 2556
400 178 2556
410 87 2556
420 54 2556
430 30 2556
440 16 2556
450 7 2556
460 3 2556
470 3 2556
480 1 2556
490 0 2556
491 0 2556
