0 4.3 43
10 6.2 105
20 6 165
30 11.8 283
40 10 383
50 12.4 507
60 12.7 634
70 19.8 832
80 18.4 1016
90 30.4 1320
100 37.2 1692
110 44.2 2134
120 56.9 2703
130 62.1 3324
140 77.2 4096
150 105.3 5149
160 129.1 6440
170 148.6 7926
180 189.1 9817
190 232.2 12139
200 283.6 14975
210 372.4 18699
220 472.2 23421
230 472.8 28149
240 393.5 32084
250 397.2 36056
260 397.4 40030
270 444.6 44476
280 386.9 48345
290 303.2 51377
300 305 54427
310 293.9 57366
320 235.3 59719
330 90.3 60622
340 52.2 61144
350 18.2 61326
360 12.5 61451
370 11.4 61565
380 2.2 61587
390 2.1 61608
400 1.9 61627
410 0 61627
420 0.1 61628
430 0.2 61630
440 0 61630
450 0 61630
460 0 61630
470 0 61630
473 0 61630
