0 0.1 1
10 0.3 4
20 0.5 9
30 0.2 11
40 0.6 17
50 0.3 20
60 0.3 23
70 0.5 28
80 0.9 37
90 1.1 48
100 2 68
110 2.1 89
120 1.8 107
130 2.6 133
140 3.3 166
150 4.8 214
160 4.6 260
170 5.4 314
180 9.6 410
190 11 520
200 12.2 642
210 14 782
220 22.8 1010
230 24.6 1256
240 21.8 1474
250 29.5 1769
260 55.1 2320
270 126.4 3584
280 187.5 5459
290 148.3 6942
300 157.6 8518
310 170.7 10225
320 137.1 11596
330 39.3 11989
340 25.9 12248
350 9 12338
360 5.6 12394
370 10.4 12498
380 3.4 12532
390 1.7 12549
400 1.7 12566
410 0 12566
420 0 12566
430 0 12566
440 0 12566
450 0 12566
460 0 12566
470 1.7 12583
473 0 12583
