0 0.1 9.57872784997947 0 9.57872784997947 9.57872784997947 0 0
10 0.1 3.23846908734053 0.0 9.57872784997947 3.23846908734053 9.57872784997947 1
20 0.1 1.87192118226601 0.0 9.57872784997947 1.87192118226601 6.40859846866 2
30 0.1 1.8682399213372665 0.0 9.57872784997947 1.8682399213372665 4.896372706528671 3
40 0.1 2.0710059171597637 0.0 9.57872784997947 1.8682399213372665 4.13933951023082 4
50 0.1 2.5540275049115913 0.0 9.57872784997947 1.8682399213372665 3.7256727916166086 5
60 0.1 2.4582104228121926 0.0 9.57872784997947 1.8682399213372665 3.5303985771657724 6
70 0.1 2.6522593320235757 0.0 9.57872784997947 1.8682399213372665 3.3772288408295466 7
80 0.1 3.346456692913386 0.0 9.57872784997947 1.8682399213372665 3.2866076522288004 8
90 0.1 3.522504892367906 0.0 9.57872784997947 1.8682399213372665 3.2932575456381987 9
100 0.1 4.518664047151278 0.0 9.57872784997947 1.8682399213372665 3.31618228031117 10
110 0.1 5.490196078431373 0.0 9.57872784997947 1.8682399213372665 3.425498804569361 11
120 0.1 5.76171875 0.0 9.57872784997947 1.8682399213372665 3.597556910724529 12
130 0.1 7.12890625 0.0 9.57872784997947 1.8682399213372665 3.7640308983611037 13
140 0.1 8.113391984359726 0.0 9.57872784997947 1.8682399213372665 4.004379137763882 14
150 0.1 8.878048780487804 0.0 9.57872784997947 1.8682399213372665 4.278313327536938 15
160 0.1 13.872832369942195 0.0 13.872832369942195 1.8682399213372665 4.565796793346367 16
170 0.1 14.202334630350194 0.0 14.202334630350194 1.8682399213372665 5.113269474322592 17
180 0.1 16.952380952380953 0.0 16.952380952380953 1.8682399213372665 5.6182175385463475 18
190 0.1 22.072936660268713 0.0 22.072936660268713 1.8682399213372665 6.214752455063958 19
200 0.1 25.901328273244783 0.0 25.901328273244783 1.8682399213372665 7.007661665324195 20
210 0.1 29.017013232514177 0.0 29.017013232514177 1.8682399213372665 7.907360075225176 21
220 0.1 39.339622641509436 0.0 39.339622641509436 1.8682399213372665 8.866889764192859 22
230 0.1 42.77726001863933 0.0 42.77726001863933 1.8682399213372665 10.191791193641405 23
240 0.1 45.30386740331492 0.0 45.30386740331492 1.8682399213372665 11.54951906134965 24
250 0.1 48.045178105994786 0.0 48.045178105994786 1.8682399213372665 12.899692995028262 25
260 0.1 50.122649223221586 0.0 50.122649223221586 1.8682399213372665 14.25144242237313 26
270 0.1 49.67948717948718 0.0 50.122649223221586 1.8682399213372665 15.580005637219369 27
280 0.1 48.4113712374582 0.0 50.122649223221586 1.8682399213372665 16.797844263728933 28
290 0.1 45.670009115770284 0.0 50.122649223221586 1.8682399213372665 17.8879658835127 29
300 0.1 43.646408839779006 0.0 50.122649223221586 1.8682399213372665 18.81403399125462 30
310 0.1 34.413727359389895 0.0 50.122649223221586 1.8682399213372665 19.61507834120702 31
320 0.1 30.740037950664135 0.0 50.122649223221586 1.8682399213372665 20.077536123025236 32
330 0.1 13.640824337585869 0.0 50.122649223221586 1.8682399213372665 20.400642239014296 33
340 0.1 8.737864077669903 0.0 50.122649223221586 1.8682399213372665 20.20182406544287 34
350 0.1 4.011741682974559 0.0 50.122649223221586 1.8682399213372665 19.874282351506498 35
360 0.1 2.1760633036597428 0.0 50.122649223221586 1.8682399213372665 19.433656221825053 36
370 0.1 2.7559055118110236 0.0 50.122649223221586 1.8682399213372665 18.96723479160437 37
380 0.1 2.1589793915603535 0.0 50.122649223221586 1.8682399213372665 18.540620863188757 38
390 0.1 1.282051282051282 0.0 50.122649223221586 1.282051282051282 18.120578774172643 39
400 0.1 1.582591493570722 0.0 50.122649223221586 1.282051282051282 17.69961558686961 40
410 0.1 1.282051282051282 0.0 50.122649223221586 1.282051282051282 17.306517438252563 41
420 0.1 1.3820335636722607 0.0 50.122649223221586 1.282051282051282 16.92498252977158 42
430 0.1 1.3820335636722607 0.0 50.122649223221586 1.282051282051282 16.56351860032741 43
440 0.1 1.2833168805528135 0.0 50.122649223221586 1.282051282051282 16.218484849494338 44
450 0.1 1.183431952662722 0.0 50.122649223221586 1.183431952662722 15.886592227962304 45
460 0.1 1.3806706114398422 0.0 50.122649223221586 1.183431952662722 15.566958308934053 46
470 0.1 1.3779527559055118 0.0 50.122649223221586 1.183431952662722 15.26512240047673 47
