0 0 0
10 0 0
20 0.2 2
30 0.6 8
40 0.7 15
50 0.7 22
60 0.5 27
70 0.9 36
80 1 46
90 1.5 61
100 1.9 80
110 1.9 99
120 3.4 133
130 4.8 181
140 3.9 220
150 3.7 257
160 7.1 328
170 7.1 399
180 8.9 488
190 11 598
200 13.9 737
210 20.4 941
220 21.6 1157
230 20 1357
240 22.8 1585
250 31.4 1899
260 45.4 2353
270 57.8 2931
280 66.1 3592
290 69 4282
300 71.5 4997
310 77 5767
320 75.9 6526
330 28.6 6812
340 13 6942
350 5.2 6994
360 2.6 7020
370 2.5 7045
380 0.5 7050
390 0.3 7053
400 0.3 7056
410 0 7056
420 0 7056
430 0.1 7057
440 0 7057
450 0 7057
460 0 7057
470 0.1 7058
473 0 7058
