0 0.1 0.12890625 0 0.12890625 0.12890625 0 0
10 0.1 0.109375 0.0 0.12890625 0.109375 0.12890625 1
20 0.1 0.08984375 0.0 0.12890625 0.08984375 0.119140625 2
30 0.1 0.078125 0.0 0.12890625 0.078125 0.109375 3
40 0.1 0.1484375 0.0 0.1484375 0.078125 0.1015625 4
50 0.1 0.12109375 0.0 0.1484375 0.078125 0.1109375 5
60 0.1 0.1015625 0.0 0.1484375 0.078125 0.11263020833333333 6
70 0.1 0.08984375 0.0 0.1484375 0.078125 0.11104910714285714 7
80 0.1 0.078125 0.0 0.1484375 0.078125 0.1083984375 8
90 0.1 0.05859375 0.0 0.1484375 0.05859375 0.10503472222222222 9
100 0.1 0.05078125 0.0 0.1484375 0.05078125 0.100390625 10
110 0.1 0.19921875 0.0 0.19921875 0.05078125 0.09588068181818182 11
120 0.1 0.171875 0.0 0.19921875 0.05078125 0.1044921875 12
130 0.1 0.140625 0.0 0.19921875 0.05078125 0.10967548076923077 13
140 0.1 0.12109375 0.0 0.19921875 0.05078125 0.11188616071428571 14
150 0.1 0.1015625 0.0 0.19921875 0.05078125 0.1125 15
160 0.1 0.08984375 0.0 0.19921875 0.05078125 0.11181640625 16
170 0.1 0.0703125 0.0 0.19921875 0.05078125 0.11052389705882353 17
180 0.1 0.05859375 0.0 0.19921875 0.05078125 0.10828993055555555 18
190 0.1 0.05078125 0.0 0.19921875 0.05078125 0.10567434210526316 19
200 0.1 0.0390625 0.0 0.19921875 0.0390625 0.1029296875 20
210 0.1 0.0390625 0.0 0.19921875 0.0390625 0.09988839285714286 21
220 0.1 0.109375 0.0 0.19921875 0.0390625 0.09712357954545454 22
230 0.1 0.25 0.0 0.25 0.0390625 0.09765625 23
240 0.1 0.2109375 0.0 0.25 0.0390625 0.10400390625 24
250 0.1 0.25 0.0 0.25 0.0390625 0.10828125 25
260 0.1 0.37109375 0.0 0.37109375 0.0390625 0.11373197115384616 26
270 0.1 0.58984375 0.0 0.58984375 0.0390625 0.1232638888888889 27
280 0.1 0.6484375 0.0 0.6484375 0.0390625 0.13992745535714285 28
290 0.1 0.62109375 0.0 0.6484375 0.0390625 0.15746228448275862 29
300 0.1 0.53125 0.0 0.6484375 0.0390625 0.17291666666666666 30
310 0.1 0.53125 0.0 0.6484375 0.0390625 0.1844758064516129 31
320 0.1 0.44921875 0.0 0.6484375 0.0390625 0.1953125 32
330 0.1 0.4609375 0.0 0.6484375 0.0390625 0.20300662878787878 33
340 0.1 0.390625 0.0 0.6484375 0.0390625 0.21059283088235295 34
350 0.1 0.328125 0.0 0.6484375 0.0390625 0.21573660714285714 35
360 0.1 0.28125 0.0 0.6484375 0.0390625 0.21885850694444445 36
370 0.1 0.23046875 0.0 0.6484375 0.0390625 0.22054476351351351 37
380 0.1 0.19921875 0.0 0.6484375 0.0390625 0.22080592105263158 38
390 0.1 0.171875 0.0 0.6484375 0.0390625 0.22025240384615385 39
400 0.1 0.140625 0.0 0.6484375 0.0390625 0.21904296875 40
410 0.1 0.12109375 0.0 0.6484375 0.0390625 0.21713033536585366 41
420 0.1 0.1015625 0.0 0.6484375 0.0390625 0.21484375 42
430 0.1 0.08984375 0.0 0.6484375 0.0390625 0.21220930232558138 43
440 0.1 0.0703125 0.0 0.6484375 0.0390625 0.20942826704545456 44
450 0.1 0.05859375 0.0 0.6484375 0.0390625 0.20633680555555556 45
460 0.1 0.05078125 0.0 0.6484375 0.0390625 0.203125 46
470 0.1 0.0390625 0.0 0.6484375 0.0390625 0.19988364361702127 47
