10 0.1 254 0 254 254 0 0
20 0.1 226.0 0.0 254 226 254.0 1
30 0.1 322.0 0.0 322 226 240.0 2
40 0.1 426.0 0.0 426 226 267.3333333333333 3
50 0.1 422.0 0.0 426 226 307.0 4
60 0.1 586.0 0.0 586 226 330.0 5
70 0.1 537.0 0.0 586 226 372.6666666666667 6
80 0.1 753.0 0.0 753 226 396.14285714285717 7
90 0.1 779.0 0.0 779 226 440.75 8
100 0.1 1420.0 0.0 1420 226 478.3333333333333 9
110 0.1 1575.0 0.0 1575 226 572.5 10
120 0.1 1931.0 0.0 1931 226 663.6363636363636 11
130 0.1 2699.0 0.0 2699 226 769.25 12
140 0.1 3024.0 0.0 3024 226 917.6923076923077 13
150 0.1 3342.0 0.0 3342 226 1068.142857142857 14
160 0.1 5228.0 0.0 5228 226 1219.7333333333333 15
170 0.1 5875.0 0.0 5875 226 1470.25 16
180 0.1 6658.0 0.0 6658 226 1729.3529411764705 17
190 0.1 8635.0 0.0 8635 226 2003.1666666666667 18
200 0.1 11243.0 0.0 11243 226 2352.2105263157896 19
210 0.1 13113.0 0.0 13113 226 2796.75 20
220 0.1 19779.0 0.0 19779 226 3288.0 21
230 0.1 22546.0 0.0 22546 226 4037.590909090909 22
240 0.1 24665.0 0.0 24665 226 4842.304347826087 23
250 0.1 25243.0 0.0 25243 226 5668.25 24
260 0.1 31265.0 0.0 31265 226 6451.24 25
270 0.1 34032.0 0.0 34032 226 7405.615384615385 26
280 0.1 33974.0 0.0 34032 226 8391.777777777777 27
290 0.1 27565.0 0.0 34032 226 9305.42857142857 28
300 0.1 26555.0 0.0 34032 226 9935.068965517241 29
310 0.1 21301.0 0.0 34032 226 10489.066666666668 30
320 0.1 21975.0 0.0 34032 226 10837.838709677419 31
330 0.1 7827.0 0.0 34032 226 11185.875 32
340 0.1 3936.0 0.0 34032 226 11084.09090909091 33
350 0.1 1374.0 0.0 34032 226 10873.85294117647 34
360 0.1 775.0 0.0 34032 226 10602.42857142857 35
370 0.1 1.0e3 0.0 34032 226 10329.444444444445 36
380 0.1 375.0 0.0 34032 226 10077.297297297297 37
390 0.1 31.0 0.0 34032 31 9821.973684210527 38
400 0.1 371.0 0.0 34032 31 9570.923076923076 39
410 0.1 90.0 0.0 34032 31 9340.925 40
420 0.1 94.0 0.0 34032 31 9115.292682926829 41
430 0.1 99.0 0.0 34032 31 8900.5 42
440 0.1 73.0 0.0 34032 31 8695.813953488372 43
450 0.1 43.0 0.0 34032 31 8499.84090909091 44
460 0.1 108.0 0.0 34032 31 8311.911111111112 45
470 0.1 79.0 0.0 34032 31 8133.565217391306 46
