0 18.71640625 18.71640625
10 38.6109375 57.32734375
20 48.58203125 105.909375
30 100.04296875 205.95234375
40 79.51875 285.47109375
50 90.05859375 375.5296875
60 98.86640625 474.39609375
70 148.76875 623.16484375
80 140.50078125 763.665625
90 238.71328125 1002.37890625
100 287.98125 1290.36015625
110 367.18125 1657.54140625
120 490.8078125 2148.34921875
130 487.03359375 2635.3828125
140 649.25859375 3284.64140625
150 803.725 4088.36640625
160 1045.85078125 5134.2171875
170 1177.240625 6311.4578125
180 1486.7515625 7798.209375
190 1737.184375 9535.39375
200 2203.4578125 11738.8515625
210 2840.2234375 14579.075
220 3739.57265625 18318.64765625
230 3781.07890625 22099.7265625
240 3949.0046875 26048.73125
250 5455.37265625 31504.10390625
260 7036.1640625 38540.26796875
270 7823.0703125 46363.33828125
280 7544.03515625 53907.3734375
290 6050.075 59957.4484375
300 5338.884375 65296.3328125
310 4843.14296875 70139.47578125
320 3696.05703125 73835.5328125
330 1349.784375 75185.3171875
340 859.86171875 76045.17890625
350 297.378125 76342.55703125
360 199.7328125 76542.28984375
370 261.9265625 76804.21640625
380 68.45859375 76872.675
390 46.365625 76919.040625
400 44.37421875 76963.41484375
410 0 76963.41484375
420 0.76640625 76964.18125
430 1.64609375 76965.82734375
440 0 76965.82734375
450 0 76965.82734375
460 0 76965.82734375
470 21.59296875 76987.4203125
473 0 76987.4203125
