0 1.1 22.785134055397727 41.486284852563166 153.9580078125 8.597900390625 0 0
10 0.7 9.989327566964286 1.1224273581359803 153.9580078125 8.597900390625 22.785134055397727 11
20 0 0 0 153.9580078125 8.597900390625 17.80898708767361 18
30 0.4 9.28955078125 0.40430417261586404 153.9580078125 8.597900390625 17.80898708767361 18
40 0.8 8.85052490234375 0.6315771070968411 153.9580078125 7.943115234375 16.259998668323863 22
50 1.2 9.337504069010416 1.296189312493418 153.9580078125 7.455810546875 14.284138997395834 30
60 0.6 9.374593098958334 1.0431911756784567 153.9580078125 7.455810546875 12.870814732142858 42
70 1.5 8.797639973958331 0.696073730424432 153.9580078125 7.455810546875 12.433787027994791 48
80 1.1 9.168035333806818 1.14640801986327 153.9580078125 7.455810546875 11.568037729414682 63
90 1.7 12.174933938419118 11.577407012501936 153.9580078125 7.455810546875 11.211280616554054 74
100 2.7 8.653275101273145 1.3780691271796248 153.9580078125 7.220947265625 11.391303764594781 91
110 1.6 8.804962158203125 1.0877476633364787 153.9580078125 7.1640625 10.764805680614407 118
120 2.6 9.574359600360577 2.7383362251028984 153.9580078125 7.06396484375 10.530794513759329 134
130 4.3 8.90755019077035 2.5106211150526216 153.9580078125 6.8740234375 10.375373840332031 160
140 3.6 9.030578613281248 2.3333704031365365 153.9580078125 6.8740234375 10.064455530326354 203
150 8.3 8.946939123682228 2.25304551182594 153.9580078125 6.8740234375 9.908725116043408 239
160 8.2 9.017226800685973 2.9490813664574187 153.9580078125 6.8740234375 9.660811335403725 322
170 8.2 9.077103777629572 2.093995580212561 153.9580078125 6.833984375 9.53018279122834 404
180 11.1 9.874843837978599 3.5251202430689252 153.9580078125 6.8330078125 9.453737360950358 486
190 16.4 10.90896234279726 4.8146577703558275 153.9580078125 6.74609375 9.532033540096311 597
200 16.1 11.225960488645187 6.28383840632677 153.9580078125 6.74609375 9.828769839232915 761
210 27.4 12.897607956489507 8.961158208025628 153.9580078125 6.74609375 10.072747815974106 922
220 27.7 14.967154712883573 25.084666700365723 416.926025390625 6.74609375 10.719914771242683 1196
230 27 114.76225947627312 168.54789811226377 1160.691162109375 6.74609375 11.518615018245079 1473
240 46.7 1071.5586062968425 985.1760387681312 3960.43212890625 1.8759765625 27.51160641449727 1743
250 58.5 1065.7509824051822 980.1330702452934 3960.43212890625 1.801025390625 248.13149281497476 2210
260 54.1 830.5425274015134 942.1184861747635 4241.8759765625 1.7568359375 419.2611534268787 2795
270 15.9 909.7457375196543 752.8113876326063 4241.8759765625 1.7568359375 485.95876233583476 3336
280 0 0 0 4241.8759765625 1.7568359375 505.238341464369 3495
290 0 0 0 4241.8759765625 1.7568359375 505.238341464369 3495
300 0 0 0 4241.8759765625 1.7568359375 505.238341464369 3495
310 0 0 0 4241.8759765625 1.7568359375 505.238341464369 3495
320 0 0 0 4241.8759765625 1.7568359375 505.238341464369 3495
330 0 0 0 4241.8759765625 1.7568359375 505.238341464369 3495
340 0 0 0 4241.8759765625 1.7568359375 505.238341464369 3495
350 0 0 0 4241.8759765625 1.7568359375 505.238341464369 3495
360 0 0 0 4241.8759765625 1.7568359375 505.238341464369 3495
370 0 0 0 4241.8759765625 1.7568359375 505.238341464369 3495
380 0 0 0 4241.8759765625 1.7568359375 505.238341464369 3495
390 0 0 0 4241.8759765625 1.7568359375 505.238341464369 3495
400 0 0 0 4241.8759765625 1.7568359375 505.238341464369 3495
410 0 0 0 4241.8759765625 1.7568359375 505.238341464369 3495
420 0 0 0 4241.8759765625 1.7568359375 505.238341464369 3495
430 0 0 0 4241.8759765625 1.7568359375 505.238341464369 3495
440 0 0 0 4241.8759765625 1.7568359375 505.238341464369 3495
450 0 0 0 4241.8759765625 1.7568359375 505.238341464369 3495
460 0 0 0 4241.8759765625 1.7568359375 505.238341464369 3495
470 0 0 0 4241.8759765625 1.7568359375 505.238341464369 3495
473 0 0 0 4241.8759765625 1.7568359375 505.238341464369 3495
