20 0.1 8.893798828125 0 8.893798828125 8.893798828125 0 0
30 0.5 9.85380859375 0.6382949958357689 10.904052734375 8.893798828125 8.893798828125 1
40 0.3 10.012776692708334 0.7400793910325851 11.05517578125 8.893798828125 9.693806966145834 6
50 0.1 11.025146484375 0.0 11.05517578125 8.893798828125 9.800130208333334 9
60 0.6 8.900349934895834 0.7612029250009886 11.05517578125 7.73486328125 9.9226318359375 10
70 0.6 12.4925537109375 4.973385669203675 23.346923828125 7.73486328125 9.539276123046875 16
80 0.8 11.641632080078125 5.564427839267248 26.2451171875 7.73486328125 10.344715465198863 22
90 0.8 11.983612060546875 6.123348796205775 28.087158203125 7.73486328125 10.690559895833333 30
100 1.1 9.566228693181818 0.9492000264928677 28.087158203125 7.73486328125 10.962781404194079 38
110 0.8 9.067535400390625 0.616484143922168 28.087158203125 7.73486328125 10.649269571109693 49
120 1.8 9.557481553819445 1.4878106322327695 28.087158203125 7.65087890625 10.427271792763158 57
130 2 10.69769287109375 3.23595140056765 28.087158203125 7.65087890625 10.218522135416666 75
140 1.5 9.930550130208333 1.709463755465091 28.087158203125 7.65087890625 10.319400185032896 95
150 1.7 9.398552389705882 0.6292098089001833 28.087158203125 7.65087890625 10.266375177556819 110
160 3.8 11.010453073601974 5.224890369296656 29.783935546875 7.591064453125 10.150209922490157 127
170 2.8 11.212873186383929 4.129066654377618 29.783935546875 7.591064453125 10.348326526988636 165
180 4.9 13.081283880739797 8.467699995777165 45.409912109375 7.510986328125 10.473752985346502 193
190 4.9 14.21761399872449 6.784939434432228 47.275146484375 7.49609375 11.001724117058368 242
200 8.4 15.245867047991066 5.633780448453089 47.275146484375 7.49609375 11.543231347991838 291
210 9.7 25.451700426868555 25.54334575948499 186.027099609375 7.49609375 12.372621744791667 375
220 11.3 29.65976087181969 34.64336805783387 216.318115234375 7.49609375 15.060483253608316 472
230 10.8 283.3297819914643 322.7850941882166 1225.416015625 7.49609375 17.88051465678419 585
240 11.9 1217.1074629070386 1038.9363498815794 3910.18310546875 1.22314453125 59.249231644007054 693
250 16.5 976.4270833333326 962.03687529799 3910.18310546875 1.09912109375 228.93535174289963 812
260 19.9 769.7548509147299 909.2570323861145 4096.698974609375 1.09912109375 355.17499935029105 977
270 24.5 821.3361358019772 698.4600547416344 4096.698974609375 1.09912109375 425.3292429398517 1176
280 30.8 679.238962148691 620.1303878107705 4096.698974609375 1.070068359375 493.6062934333216 1421
290 43.5 932.5089854974856 798.0533104309008 4096.698974609375 1.012939453125 526.6744611397032 1729
300 42.3 918.0296633745199 660.9786612732806 4096.698974609375 1.012939453125 608.2539519417528 2164
310 40 1025.7949407958972 833.6691899248104 4096.698974609375 1.012939453125 658.905334213133 2587
320 30.3 425.3694024920068 700.8322285776219 4096.698974609375 1.012939453125 708.036851666466 2987
330 12.3 12.915015243902438 7.616381980917985 4096.698974609375 1.012939453125 682.0039528519186 3290
340 5.1 11.558761297487745 5.071376711670483 4096.698974609375 1.012939453125 657.8908736471761 3413
350 1.6 11.233749389648438 3.9083450297041717 4096.698974609375 1.012939453125 648.3750140253995 3464
360 1.1 9.357288707386363 1.222855991148346 4096.698974609375 1.012939453125 645.4456289006374 3480
370 0.1 10.300048828125 0.0 4096.698974609375 1.012939453125 643.441340232025 3491
380 0.1 10.14404296875 0.0 4096.698974609375 1.012939453125 643.260028292906 3492
390 0.1 11.614990234375 0.0 4096.698974609375 1.012939453125 643.0787755058105 3493
400 0 0 0 4096.698974609375 1.012939453125 642.8980474619435 3494
410 0 0 0 4096.698974609375 1.012939453125 642.8980474619435 3494
420 0 0 0 4096.698974609375 1.012939453125 642.8980474619435 3494
430 0.1 11.9970703125 0.0 4096.698974609375 1.012939453125 642.8980474619435 3494
440 0 0 0 4096.698974609375 1.012939453125 642.7175321608994 3495
450 0 0 0 4096.698974609375 1.012939453125 642.7175321608994 3495
460 0 0 0 4096.698974609375 1.012939453125 642.7175321608994 3495
470 0 0 0 4096.698974609375 1.012939453125 642.7175321608994 3495
473 0 0 0 4096.698974609375 1.012939453125 642.7175321608994 3495
