30 1.4 11.777570452008929 6.552038452451782 32.425048828125 8.24609375 0 0
40 1 10.010595703125 0.8467103748854143 32.425048828125 8.24609375 11.777570452008929 14
50 0.8 10.339080810546875 0.31786121259294203 32.425048828125 8.24609375 11.041330973307291 24
60 0.8 10.283721923828125 0.8504339880613564 32.425048828125 8.24609375 10.865768432617188 32
70 1.6 9.972991943359375 0.324859696545464 32.425048828125 8.24609375 10.749359130859375 40
80 0.8 9.703125 0.8725268972453664 32.425048828125 8.24609375 10.527539934430804 56
90 3.2 9.790916442871094 1.0298292203230686 32.425048828125 8.24609375 10.424488067626953 64
100 3.2 10.143692016601563 0.6528614124243091 32.425048828125 8.24609375 10.213297526041666 96
110 4 10.964373779296874 4.19381612357027 34.2431640625 8.18017578125 10.19589614868164 128
120 7.9 10.38605122626582 3.472607516675637 34.2431640625 8.14111328125 10.378867013113839 168
130 5.5 10.58303000710227 3.8811999805341526 34.2431640625 8.14111328125 10.381164797887143 247
140 9.8 10.344430106026786 2.439603348738935 34.2431640625 8.14111328125 10.41792832936672 302
150 8.8 12.410147927024148 5.756302746016385 36.35888671875 8.14111328125 10.399921264648437 400
160 13.9 12.051121993030575 5.1024258616814295 36.35888671875 8.14111328125 10.762421154585041 488
170 14.1 10.585996370789006 3.0672403673539836 36.35888671875 8.14111328125 11.0481140039374 627
180 16 12.862179565429688 7.829092256240839 71.4189453125 8.14111328125 10.963272094726563 768
190 13.4 16.084117376982277 8.346507318291096 71.4189453125 8.14111328125 11.290669934502963 928
200 21.3 18.134655589788736 13.56544324514787 134.072021484375 8.14111328125 11.895492869806379 1062
210 31.3 23.23814942966254 14.804550348591814 158.616943359375 8.14111328125 12.937800053615197 1275
220 40.1 28.209742367713535 33.32996160091421 413.3310546875 8.14111328125 14.968032644737878 1588
230 32.4 114.49909502194254 189.66363099204048 1228.47802734375 8.14111328125 17.63767849637852 1989
240 25.9 347.0299331488296 549.6146168111239 2437.14794921875 1.03515625 31.205814663383592 2313
250 47.9 571.5159537488578 851.5259105686489 3370.06103515625 1.01904296875 63.00925427758675 2572
260 72.9 539.4793059842258 815.2830057357513 3701.902099609375 0.9990234375 142.84363941253883 3051
270 95.3 544.1578611231803 597.0596941014824 3701.902099609375 0.9990234375 219.3376608227927 3780
280 114.1 538.4825123846259 559.8709630087212 3701.902099609375 0.993896484375 284.7409253244343 4733
290 95.4 750.412656260237 715.3670035926374 3701.902099609375 0.993896484375 334.02917027432846 5874
300 103.4 740.5365002040007 585.7316996187068 3701.902099609375 0.993896484375 392.20577332508367 6828
310 122.7 570.1779148440681 691.0446491079772 3701.902099609375 0.993896484375 438.01777683472505 7862
320 111.1 231.36859191290233 409.2716972270627 3701.902099609375 0.993896484375 455.8591773559556 9089
330 31.2 9.098656287560097 5.682529510646312 3701.902099609375 0.993896484375 431.4073106474034 10200
340 24 8.495110066731767 3.3354107738257 3701.902099609375 0.993896484375 418.87303551800164 10512
350 8 7.67972412109375 3.2292749450306264 3701.902099609375 0.993896484375 409.7128139677501 10752
360 5.6 8.014578683035714 2.237197550249976 3701.902099609375 0.993896484375 406.74358878424454 10832
370 8.8 7.7103798606178975 3.1283743677503444 3701.902099609375 0.993896484375 404.6928150364793 10888
380 2.4 7.344034830729167 2.6200369877404546 3701.902099609375 0.993896484375 401.51001125591483 10976
390 1.6 8.089492797851563 3.2168055500878796 3701.902099609375 0.993896484375 400.6500127618962 11000
400 1.6 7.4241943359375 2.772069488871448 3701.902099609375 0.993896484375 400.0798449769085 11016
410 0 0 0 3701.902099609375 0.993896484375 399.5103661507432 11032
420 0 0 0 3701.902099609375 0.993896484375 399.5103661507432 11032
430 0 0 0 3701.902099609375 0.993896484375 399.5103661507432 11032
440 0 0 0 3701.902099609375 0.993896484375 399.5103661507432 11032
450 0 0 0 3701.902099609375 0.993896484375 399.5103661507432 11032
460 0 0 0 3701.902099609375 0.993896484375 399.5103661507432 11032
470 0.8 6.5635986328125 0.1133314218897539 3701.902099609375 0.993896484375 399.5103661507432 11032
473 0 0 0 3701.902099609375 0.993896484375 399.2256221163099 11040
