30 1.4 7.0860595703125 3.611531987596373 19.909912109375 5.534912109375 0 0
40 1 6.5693359375 0.5977404466549258 19.909912109375 5.534912109375 7.0860595703125 14
50 0.8 6.903594970703125 0.2975331198840204 19.909912109375 5.534912109375 6.870758056640625 24
60 0.8 6.41143798828125 0.10341472026272537 19.909912109375 5.534912109375 6.87896728515625 32
70 1.6 6.95794677734375 1.079874031485176 19.909912109375 5.534912109375 6.78546142578125 40
80 0.8 6.29949951171875 0.16004808774289575 19.909912109375 5.534912109375 6.834742954799107 56
90 3.2 6.576347351074219 1.0781708120798668 19.909912109375 5.534912109375 6.7678375244140625 64
100 3.2 6.76849365234375 0.6537901951976682 19.909912109375 5.534912109375 6.704007466634114 96
110 4 7.162066650390625 1.8541674521072649 19.909912109375 5.451171875 6.720129013061523 128
120 8 6.9271392822265625 2.2685945336889928 19.909912109375 5.451171875 6.825352260044643 168
130 5.5 6.676553622159091 1.3457179651534663 19.909912109375 5.451171875 6.858186783329133 248
140 9.7 7.182144007731959 2.6082698549587446 20.987060546875 5.451171875 6.825217067605198 303
150 8.8 7.592767888849432 2.276298783755789 20.987060546875 5.451171875 6.911771850585938 400
160 13.9 7.900750688511691 3.305707117463069 28.51708984375 5.451171875 7.034574414862961 488
170 14.1 7.297905238807625 2.6555615944420556 28.51708984375 5.451171875 7.226597544108851 627
180 16 8.815391540527347 4.835167212954364 33.844970703125 5.431884765625 7.239689191182454 768
190 13.4 10.287340762010261 5.084237963073828 43.2861328125 5.431884765625 7.511362010035022 928
200 21.3 10.249348958333337 4.751800232298036 43.2861328125 5.431884765625 7.861626748984817 1062
210 31.4 13.666215447103902 13.708770502489429 226.128173828125 5.431884765625 8.260516812193627 1275
220 40.4 17.382348995397574 19.699536618431175 286.703125 5.431884765625 9.328729128972624 1589
230 32.7 105.4267899166189 197.924171102473 1419.90185546875 5.431884765625 10.961274249913759 1993
240 27.6 429.7518460923346 689.4632231344142 3233.656982421875 1.121826171875 24.276025811557112 2320
250 49.1 537.4657516945642 790.1122812153465 3478.409912109375 1.087890625 67.38516540997567 2596
260 74 565.2626890440251 846.4994847420716 3897.073974609375 1.044921875 142.15340896868412 3087
270 96.2 559.357552066414 614.8571255217284 3897.073974609375 1.044921875 223.96706646953396 3827
280 114.3 511.736258065398 526.0986888798682 3897.073974609375 1.044921875 291.3393043363535 4789
290 97 757.0717959689109 745.1194928307474 3897.073974609375 1.044921875 333.80621568367275 5932
300 102.2 728.7722330410649 574.7029491164495 3897.073974609375 1.044921875 393.29152615551874 6902
310 121.7 598.5114521412158 741.7800215305089 3897.073974609375 1.044921875 436.5602392343966 7924
320 105.9 217.8054189997195 388.16366293718977 3897.073974609375 1.044921875 458.1218436658154 9141
330 31.2 7.330323830629013 4.094522576474266 3897.073974609375 1.044921875 433.1713442813648 10200
340 24 6.866868082682291 1.7341843143078284 3897.073974609375 1.044921875 420.53222723602335 10512
350 8 6.367163085937498 1.2855690409703364 3897.073974609375 1.044921875 411.29862546920765 10752
360 5.6 6.531132289341518 1.100325257721785 3897.073974609375 1.044921875 408.3079942846931 10832
370 8.8 6.561182195490057 1.6751219769817298 3897.073974609375 1.044921875 406.24154459037464 10888
380 2.4 6.734568277994792 0.8986036948007303 3897.073974609375 1.044921875 403.03711019799584 10976
390 1.6 6.9281158447265625 1.280101476417179 3897.073974609375 1.044921875 402.17245010653403 11000
400 1.6 6.29925537109375 1.3503924732565264 3897.073974609375 1.044921875 401.59838426156404 11016
410 0 0 0 3897.073974609375 1.044921875 401.0250715293081 11032
420 0 0 0 3897.073974609375 1.044921875 401.0250715293081 11032
430 0 0 0 3897.073974609375 1.044921875 401.0250715293081 11032
440 0 0 0 3897.073974609375 1.044921875 401.0250715293081 11032
450 0 0 0 3897.073974609375 1.044921875 401.0250715293081 11032
460 0 0 0 3897.073974609375 1.044921875 401.0250715293081 11032
470 0.8 7.221160888671875 0.36089896284317646 3897.073974609375 1.044921875 401.0250715293081 11032
473 0 0 0 3897.073974609375 1.044921875 400.73970637667 11040
