30 0.2 14.5579833984375 0.0428466796875 14.600830078125 14.51513671875 0 0
40 0.1 14.576904296875 0.0 14.600830078125 14.51513671875 14.5579833984375 2
50 0.1 16.529052734375 0.0 16.529052734375 14.51513671875 14.564290364583334 3
60 0.1 16.196044921875 0.0 16.529052734375 14.51513671875 15.05548095703125 4
70 0.2 14.6495361328125 0.1004638671875 16.529052734375 14.51513671875 15.28359375 5
80 0.1 13.69091796875 0.0 16.529052734375 13.69091796875 15.102434430803571 7
90 0.4 15.06439208984375 1.1292870928519794 16.67578125 13.69091796875 14.925994873046875 8
100 0.4 15.65472412109375 0.6389663524863486 16.67578125 13.69091796875 14.972127278645834 12
110 0.5 16.0744140625 2.3814604748800328 20.34912109375 13.69091796875 15.142776489257813 16
120 1 14.5201904296875 0.920014239815203 20.34912109375 13.47998046875 15.364594959077381 21
130 0.7 15.625 2.976067563743218 22.829833984375 13.47998046875 15.092206401209678 31
140 1.2 18.241495768229164 6.567442220413652 33.429931640625 13.345947265625 15.190352590460526 38
150 1.1 15.724897904829545 2.1714630405338426 33.429931640625 12.431884765625 15.922626953125 50
160 1.9 15.817691200657896 3.2768452718839303 33.429931640625 12.431884765625 15.886970895235656 61
170 1.6 16.748321533203125 5.790554997665773 33.429931640625 12.14208984375 15.870516967773437 80
180 2 22.98271484375 13.976944312205367 70.406005859375 12.14208984375 16.016817728678387 96
190 1.7 22.380414177389707 11.93816347931635 70.406005859375 12.14208984375 17.21783447265625 116
200 2.7 22.61870659722222 6.988362049859011 70.406005859375 12.14208984375 17.877713081531954 133
210 4 46.42819824218749 66.52670625023835 396.478759765625 12.111083984375 18.677755737304686 160
220 5.3 36.392191185141506 25.10653648261545 396.478759765625 12.111083984375 24.22784423828125 200
230 5.6 253.303950718471 255.73588849700747 1080.01611328125 12.111083984375 26.776106642168973 253
240 6.6 866.6544078480114 946.7199307786907 3062.22314453125 1.31103515625 67.82969650712985 309
250 8.3 725.362690017884 907.1343297130984 3237.389892578125 1.31103515625 208.422845703125 375
260 10.8 826.8778053566261 918.3179821175332 3271.534912109375 1.31103515625 302.10408386497 458
270 14.1 666.1182835355718 605.3146031839195 3271.534912109375 1.31103515625 402.23758549235316 566
280 15.8 745.6682824243474 672.5509802168467 3271.534912109375 1.2919921875 454.8644290907885 707
290 14.8 932.0084442963471 762.8120804620916 3280.39990234375 1.26708984375 507.98235837021315 865
300 10.9 882.4334616004872 664.2392698972025 3280.39990234375 1.26708984375 569.9328625331626 1013
310 9.8 1112.8635478117026 840.1965267478123 3280.39990234375 1.26708984375 600.2916551341773 1122
320 5.5 373.7874289772728 533.3651786903589 3280.39990234375 1.26708984375 641.4654629066342 1220
330 3.9 12.073937049278847 7.278503971379891 3280.39990234375 1.26708984375 629.9185673253677 1275
340 3 12.952978515625 5.640637755656944 3280.39990234375 1.26708984375 611.5807130021047 1314
350 1 10.54765625 3.8035521672501185 3280.39990234375 1.26708984375 598.2184867858887 1344
360 0.7 12.681675502232142 3.624743585088092 3280.39990234375 1.26708984375 593.878229544117 1354
370 1.1 12.862282492897727 6.318965953568637 3280.39990234375 1.26708984375 590.8889746739529 1361
380 0.3 11.5947265625 4.26917317695923 3280.39990234375 1.26708984375 586.2546498824138 1372
390 0.2 13.5765380859375 5.4495849609375 3280.39990234375 1.26708984375 585.0008464133522 1375
400 0.2 12.532470703125 5.057373046875 3280.39990234375 1.26708984375 584.1708909909449 1377
410 0 0 0 3280.39990234375 1.26708984375 583.3418287425217 1379
420 0 0 0 3280.39990234375 1.26708984375 583.3418287425217 1379
430 0 0 0 3280.39990234375 1.26708984375 583.3418287425217 1379
440 0 0 0 3280.39990234375 1.26708984375 583.3418287425217 1379
450 0 0 0 3280.39990234375 1.26708984375 583.3418287425217 1379
460 0 0 0 3280.39990234375 1.26708984375 583.3418287425217 1379
470 0.1 10.505859375 0.0 3280.39990234375 1.26708984375 583.3418287425217 1379
473 0 0 0 3280.39990234375 1.26708984375 582.9267302139945 1380
