0 0.1 11.264892578125 0 11.264892578125 11.264892578125 0 0
10 0.1 10.884033203125 0.0 11.264892578125 10.884033203125 11.264892578125 1
20 0.1 11.52099609375 0.0 11.52099609375 10.884033203125 11.074462890625 2
30 0.1 12.203125 0.0 12.203125 10.884033203125 11.223307291666666 3
40 0.2 11.1915283203125 0.5384521484375 12.203125 10.653076171875 11.46826171875 4
50 0.2 10.7840576171875 0.8050537109375 12.203125 9.97900390625 11.376017252604166 6
60 0.1 10.22900390625 0.0 12.203125 9.97900390625 11.22802734375 8
70 0.4 12.68701171875 2.7784151567249995 17.291015625 9.97900390625 11.117024739583334 9
80 0.3 10.738037109375 0.4045835206764382 17.291015625 9.97900390625 11.60009765625 13
90 0.5 13.453955078125 3.0502860107147107 19.39892578125 9.97900390625 11.438461303710938 16
100 0.7 9.855887276785714 0.5891667737280668 19.39892578125 8.93408203125 11.918340773809524 21
110 0.8 13.139678955078125 3.71490963103764 22.529052734375 8.93408203125 11.402727399553571 28
120 0.7 10.906982421875 0.9191051093456489 22.529052734375 8.93408203125 11.788716634114584 36
130 1.4 12.616856166294642 5.082252241793456 24.81396484375 8.93408203125 11.645178506540697 43
140 1.2 10.5496826171875 0.6630368820869132 24.81396484375 8.93408203125 11.883836177357455 57
150 1.9 14.775531969572368 8.753460852292973 47.928955078125 8.93408203125 11.651809471240941 69
160 1.9 12.383776212993421 3.3650137676132075 47.928955078125 8.93408203125 12.326249556107955 88
170 2.3 13.064729110054348 4.089792559014509 47.928955078125 8.785888671875 12.33646456994743 107
180 3 15.1529052734375 6.02850029485589 47.928955078125 8.785888671875 12.465311373197116 130
190 3.3 18.346761067708332 14.624402138547637 72.275146484375 8.68994140625 12.969235229492188 160
200 4.2 21.240339006696427 18.956371474709922 133.93701171875 8.68994140625 13.888708559342616 193
210 5.1 22.31979070925245 13.159541852155057 133.93701171875 8.68994140625 15.202616979720744 235
220 8.7 28.390344378591955 35.0991488062797 255.600830078125 8.68994140625 16.471763344077797 286
230 9 284.364794921875 340.66006389805773 1465.570068359375 8.68994140625 19.251700475452413 373
240 9.1 1085.5468186598557 1025.9881471464496 3778.004150390625 1.280029296875 70.78556332680886 463
250 13.2 850.938889012192 929.8156284397372 3778.004150390625 1.1279296875 237.47017385985447 554
260 19.7 797.6025204731121 975.0699687765258 4094.5810546875 1.097900390625 355.51371671715555 686
270 21.3 746.1589298158741 701.0203127026078 4094.5810546875 1.035888671875 454.1450806355286 883
280 14.2 706.258642921985 630.4980652250067 4094.5810546875 1.035888671875 510.895947310176 1096
290 7 983.0286307198661 776.9707000465005 4094.5810546875 1.035888671875 533.3042694239699 1238
300 3.4 1022.6764059627758 522.7285546264944 4094.5810546875 1.035888671875 557.3720869245149 1308
310 2.2 1250.798495205966 998.4404117544634 4094.5810546875 1.035888671875 569.160720938897 1342
320 0.9 564.8019748263889 563.0337566944393 4094.5810546875 1.035888671875 580.1548785883659 1364
330 0.4 10.79351806640625 7.0866766786446185 4094.5810546875 1.035888671875 580.0542404719364 1373
340 0.1 10.64697265625 0.0 4094.5810546875 1.035888671875 578.400614553547 1377
350 0.1 10.55517578125 0.0 4094.5810546875 1.035888671875 577.9886017510091 1378
360 0.1 5.43505859375 0.0 4094.5810546875 1.035888671875 577.5771199337722 1379
370 0 0 0 4094.5810546875 1.035888671875 577.162524237149 1380
380 0 0 0 4094.5810546875 1.035888671875 577.162524237149 1380
390 0 0 0 4094.5810546875 1.035888671875 577.162524237149 1380
400 0 0 0 4094.5810546875 1.035888671875 577.162524237149 1380
410 0 0 0 4094.5810546875 1.035888671875 577.162524237149 1380
420 0 0 0 4094.5810546875 1.035888671875 577.162524237149 1380
430 0 0 0 4094.5810546875 1.035888671875 577.162524237149 1380
440 0 0 0 4094.5810546875 1.035888671875 577.162524237149 1380
450 0 0 0 4094.5810546875 1.035888671875 577.162524237149 1380
460 0 0 0 4094.5810546875 1.035888671875 577.162524237149 1380
470 0 0 0 4094.5810546875 1.035888671875 577.162524237149 1380
473 0 0 0 4094.5810546875 1.035888671875 577.162524237149 1380
