20 0.2 59.4239501953125 1.6199951171875 61.0439453125 57.803955078125 0 0
30 0.2 66.1051025390625 2.3819580078125 68.487060546875 57.803955078125 59.4239501953125 2
40 0.1 63.623046875 0.0 68.487060546875 57.803955078125 62.7645263671875 4
50 0.4 59.71673583984375 0.5309708471923043 68.487060546875 57.803955078125 62.93623046875 5
60 0.1 60.195068359375 0.0 68.487060546875 57.803955078125 61.505343967013886 9
70 0.2 62.2711181640625 1.3599853515625 68.487060546875 57.803955078125 61.37431640625 10
80 0.1 62.169921875 0.0 68.487060546875 57.803955078125 61.523783365885414 12
90 0.4 65.15899658203125 2.234581233390433 68.487060546875 57.803955078125 61.573486328125 13
100 0 0 0 68.487060546875 57.803955078125 62.417135799632355 17
110 0.7 78.03962053571429 20.85844567320856 112.72607421875 57.803955078125 62.417135799632355 17
120 1.1 67.26012073863636 16.48703659586225 115.31005859375 54.928955078125 66.97369384765625 24
130 1.9 69.42995733963816 16.26282759789354 126.628173828125 54.928955078125 67.06371372767858 35
140 1.1 82.36241566051136 20.88456759991018 128.34912109375 54.928955078125 67.89628092447917 54
150 1.4 66.72312709263393 5.300671165556324 128.34912109375 54.928955078125 70.34439603365385 65
160 1.8 93.67769368489583 82.69079202034047 424.573974609375 54.928955078125 69.7026521706883 79
170 2.3 95.79628057065217 67.1176527146832 424.573974609375 54.928955078125 74.15162894652062 97
180 3.1 126.9549599924395 87.01931322129828 424.573974609375 54.928955078125 78.30018717447916 120
190 4.8 135.1714782714844 68.96886797926106 424.573974609375 54.928955078125 88.28891536889486 151
200 5.6 216.34591238839283 175.06799166232565 932.81005859375 54.928955078125 99.59727224992149 199
210 6.8 380.274949017693 221.29581584809594 954.742919921875 54.928955078125 125.23618929993873 255
220 6.8 1080.2315709731158 483.75849793987993 2039.742919921875 54.928955078125 178.92855976683435 323
230 6.6 2021.1127115885417 624.4093468164268 3526.52001953125 54.928955078125 335.67690954183985 391
240 9.9 2688.7752870501895 1564.924504929519 7361.48095703125 1.177978515625 579.0877693560243 457
250 13.2 2179.0411691376657 2078.0183072885175 7361.48095703125 1.118896484375 954.7335683699134 556
260 20.3 1706.1411096732604 1965.4866889483574 7361.48095703125 1.05712890625 1189.62979409861 688
270 23.1 1400.8284198711447 1552.4914793029902 7361.48095703125 1.05712890625 1307.308578679591 891
280 26.7 1323.8271712971086 1341.7698416464495 7361.48095703125 1.035888671875 1326.5626636307932 1122
290 23.9 1787.3560459025236 1537.5328857814623 7361.48095703125 1.035888671875 1326.0368346508842 1389
300 19.8 1975.248443911774 1417.6940820152543 7361.48095703125 1.035888671875 1393.76121517247 1628
310 15.7 2266.938114239152 1598.4866493401037 7361.48095703125 1.035888671875 1456.8140472044427 1826
320 12 1461.1812032063801 1427.1331415728284 7361.48095703125 1.035888671875 1520.9539758602418 1983
330 4.9 56.193967235331634 73.83930671653579 7361.48095703125 1.035888671875 1517.5432613008202 2103
340 1.4 38.509120396205354 28.443002555543178 7361.48095703125 1.035888671875 1484.2690441032325 2152
350 0.6 56.425089518229164 22.990833217706125 7361.48095703125 1.035888671875 1474.92433545508 2166
360 0.5 62.303857421875 2.8367687282924012 7361.48095703125 1.035888671875 1471.0058292508345 2172
370 0.4 52.2108154296875 26.554442196942194 7361.48095703125 1.035888671875 1467.7704090123666 2177
380 0.1 65.89501953125 0.0 7361.48095703125 1.035888671875 1465.1742428618252 2181
390 0.1 67.034912109375 0.0 7361.48095703125 1.035888671875 1464.5329599913712 2182
400 0 0 0 7361.48095703125 1.035888671875 1463.89278681323 2183
410 0 0 0 7361.48095703125 1.035888671875 1463.89278681323 2183
420 0 0 0 7361.48095703125 1.035888671875 1463.89278681323 2183
430 0 0 0 7361.48095703125 1.035888671875 1463.89278681323 2183
440 0 0 0 7361.48095703125 1.035888671875 1463.89278681323 2183
450 0 0 0 7361.48095703125 1.035888671875 1463.89278681323 2183
460 0 0 0 7361.48095703125 1.035888671875 1463.89278681323 2183
470 0 0 0 7361.48095703125 1.035888671875 1463.89278681323 2183
473 0 0 0 7361.48095703125 1.035888671875 1463.89278681323 2183
