0 1.7 17
10 4.4 61
20 5.3 114
30 7.7 191
40 6 251
50 12.1 372
60 14.8 520
70 15.1 671
80 18.3 854
90 21.2 1066
100 25.3 1319
110 22.3 1542
120 26.6 1808
130 29.8 2106
140 27.9 2385
150 26.9 2654
160 31.6 2970
170 30.5 3275
180 28.1 3556
190 32.8 3884
200 33.4 4218
210 23.3 4451
220 29.1 4742
230 25.9 5001
240 25.6 5257
250 26.3 5520
260 23.9 5759
270 23.7 5996
280 26.6 6262
290 22.9 6491
300 22.7 6718
310 21.6 6934
320 24.7 7181
330 24.8 7429
340 30.2 7731
350 31.1 8042
360 27 8312
370 20.8 8520
380 24.4 8764
390 28.4 9048
400 29.4 9342
410 18.2 9524
420 17.5 9699
430 5.4 9753
440 6.9 9822
450 3 9852
460 2.5 9877
470 2 9897
480 0 9897
488 0.1 9898
