0 0.2 2
10 0.5 7
20 1.2 19
30 0.8 27
40 0.6 33
50 1.3 46
60 1.8 64
70 1.3 77
80 1.3 90
90 2.6 116
100 4 156
110 3.8 194
120 3.4 228
130 3.9 267
140 4.3 310
150 4 350
160 5.3 403
170 9.2 495
180 9.1 586
190 13.3 719
200 14.4 863
210 12.9 992
220 14.2 1134
230 17.3 1307
240 15.8 1465
250 14.7 1612
260 12.9 1741
270 18.1 1922
280 20.6 2128
290 15.6 2284
300 20.4 2488
310 20.1 2689
320 20.1 2890
330 22.7 3117
340 23.8 3355
350 17.5 3530
360 11.1 3641
370 7.8 3719
380 8.2 3801
390 13.3 3934
400 11.5 4049
410 0.3 4052
420 1.8 4070
430 0 4070
440 1.7 4087
450 0 4087
460 0 4087
470 0 4087
480 0 4087
488 0 4087
