0 10 10
10 21 11
20 22 1
30 26 4
40 34 8
50 45 11
60 59 14
70 61 2
80 70 9
90 99 29
100 121 22
110 127 6
120 156 29
130 223 67
140 272 49
150 376 104
160 476 100
170 558 82
180 677 119
190 828 151
200 980 152
210 1026 46
220 1029 3
230 1033 4
240 1032 -1
250 1030 -2
260 1016 -14
270 991 -25
280 1007 16
290 979 -28
300 795 -184
310 636 -159
320 508 -128
330 396 -112
340 351 -45
350 371 20
360 299 -72
370 244 -55
380 192 -52
390 146 -46
400 88 -58
410 67 -21
420 47 -20
430 32 -15
440 16 -16
450 2 -14
460 2 0
470 1 -1
480 1 0
488 0 -1
