0 1 11.354443359375 31.529945659558862 105.944091796875 0.755126953125 0 0
10 1.1 2.3071732954545454 2.9214770293500654 105.944091796875 0.713134765625 11.354443359375 10
20 0.9 2.6522352430555554 2.8547866758384246 105.944091796875 0.713134765625 6.615397135416667 21
30 0.9 0.9496799045138888 0.11261265168079543 105.944091796875 0.713134765625 5.426448567708333 30
40 1.2 0.8287353515625 0.08018049814007176 105.944091796875 0.701904296875 4.393348106971154 39
50 1.6 0.9969940185546875 0.37834303298524874 105.944091796875 0.597900390625 3.5546156939338234 51
60 2.1 1.9995814732142858 2.3705483392545696 105.944091796875 0.597900390625 2.9438403684701493 67
70 1.1 2.5657848011363638 2.691277454934344 105.944091796875 0.597900390625 2.718505859375 88
80 2.2 1.9126087535511365 2.625733264338293 105.944091796875 0.597900390625 2.70153685290404 99
90 4.8 3.0369415283203125 3.1733379733430396 105.944091796875 0.573974609375 2.5580953802944215 121
100 4.8 2.773040771484375 3.2613638258845787 105.944091796875 0.507080078125 2.6940990199704142 169
110 2.7 3.0240433304398144 3.0803549900161213 105.944091796875 0.507080078125 2.711560789890553 217
120 5.5 2.649258700284091 3.4173798981534134 105.944091796875 0.507080078125 2.7461387759349387 244
130 9.6 3.3492151896158853 3.3482074672051265 105.944091796875 0.507080078125 2.7283180262332776 299
140 7.5 3.6645572916666667 3.2477365967833993 105.944091796875 0.507080078125 2.879219615308544 395
150 14.4 4.2245602077908 3.898596406973294 105.944091796875 0.507080078125 3.0045394572805852 470
160 19.4 3.768077732361469 3.855974479035701 105.944091796875 0.507080078125 3.290668102351385 614
170 20.9 3.377315247458134 3.3822215704744174 105.944091796875 0.5029296875 3.405293681834004 808
180 29.3 3.4071923994773887 3.3524461723344645 105.944091796875 0.492919921875 3.399543934749877 1017
190 41.4 3.612723972486413 3.4969777340774812 105.944091796875 0.492919921875 3.401254621898855 1310
200 41.2 3.221243552791263 3.1487470747533477 105.944091796875 0.490234375 3.452036704928582 1724
210 24.2 77.78823121126032 378.37358382678076 3008.005126953125 0.490234375 3.407520422774754 2136
220 28.2 3110.4927666846756 4724.03072678187 15041.382080078125 0.490234375 10.97696197484099 2378
230 26.4 5554.525755911163 6211.975814208139 15044.535888671875 0.490234375 339.57224653430467 2660
240 28.2 8347.054385354333 9102.002332223456 31077.680908203125 0.490234375 810.4162022372769 2924
250 32.5 14245.911913311302 12380.711309532193 31096.035888671875 0.490234375 1473.3394610142607 3206
260 35 16540.905128348193 14944.099770930105 31096.035888671875 0.490234375 2648.951482253722 3531
270 57.5 20968.222539911698 26740.438877950335 63171.369873046875 0.490234375 3901.7687396958927 3881
280 38.3 35715.63136486716 30957.386508357748 63171.369873046875 0.490234375 6104.015358888911 4456
290 37.6 29137.70197507169 31228.77849215018 63171.369873046875 0.465087890625 8447.732848099422 4839
300 33.3 8256.86745070265 21141.82451557667 63171.369873046875 0.465087890625 9939.473671060414 5215
310 11.8 2676.6850027310657 12713.508904300705 63171.369873046875 0.465087890625 9838.480904049035 5548
320 7.8 2.169652694310898 2.793133400419342 63171.369873046875 0.465087890625 9689.32948923161 5666
330 5.8 2.9269851158405173 3.6089830522750592 63171.369873046875 0.465087890625 9557.783795072502 5744
340 7 3.3225516183035713 2.6467907595314757 63171.369873046875 0.465087890625 9462.268163397652 5802
350 18.2 3.908154833447803 3.510052082146413 63171.369873046875 0.465087890625 9349.508253175487 5872
360 1.9 2.1004702919407894 1.4940544350122478 63171.369873046875 0.465087890625 9068.553641695764 6054
370 0.2 0.6209716796875 0.0489501953125 63171.369873046875 0.465087890625 9040.188318090186 6073
380 0.1 4.341064453125 0.0 63171.369873046875 0.465087890625 9037.212328840338 6075
390 0.2 5.0250244140625 0.7469482421875 63171.369873046875 0.465087890625 9035.725681166805 6076
400 0 0 0 63171.369873046875 0.465087890625 9032.754078449874 6078
410 0.1 0.64501953125 0.0 63171.369873046875 0.465087890625 9032.754078449874 6078
420 0.2 0.7821044921875 0.0770263671875 63171.369873046875 0.465087890625 9031.268289823634 6079
430 0 0 0 63171.369873046875 0.465087890625 9028.298223655132 6081
440 0.1 4.338134765625 0.0 63171.369873046875 0.465087890625 9028.298223655132 6081
450 0 0 0 63171.369873046875 0.465087890625 9026.814507757585 6082
460 0.1 0.783203125 0.0 63171.369873046875 0.465087890625 9026.814507757585 6082
470 0.1 4.3671875 0.0 63171.369873046875 0.465087890625 9025.330695279426 6083
480 0 0 0 63171.369873046875 0.465087890625 9023.847959660134 6084
488 0 0 0 63171.369873046875 0.465087890625 9023.847959660134 6084
