10 0.1 186 0 186 186 0 0
20 0.1 361.0 0.0 361 186 186.0 1
30 0.1 366.0 0.0 366 186 273.5 2
40 0.1 464.0 0.0 464 186 304.3333333333333 3
50 0.1 403.0 0.0 464 186 344.25 4
60 0.1 947.0 0.0 947 186 356.0 5
70 0.1 907.0 0.0 947 186 454.5 6
80 0.1 1202.0 0.0 1202 186 519.1428571428571 7
90 0.1 1319.0 0.0 1319 186 604.5 8
100 0.1 1573.0 0.0 1573 186 683.8888888888889 9
110 0.1 1793.0 0.0 1793 186 772.8 10
120 0.1 1817.0 0.0 1817 186 865.5454545454545 11
130 0.1 2193.0 0.0 2193 186 944.8333333333334 12
140 0.1 2167.0 0.0 2193 186 1040.8461538461538 13
150 0.1 2251.0 0.0 2251 186 1121.2857142857142 14
160 0.1 2915.0 0.0 2915 186 1196.6 15
170 0.1 3754.0 0.0 3754 186 1304.0 16
180 0.1 4174.0 0.0 4174 186 1448.1176470588234 17
190 0.1 4864.0 0.0 4864 186 1599.5555555555557 18
200 0.1 6925.0 0.0 6925 186 1771.3684210526317 19
210 0.1 6454.0 0.0 6925 186 2029.05 20
220 0.1 5840.0 0.0 6925 186 2239.7619047619046 21
230 0.1 7039.0 0.0 7039 186 2403.409090909091 22
240 0.1 6719.0 0.0 7039 186 2604.9565217391305 23
250 0.1 6615.0 0.0 7039 186 2776.375 24
260 0.1 7045.0 0.0 7045 186 2929.92 25
270 0.1 8059.0 0.0 8059 186 3088.1923076923076 26
280 0.1 9395.0 0.0 9395 186 3272.296296296296 27
290 0.1 7472.0 0.0 9395 186 3490.964285714286 28
300 0.1 7683.0 0.0 9395 186 3628.2413793103447 29
310 0.1 7294.0 0.0 9395 186 3763.4 30
320 0.1 5043.0 0.0 9395 186 3877.2903225806454 31
330 0.1 5333.0 0.0 9395 186 3913.71875 32
340 0.1 4581.0 0.0 9395 186 3956.7272727272725 33
350 0.1 4668.0 0.0 9395 186 3975.0882352941176 34
360 0.1 3633.0 0.0 9395 186 3994.885714285714 35
370 0.1 2253.0 0.0 9395 186 3984.8333333333335 36
380 0.1 2398.0 0.0 9395 186 3938.027027027027 37
390 0.1 2703.0 0.0 9395 186 3897.5 38
400 0.1 3293.0 0.0 9395 186 3866.871794871795 39
410 0.1 1783.0 0.0 9395 186 3852.525 40
420 0.1 1291.0 0.0 9395 186 3802.048780487805 41
430 0.1 750.0 0.0 9395 186 3742.2619047619046 42
440 0.1 510.0 0.0 9395 186 3672.6744186046512 43
450 0.1 343.0 0.0 9395 186 3600.7954545454545 44
460 0.1 183.0 0.0 9395 183 3528.4 45
470 0.1 122.0 0.0 9395 122 3455.6739130434785 46
480 0.1 15.0 0.0 9395 15 3384.744680851064 47
488 0.1 9.0 0.0 9395 9 3314.5416666666665 48
