0 1.9 67.3709652549342 163.24210430556113 724.10595703125 5.615966796875 0 0
10 5.3 114.39877376916273 127.66075524530497 724.10595703125 5.533935546875 67.3709652549342 19
20 6.9 228.95141601562497 507.77744067152156 2624.27099609375 5.27197265625 101.98865763346355 72
30 10.1 36.818224009900995 62.72578311442055 2624.27099609375 3.89990234375 164.11936918218086 141
40 7.4 35.30613914695946 61.15226763803604 2624.27099609375 3.89990234375 110.9895523954029 242
50 15 75.75671386718747 121.64217265364859 2624.27099609375 3.89990234375 93.26622144481804 316
60 17.4 43.241436837733474 64.17644798668564 2624.27099609375 3.80810546875 87.63011385545198 466
70 18.8 199.39205997548206 444.1779302752728 4576.442138671875 3.797119140625 75.56194229125977 640
80 22.4 59.94204493931362 120.26180903567536 4576.442138671875 3.797119140625 103.67795934999623 828
90 25.8 59.23177745730376 94.58308053231063 4576.442138671875 3.72900390625 94.36536920931856 1052
100 30.9 211.1112720279632 268.273271062616 4576.442138671875 3.680908203125 87.44592900166985 1310
110 27.2 1054.8523918600642 559.399840692375 4576.442138671875 3.680908203125 111.04851763361836 1619
120 32 853.8750503540039 395.8659552001435 4576.442138671875 3.680908203125 246.80454819395325 1891
130 34.8 1513.622019099093 369.91318464165795 4576.442138671875 3.680908203125 334.6664028711202 2211
140 34.6 2578.670142024928 656.5003771067736 4576.442138671875 0.6220703125 494.99330965007084 2559
150 59.8 1782.5333247870506 1706.0247319525067 5120.367919921875 0.06689453125 743.1696208382638 2905
160 97.6 1116.5727196365126 1304.6475336696374 5120.367919921875 0.06591796875 920.6002502876999 3503
170 124.9 855.4670042674769 1081.8856345822592 5120.367919921875 0.06201171875 963.3037845775951 4479
180 159.2 661.6449609497683 1049.1121781412116 5120.367919921875 0.06201171875 939.7897938989397 5728
190 216.4 505.2808214000757 815.2084048199905 5120.367919921875 0.051025390625 879.2970925252948 7320
200 229.4 545.7726271744904 790.6008562196739 5120.367919921875 0.051025390625 793.9563912689711 9484
210 206.4 894.436858421148 1428.5926476210104 7839.27099609375 0.051025390625 745.6176618724064 11778
220 222.9 1197.025029397643 2064.21264658405 12638.60400390625 0.051025390625 767.808300629566 13842
230 220.7 1721.8062818809835 3939.885092492983 22432.3310546875 0.051025390625 827.3393869604754 16071
240 229.6 1925.8929791068363 4832.459239638087 37086.4130859375 0.051025390625 935.342912351085 18278
250 225.2 2728.0649569089655 6705.1417022844225 39241.192138671875 0.051025390625 1045.8854880909123 20574
260 263.9 3115.5295772805457 8594.523824575546 39241.192138671875 0.051025390625 1211.8483446482705 22826
270 320 3587.418478775022 11450.600819194453 64658.014892578125 0.051025390625 1409.131469443738 25465
280 270.6 6309.8896802858535 18365.3741383349 73017.97583007813 0.051025390625 1652.3032269829012 28665
290 260.7 5729.137091656783 17426.31253298578 73017.97583007813 0.051025390625 2054.0573611398545 31371
300 286.1 2583.548132226087 11291.422862606503 87498.81298828125 0.051025390625 2336.0319581572667 33978
310 196.3 675.6359205357709 2914.478595428766 87498.81298828125 0.051025390625 2355.2546236479393 36839
320 154 734.682634467583 1770.7491352750628 87498.81298828125 0.051025390625 2270.282418240765 38802
330 126 835.260599578373 653.2526451142045 87498.81298828125 0.051025390625 2211.6630223999364 40342
340 100.3 1002.719662302156 423.6248318417941 87498.81298828125 0.051025390625 2169.9759147427285 41602
350 106.6 960.5464219885968 715.4354185502726 87498.81298828125 0.051025390625 2142.496557362189 42605
360 60.9 1666.268902658046 826.8734101201638 87498.81298828125 0.051025390625 2113.6454011187266 43671
370 46.9 2149.5896240754914 1192.273859312535 87498.81298828125 0.051025390625 2107.4924587618484 44280
380 39.9 2214.775955391408 348.43710335902324 87498.81298828125 0.051025390625 2107.9336657280846 44749
390 54 879.121921115451 375.4557673535897 87498.81298828125 0.051025390625 2108.877895230514 45148
400 52.9 277.9874911389414 216.0360050098197 87498.81298828125 0.051025390625 2094.3430452475395 45688
410 20.8 21.10825523963343 21.68277174899234 87498.81298828125 0.051025390625 2073.5530310076833 46217
420 24.4 23.551368588306865 34.08804075264325 87498.81298828125 0.051025390625 2064.3573710537844 46425
430 5.6 11.775726318359375 7.343460336520987 87498.81298828125 0.051025390625 2053.687404596359 46669
440 10.3 12.65725263577063 9.01091787087375 87498.81298828125 0.051025390625 2051.240169626138 46725
450 3 10.732470703125 5.069356483335042 87498.81298828125 0.051025390625 2046.756227530597 46828
460 3.3 15.473780776515152 6.05513709104189 87498.81298828125 0.051025390625 2045.4526995800907 46858
470 2.8 15.608424595424106 7.278714817546378 87498.81298828125 0.051025390625 2044.0240820560346 46891
480 0 0 0 87498.81298828125 0.051025390625 2042.8135780297573 46919
488 0.1 7.553955078125 0.0 87498.81298828125 0.051025390625 2042.8135780297573 46919
