10 0.1 229 0 229 229 0 0
20 0.1 295.0 0.0 295 229 229.0 1
30 0.1 297.0 0.0 297 229 262.0 2
40 0.1 376.0 0.0 376 229 273.6666666666667 3
50 0.1 338.0 0.0 376 229 299.25 4
60 0.1 758.0 0.0 758 229 307.0 5
70 0.1 755.0 0.0 758 229 382.1666666666667 6
80 0.1 924.0 0.0 924 229 435.42857142857144 7
90 0.1 1078.0 0.0 1078 229 496.5 8
100 0.1 1378.0 0.0 1378 229 561.1111111111111 9
110 0.1 1538.0 0.0 1538 229 642.8 10
120 0.1 1425.0 0.0 1538 229 724.1818181818181 11
130 0.1 1763.0 0.0 1763 229 782.5833333333334 12
140 0.1 1853.0 0.0 1853 229 858.0 13
150 0.1 1931.0 0.0 1931 229 929.0714285714286 14
160 0.1 2803.0 0.0 2803 229 995.8666666666667 15
170 0.1 3717.0 0.0 3717 229 1108.8125 16
180 0.1 4279.0 0.0 4279 229 1262.235294117647 17
190 0.1 5272.0 0.0 5272 229 1429.8333333333333 18
200 0.1 7413.0 0.0 7413 229 1632.0526315789473 19
210 0.1 7004.0 0.0 7413 229 1921.1 20
220 0.1 7953.0 0.0 7953 229 2163.1428571428573 21
230 0.1 9952.0 0.0 9952 229 2426.318181818182 22
240 0.1 9637.0 0.0 9952 229 2753.521739130435 23
250 0.1 8282.0 0.0 9952 229 3040.3333333333335 24
260 0.1 7961.0 0.0 9952 229 3250.0 25
270 0.1 8595.0 0.0 9952 229 3431.1923076923076 26
280 0.1 9336.0 0.0 9952 229 3622.4444444444443 27
290 0.1 7952.0 0.0 9952 229 3826.5 28
300 0.1 7.8e3 0.0 9952 229 3968.7586206896553 29
310 0.1 7181.0 0.0 9952 229 4096.466666666666 30
320 0.1 4864.0 0.0 9952 229 4195.967741935483 31
330 0.1 4871.0 0.0 9952 229 4216.843749999999 32
340 0.1 3984.0 0.0 9952 229 4236.666666666666 33
350 0.1 4246.0 0.0 9952 229 4229.235294117646 34
360 0.1 3399.0 0.0 9952 229 4229.714285714285 35
370 0.1 2039.0 0.0 9952 229 4206.638888888889 36
380 0.1 1913.0 0.0 9952 229 4148.054054054054 37
390 0.1 2127.0 0.0 9952 229 4089.2368421052633 38
400 0.1 2351.0 0.0 9952 229 4038.923076923077 39
410 0.1 1392.0 0.0 9952 229 3996.725 40
420 0.1 1066.0 0.0 9952 229 3933.1951219512193 41
430 0.1 627.0 0.0 9952 229 3864.9285714285716 42
440 0.1 458.0 0.0 9952 229 3789.6279069767443 43
450 0.1 284.0 0.0 9952 229 3713.909090909091 44
460 0.1 147.0 0.0 9952 147 3637.688888888889 45
470 0.1 89.0 0.0 9952 89 3561.804347826087 46
480 0.1 13.0 0.0 9952 13 3487.9148936170213 47
488 0.1 11.0 0.0 9952 11 3415.5208333333335 48
