30 0.2 13.867919921875 1.39892578125 15.266845703125 12.468994140625 0 0
40 0.1 9.676025390625 0.0 15.266845703125 9.676025390625 13.867919921875 2
50 0.1 287.318115234375 0.0 287.318115234375 9.676025390625 12.470621744791666 3
60 0.1 8.258056640625 0.0 287.318115234375 8.258056640625 81.1824951171875 4
70 0.2 17.0665283203125 9.0084228515625 287.318115234375 8.05810546875 66.597607421875 5
80 0.2 30.780029296875 21.5849609375 287.318115234375 8.05810546875 52.445870535714285 7
90 0.2 53.593994140625 8.739013671875 287.318115234375 8.05810546875 47.63123914930556 9
100 0.1 38.424072265625 0.0 287.318115234375 8.05810546875 48.71537642045455 11
110 0.1 39.43408203125 0.0 287.318115234375 8.05810546875 47.857767740885414 12
120 0.5 545.280224609375 252.19673011364105 783.194091796875 8.05810546875 47.20979191706731 13
130 0.4 1146.1707763671875 70.32791993292011 1213.16796875 8.05810546875 185.56268988715277 18
140 0.4 1946.2527465820313 1136.6576840512544 2901.010009765625 7.572998046875 360.21870561079544 22
150 0.6 1650.3791910807292 1689.4669396594913 4029.8720703125 0.72802734375 604.2239426832932 26
160 0.9 819.7842068142361 1161.913049544896 4029.8720703125 0.720947265625 800.3780517578125 32
170 1.5 697.8347493489583 987.3976207159288 4029.8720703125 0.720947265625 804.637939453125 41
180 1.9 891.670654296875 1158.184797824253 4029.8720703125 0.720947265625 776.0299421037946 56
190 1.6 436.7728271484375 761.2582781046749 4029.8720703125 0.720947265625 805.3255891927083 75
200 3.2 275.1836395263672 613.0653572252056 4029.8720703125 0.685791015625 740.5251035585508 91
210 1.4 262.67935616629467 645.8484959372283 4029.8720703125 0.648193359375 619.4606576314786 123
220 1.9 753.3046361019736 799.004429240018 4029.8720703125 0.648193359375 583.0012545620438 137
230 1.7 548.9871610753677 745.4015606996122 4029.8720703125 0.648193359375 603.7433330829327 156
240 1.7 666.8705336626838 804.4173692996463 4029.8720703125 0.648193359375 598.3626687816113 173
250 2.9 326.59391837284477 634.4088506072145 4029.8720703125 0.648193359375 604.4923198499179 190
260 1.6 555.9710540771484 793.1497715861697 4029.8720703125 0.648193359375 567.6929881474744 219
270 1.4 576.703142438616 759.3896570311646 4029.8720703125 0.648193359375 566.8948990192819 235
280 2.1 426.7506045386905 663.129558520884 4029.8720703125 0.625 567.4463665207705 249
290 1.6 330.79640197753906 683.2637965787001 4029.8720703125 0.625 556.5033628110532 270
300 2.3 620.4448348335598 773.5811634741757 4029.8720703125 0.625 543.8763999672203 286
310 1.1 922.0045942826705 705.3072450325727 4029.8720703125 0.625 549.5756685818669 309
320 1.4 944.2425188337054 605.5879806942296 4029.8720703125 0.625 562.377912902832 320
330 0.6 891.6603597005209 618.9488885663163 4029.8720703125 0.625 578.3842137502339 334
340 0.4 1143.9481201171875 133.4865634101515 4029.8720703125 0.625 583.9126163258272 340
350 0.2 690.6829833984375 681.8590087890625 4029.8720703125 0.625 590.4246570675872 344
360 0.2 1754.255126953125 172.19091796875 4029.8720703125 0.625 591.0041849654534 346
370 0.4 1589.6964721679688 916.6289036700699 4029.8720703125 0.625 597.6895352067619 348
380 0.6 2018.6125081380208 203.07452143376014 4029.8720703125 0.625 608.9623413085938 352
390 0.5 845.7255859375 130.33638733341064 4029.8720703125 0.625 632.5877630990311 358
400 0.1 708.125 0.0 4029.8720703125 0.625 635.5235457827566 363
410 0 0 0 4029.8720703125 0.625 635.7230003273095 364
420 0 0 0 4029.8720703125 0.625 635.7230003273095 364
430 0 0 0 4029.8720703125 0.625 635.7230003273095 364
440 0 0 0 4029.8720703125 0.625 635.7230003273095 364
450 0 0 0 4029.8720703125 0.625 635.7230003273095 364
460 0 0 0 4029.8720703125 0.625 635.7230003273095 364
470 0 0 0 4029.8720703125 0.625 635.7230003273095 364
480 0 0 0 4029.8720703125 0.625 635.7230003273095 364
488 0 0 0 4029.8720703125 0.625 635.7230003273095 364
