10 0.1 312.469970703125 0 312.469970703125 312.469970703125 0 0
20 0.3 309.6890462239583 210.0140754328394 506.966064453125 18.774169921875 312.469970703125 1
30 0.2 19.2940673828125 3.8519287109375 506.966064453125 15.442138671875 310.38427734375 4
40 0.3 15.140787760416666 2.6932123697495176 506.966064453125 11.748046875 213.35420735677084 6
50 0.5 16.364599609375 8.15183884991474 506.966064453125 9.39794921875 147.28306749131946 9
60 0.8 24.143951416015625 19.517586678172197 506.966064453125 9.0068359375 100.52647181919643 14
70 0.9 165.35910373263889 96.43677347457468 506.966064453125 9.0068359375 72.7510098544034 22
80 0.4 42.0975341796875 49.48375854568938 506.966064453125 9.0068359375 99.6372306577621 31
90 0.9 40.814778645833336 29.813916855791483 506.966064453125 8.8388671875 93.06126534598214 35
100 0.9 92.96194118923611 76.12792815329736 506.966064453125 8.8388671875 82.37448397549714 44
110 0.9 797.3447536892361 534.2055692269399 1593.89697265625 8.8388671875 84.1723540683962 53
120 1.6 723.1661376953125 295.1742906250096 1593.89697265625 8.8388671875 187.69737981980848 62
130 0.8 1621.6699523925781 193.2140314484644 1867.60595703125 8.8388671875 297.53712502504004 78
140 1.4 2469.077654157366 707.8622029954474 2896.488037109375 4.115966796875 420.71227175690404 86
150 1.2 2298.5115966796875 1698.7727886346322 4190.655029296875 1.080078125 707.4834252929687 100
160 3.2 874.4911193847656 1208.7179999130055 4190.655029296875 0.780029296875 877.9507293701172 112
170 5 734.0587939453127 1013.7668987814583 4190.655029296875 0.677001953125 877.1819271511501 144
180 4.9 643.7082270408164 1009.9095396890575 4190.655029296875 0.677001953125 840.2945216857281 194
190 7.9 522.908827383307 796.0138238226185 4190.655029296875 0.677001953125 800.653663917824 243
200 8.2 511.3385128858615 780.5125667384746 4190.655029296875 0.677001953125 732.5112971904115 322
210 8.7 458.18140209680314 815.2072007827027 4190.655029296875 0.6669921875 687.6197914652305 404
220 9.6 465.63172403971356 725.1463145408707 4190.655029296875 0.6669921875 646.9657387665478 491
230 7 521.0728690011159 759.3343084694533 4190.655029296875 0.64501953125 617.3097499866908 587
240 7.9 544.9969837816454 736.7910497763123 4190.655029296875 0.64501953125 607.0562010232353 657
250 7.4 647.4012913059543 926.9808948136078 5430.845947265625 0.64501953125 600.3949535204016 736
260 8.6 447.3882034656613 752.1237469255296 5430.845947265625 0.64501953125 604.6893596884644 810
270 10.3 576.5562139714806 1886.6634050451294 18449.614990234375 0.64501953125 589.5912576402935 896
280 7.3 661.7706081442635 834.7199842715082 18449.614990234375 0.64501953125 588.2473041889544 999
290 8.4 1189.3512747628351 7149.291846540694 66027.39404296875 0.64501953125 593.254021715762 1072
300 7.3 511.84371321168686 691.5468367110963 66027.39404296875 0.64501953125 636.5690470236807 1156
310 5.1 735.8055108762255 744.7580088389765 66027.39404296875 0.64501953125 629.1606260568169 1229
320 4.4 947.3169777610085 653.5612989981557 66027.39404296875 0.64501953125 633.4097581863402 1280
330 3.6 896.8565877278646 632.1569289507827 66027.39404296875 0.64501953125 643.8417201661631 1324
340 1.9 1084.998715049342 392.10963414481404 66027.39404296875 0.64501953125 650.5391725427965 1360
350 0.5 51516.89423828125 61893.7322306633 127346.21997070313 0.64501953125 656.5251995969113 1379
360 1 1874.829736328125 716.6872880830582 127346.21997070313 0.64501953125 840.2693073956264 1384
370 1.7 1814.6184800091912 1277.8940928161255 127346.21997070313 0.64501953125 847.6908312760603 1394
380 2.4 2169.3646952311196 289.4221109370658 127346.21997070313 0.64501953125 859.3405619836884 1411
390 1.6 978.7027740478516 382.9016652064496 127346.21997070313 0.64501953125 881.2503732714504 1435
400 0.7 290.6182338169643 227.55561070245227 127346.21997070313 0.64501953125 882.3249690070963 1451
410 0.4 12.18426513671875 5.713587299807719 127346.21997070313 0.64501953125 879.4841273429463 1458
420 0.2 32.7225341796875 0.5765380859375 127346.21997070313 0.64501953125 877.1112139032575 1462
430 0 0 0 127346.21997070313 0.64501953125 875.9576774555477 1464
440 0 0 0 127346.21997070313 0.64501953125 875.9576774555477 1464
450 0 0 0 127346.21997070313 0.64501953125 875.9576774555477 1464
460 0 0 0 127346.21997070313 0.64501953125 875.9576774555477 1464
470 0 0 0 127346.21997070313 0.64501953125 875.9576774555477 1464
480 0 0 0 127346.21997070313 0.64501953125 875.9576774555477 1464
488 0 0 0 127346.21997070313 0.64501953125 875.9576774555477 1464
