40 0.1 83.064208984375 0 83.064208984375 83.064208984375 0 0
50 0 0 0 83.064208984375 83.064208984375 83.064208984375 1
60 0.4 75.29779052734375 49.694324286393524 124.77099609375 11.85107421875 83.064208984375 1
70 0.3 307.5760904947917 157.59092900301374 530.39306640625 11.85107421875 76.85107421875 5
80 0.4 59.81854248046875 46.36330274856529 530.39306640625 11.85107421875 163.37295532226563 8
90 0.3 73.70475260416667 54.525436498577854 530.39306640625 11.85107421875 128.85481770833334 12
100 0.8 196.87078857421875 214.15894140973973 708.280029296875 11.31494140625 117.8248046875 15
110 0.7 1065.543247767857 459.4942703461789 1495.802001953125 11.31494140625 145.31905995244566 23
120 0.6 731.607666015625 256.15350991111006 1495.802001953125 11.31494140625 360.038037109375 30
130 0.5 1527.29228515625 289.93973353839465 1779.885986328125 11.31494140625 421.96630859375 36
140 0.4 2663.0792236328125 267.7061433749142 2878.660888671875 11.31494140625 556.7621593940548 41
150 0.8 2221.262664794922 1740.324945126102 4174.323974609375 1.158935546875 743.9903428819445 45
160 1.3 1420.2267503004807 1316.9494484439344 4174.323974609375 0.9580078125 966.9748443027712 53
170 1.5 1133.8911783854167 1058.03935041023 4174.323974609375 0.9580078125 1056.2517348780777 66
180 1.8 549.6968587239584 1012.3820785067734 4174.323974609375 0.9580078125 1070.629409601659 81
190 1.4 563.8362688337054 747.8752814952067 4174.323974609375 0.9580078125 975.9144003511681 99
200 3.4 349.3639346852022 655.0306458992391 4174.323974609375 0.7470703125 924.8604725525444 113
210 4.7 555.2185785821142 896.751355776043 4174.323974609375 0.705810546875 791.7524297805061 147
220 6.3 522.0196010044646 729.5621394067743 4174.323974609375 0.705810546875 734.4478369644007 194
230 7 496.4561000279018 748.0654624092127 4174.323974609375 0.705810546875 682.3739892388132 257
240 7 525.9636195591518 766.6045127298227 4174.323974609375 0.69287109375 642.5750527104835 327
250 8.1 522.1798834153161 922.6619701678743 6155.3388671875 0.69287109375 622.0138428349338 397
260 9.6 365.98570505778 712.6075872901723 6155.3388671875 0.630859375 605.096372724078 478
270 8.1 857.3673834153163 2119.8269678590023 16300.635009765625 0.630859375 565.1057384105509 574
280 7.4 577.8583390519427 751.3588102220392 16300.635009765625 0.630859375 601.248018174499 655
290 7.9 326.58786281151094 658.3246876244947 16300.635009765625 0.630859375 598.8737571936084 729
300 9.1 492.5142299107143 733.8355778554477 16300.635009765625 0.630859375 572.2517452428835 808
310 8.1 640.4635959201388 732.4630377901009 16300.635009765625 0.630859375 564.1804283405171 899
320 6.8 668.5214951459099 667.5757665714427 16300.635009765625 0.630859375 570.4854656608736 980
330 7.1 865.3098144531249 618.9158526129371 16300.635009765625 0.630859375 576.8465820778416 1048
340 6.1 1008.9752217277152 434.73771054484854 16300.635009765625 0.630859375 595.1494323894101 1119
350 6.2 1079.2150485131049 677.5771763693921 16300.635009765625 0.630859375 616.5421214992716 1180
360 4.6 1788.6648055366848 563.2808681246399 16300.635009765625 0.630859375 639.6385156014114 1242
370 3.9 2158.5437074318916 1148.931002218912 16300.635009765625 0.630859375 680.6751688133855 1288
380 2.7 2149.969780815972 302.7062867174139 16300.635009765625 0.630859375 724.1091349069212 1327
390 2.4 974.2043762207032 430.3750243869337 16300.635009765625 0.630859375 752.5421019966882 1354
400 1.8 297.40382215711804 197.55061609768558 16300.635009765625 0.630859375 756.4026931297625 1378
410 1.7 18.070671530330884 11.726785670782537 16300.635009765625 0.630859375 750.4843695785393 1396
420 2 29.627307128906256 29.466888692116957 16300.635009765625 0.630859375 741.672598264442 1413
430 0.8 15.4332275390625 10.590359996396591 16300.635009765625 0.630859375 731.7347714516641 1433
440 1.4 18.637381417410715 12.157301521922854 16300.635009765625 0.630859375 727.7580800211986 1441
450 0.7 14.677978515625 6.054827682348974 16300.635009765625 0.630859375 720.9349255329147 1455
460 0.1 21.0390625 0.0 16300.635009765625 0.630859375 717.5533943228455 1462
470 0.1 24.364013671875 0.0 16300.635009765625 0.630859375 717.0773079716338 1463
480 0 0 0 16300.635009765625 0.630859375 716.604143153123 1464
488 0 0 0 16300.635009765625 0.630859375 716.604143153123 1464
