10 0.4 45.00604248046875 22.676769446904768 83.60888671875 25.798095703125 0 0
20 0.4 65.822265625 74.54247760955735 194.4208984375 14.616943359375 45.00604248046875 4
30 1.6 9.27276611328125 4.962562780274401 194.4208984375 4.600830078125 55.414154052734375 8
40 0.8 7.91497802734375 3.6847524989685025 194.4208984375 4.600830078125 24.653228759765625 24
50 1.6 26.078414916992188 17.91538427819704 194.4208984375 4.511962890625 20.468666076660156 32
60 0.8 12.853118896484375 3.4389322286920003 194.4208984375 4.511962890625 22.338582356770832 48
70 2.4 107.34783935546875 80.40344389962182 337.48876953125 4.511962890625 20.983516148158483 56
80 2.8 19.892377580915177 36.31144706873155 337.48876953125 4.402099609375 46.89281311035156 80
90 2 21.36063232421875 13.30120555414327 337.48876953125 4.402099609375 39.8927001953125 108
100 1.6 49.20924377441406 72.6631553359942 337.48876953125 4.377197265625 36.9970645904541 128
110 1.1 782.0547318892045 544.2747067612958 1575.4658203125 4.377197265625 38.353973388671875 144
120 2 603.4981933593751 265.9166671330431 1575.4658203125 4.377197265625 91.13273689516129 155
130 1.1 1323.2971857244318 256.0391066005156 1691.52197265625 4.377197265625 149.6887890625 175
140 0.8 2552.9176330566406 307.5756328677027 2827.135986328125 4.377197265625 219.09573725218414 186
150 1.5 1945.610205078125 1654.8885398405544 4223.0888671875 0.732177734375 315.3358154296875 194
160 5 799.2741992187498 1165.2491625317466 4223.0888671875 0.706787109375 432.34115439967104 209
170 8.3 769.535765130836 1000.6061406811017 4223.0888671875 0.68798828125 503.1776495384894 259
180 10.5 409.1795363653273 902.8033989252054 4223.0888671875 0.666015625 567.820116188094 342
190 18.4 303.2404612665593 656.4699431317971 4223.0888671875 0.666015625 530.5555504579139 447
200 16.4 364.4742476300495 679.348830892284 4223.0888671875 0.666015625 464.27032635140165 631
210 11.8 459.4079962261652 827.7501873522434 4223.0888671875 0.658935546875 443.6834623132862 795
220 13.2 656.1872225674716 1480.2470074453288 8044.614990234375 0.658935546875 445.7157679011501 913
230 12.5 620.4259257812504 875.0544214340991 8044.614990234375 0.658935546875 472.30163585900124 1045
240 13.3 537.4757401315787 950.6292808600839 8044.614990234375 0.658935546875 488.1268805088142 1170
250 14.9 458.26509739408556 1059.8485383445782 8044.614990234375 0.658935546875 493.1640242769091 1303
260 24.1 406.6653480371499 873.1589604821603 8044.614990234375 0.658935546875 489.5827983089059 1452
270 44.3 292.6641517794156 628.8929355448249 8044.614990234375 0.64599609375 477.7794282465945 1693
280 27.6 399.49451656617964 687.7156719936631 8044.614990234375 0.64599609375 439.38707455981535 2136
290 24.6 498.7972709841845 912.0544373849146 8044.614990234375 0.64599609375 434.8222544908919 2412
300 42.9 275.5050819948283 591.7327764445781 8044.614990234375 0.64599609375 440.7431928119415 2658
310 24 410.25945231119783 663.2943531372275 8044.614990234375 0.64599609375 417.7800734272504 3087
320 18.4 575.7593118418819 674.3602061528057 8044.614990234375 0.64599609375 417.237557927445 3327
330 17.1 754.0009380139802 645.0419063976245 8044.614990234375 0.64599609375 425.5451633732599 3511
340 12.3 1004.8129803417174 416.4163591259848 8044.614990234375 0.64599609375 440.79935605755196 3682
350 13.4 868.0000437266792 715.0528535189136 8044.614990234375 0.64599609375 459.0315967374343 3805
360 4.2 1669.201648530506 741.5108336127264 8044.614990234375 0.64599609375 472.9442070183581 3939
370 2.2 2141.83779074929 801.9453626292293 8044.614990234375 0.64599609375 485.5648582475744 3981
380 2.6 2073.631770207331 295.28530439223704 8044.614990234375 0.64599609375 494.66753237074147 4003
390 7.7 743.4401126217532 221.86661480234028 8044.614990234375 0.64599609375 504.8569268070163 4029
400 10.2 244.869820389093 175.83861159736662 8044.614990234375 0.64599609375 509.33108786588986 4106
410 1.6 13.196746826171875 8.401903568282444 8044.614990234375 0.64599609375 502.9206674089903 4208
420 4 9.971020507812497 6.228602348099497 8044.614990234375 0.64599609375 501.0656525582978 4224
430 0 0 0 8044.614990234375 0.64599609375 496.4587610756479 4264
440 1.6 10.370025634765625 3.675914455796372 8044.614990234375 0.64599609375 496.4587610756479 4264
450 0 0 0 8044.614990234375 0.64599609375 494.641606924467 4280
460 0.8 9.746246337890625 3.325547659687221 8044.614990234375 0.64599609375 494.641606924467 4280
470 0.8 7.09112548828125 3.433560048459801 8044.614990234375 0.64599609375 493.7369514009846 4288
480 0 0 0 8044.614990234375 0.64599609375 492.8307208126928 4296
488 0 0 0 8044.614990234375 0.64599609375 492.8307208126928 4296
