10 0.1 44.908935546875 0 44.908935546875 44.908935546875 0 0
20 0 0 0 44.908935546875 44.908935546875 44.908935546875 1
30 0.2 17.3394775390625 4.3914794921875 44.908935546875 12.947998046875 44.908935546875 1
40 0.1 13.156005859375 0.0 44.908935546875 12.947998046875 26.529296875 3
50 0.2 24.09912109375 1.551025390625 44.908935546875 12.947998046875 23.18597412109375 4
60 0.1 50.107177734375 0.0 50.107177734375 12.947998046875 23.4903564453125 6
70 0.3 188.18733723958334 45.08901248944724 251.919921875 12.947998046875 27.292759486607142 7
80 0.4 17.114013671875 8.324811714709432 251.919921875 11.116943359375 75.5611328125 10
90 0.2 170.9940185546875 33.3050537109375 251.919921875 11.116943359375 58.86195591517857 14
100 0.2 78.6419677734375 55.7340087890625 251.919921875 11.116943359375 72.87846374511719 16
110 0.4 584.5867309570313 430.55610644074136 1131.881103515625 11.116943359375 73.51885308159723 18
120 0.2 635.7044677734375 117.8114013671875 1131.881103515625 11.116943359375 166.44028542258522 22
130 0.4 1669.5397338867188 140.51833295152144 1850.007080078125 11.116943359375 205.5456339518229 24
140 0.3 2435.5440266927085 274.27714012673454 2771.10400390625 11.116943359375 414.6876482282366 28
150 0.3 2053.27294921875 1464.2812004677273 3340.087890625 4.781982421875 610.25439453125 31
160 0.9 1185.315646701389 1309.948027335004 3340.087890625 1.18408203125 737.5795611213235 34
170 0.8 548.4114685058594 942.1939190909616 3340.087890625 0.928955078125 831.2917650799419 43
180 1.7 1016.2930692784927 1081.2899383007812 3340.087890625 0.928955078125 786.9183852251838 51
190 2.4 467.81995646158856 796.7313262550201 3340.087890625 0.928955078125 844.262056238511 68
200 2.5 749.179853515625 838.3037346610264 3340.087890625 0.928955078125 746.0597693401834 92
210 2.9 636.5255926724138 931.5381402651728 3340.087890625 0.884033203125 746.7264539930555 117
220 3.5 591.0873395647322 720.9739438516108 3340.087890625 0.867919921875 724.837241812928 146
230 3.1 455.67840379284274 705.7827445728054 3340.087890625 0.867919921875 698.9740010467023 181
240 3.8 663.7555445620887 1351.4676572286926 7608.31494140625 0.867919921875 663.3977580520342 212
250 2.1 600.614501953125 769.0874807875682 7608.31494140625 0.867919921875 663.4521416015625 250
260 3.5 1299.6374232700894 3628.363608124293 19050.5009765625 0.867919921875 658.5828042118312 271
270 3.3 1048.0271070075758 2800.134977882503 19050.5009765625 0.864990234375 731.9060449537888 306
280 3.5 376.73733956473217 616.7624835961233 19050.5009765625 0.864990234375 762.6788917023874 339
290 3.5 805.6596470424107 924.3684377725596 19050.5009765625 0.864990234375 726.5613667697193 374
300 3.4 499.9566219554228 656.6005500305911 19050.5009765625 0.864990234375 733.3301682600473 409
310 2.6 530.1042104867788 719.2192329350825 19050.5009765625 0.864990234375 715.4188802818144 443
320 3 739.8149007161459 690.7907743862663 19050.5009765625 0.864990234375 705.1455723614073 469
330 1.9 777.8541195518092 662.7796070302288 19050.5009765625 0.864990234375 707.2299007194075 499
340 0.7 1071.6149204799108 122.63777239127506 19050.5009765625 0.864990234375 709.8203643445343 518
350 0.5 1199.133984375 117.21754583559438 19050.5009765625 0.864990234375 714.6442917596726 525
360 0.4 1031.6278076171875 1047.7574453586194 19050.5009765625 0.864990234375 719.2149492371757 530
370 0.7 2185.059012276786 987.0973943447012 19050.5009765625 0.864990234375 721.555120460996 534
380 0.2 2458.16748046875 39.884521484375 19050.5009765625 0.864990234375 740.4914000223833 541
390 0.8 707.7213439941406 144.57282284538624 19050.5009765625 0.864990234375 746.8180154199758 543
400 0.4 213.798095703125 199.04392084937035 19050.5009765625 0.864990234375 746.2503686479129 551
410 0.2 15.7669677734375 4.5360107421875 19050.5009765625 0.864990234375 742.4128747888514 555
420 0.5 20.09404296875 14.009863702443242 19050.5009765625 0.864990234375 739.803733291489 557
430 0 0 0 19050.5009765625 0.864990234375 733.4006221676212 562
440 0.2 9.96533203125 5.560546875 19050.5009765625 0.864990234375 733.4006221676212 562
450 0 0 0 19050.5009765625 0.864990234375 730.8352487983433 564
460 0.1 21.76318359375 0.0 19050.5009765625 0.864990234375 730.8352487983433 564
470 0.1 17.156005859375 0.0 19050.5009765625 0.864990234375 729.5802539926715 565
480 0 0 0 19050.5009765625 0.864990234375 728.3215539076303 566
488 0 0 0 19050.5009765625 0.864990234375 728.3215539076303 566
