0 0.3 247.07470703125 337.4332531631567 724.27587890625 7.43408203125 0 0
10 0.4 49.52105712890625 35.56421302614015 724.27587890625 7.43408203125 247.07470703125 3
20 0.1 9.926025390625 0.0 724.27587890625 7.43408203125 134.18690708705358 7
30 0.6 58.5501708984375 84.88438753260485 724.27587890625 7.43408203125 118.65429687500001 8
40 0.5 27.797412109375 14.84856795926343 724.27587890625 7.43408203125 92.8953857421875 14
50 0.9 40.842610677083336 28.854155546661328 724.27587890625 7.43408203125 75.76434004934211 19
60 0.9 25.78369140625 17.94527073332501 724.27587890625 7.43408203125 64.53949846540179 28
70 0.6 41.9117431640625 53.71273510633228 724.27587890625 7.43408203125 55.11241026182433 37
80 1 60.4257080078125 77.36449349771229 724.27587890625 7.43408203125 53.27045671329942 43
90 1.2 38.805216471354164 29.8703479408242 724.27587890625 7.43408203125 54.620504127358494 53
100 1.9 197.60775596217104 192.99903375645712 724.27587890625 7.43408203125 51.70075871394231 65
110 1.3 1117.8477313701924 432.5643424129357 2077.259033203125 7.43408203125 84.70353190104167 84
120 1.4 840.2101178850446 222.13654805069325 2077.259033203125 7.43408203125 223.16615657216494 97
130 1.6 1417.3978881835938 285.119147252978 2077.259033203125 7.43408203125 300.9915210620777 111
140 2.5 2570.067705078125 579.7337521814289 3179.506103515625 1.3408203125 441.6411421167569 127
150 4.4 1864.0194313742898 1588.6077116181184 4382.09716796875 0.81103515625 791.7113004985608 152
160 6.5 1249.4150954026443 1270.8951068158456 4382.09716796875 0.81103515625 1032.4335339604593 196
170 6.8 897.1307049919577 1075.3539622238388 4382.09716796875 0.765869140625 1086.471087576329 261
180 6.5 1045.843303034856 1146.7850742386395 4382.09716796875 0.765869140625 1047.3369051576747 329
190 10.4 586.7846984863287 854.6631839742591 4382.09716796875 0.765869140625 1047.0904987160927 394
200 10.7 648.7616959331189 828.1384683646705 4382.09716796875 0.765869140625 950.9623797926079 498
210 7.1 705.9966817506602 1032.0688945831253 4382.09716796875 0.765869140625 897.5153166967973 605
220 6.8 704.4467917049633 1132.7373224469413 6500.198974609375 0.765869140625 877.4001937956498 676
230 8.2 920.1999868997715 1442.7720225575447 9000.31396484375 0.765869140625 861.5926247873613 744
240 8.5 764.99429285386 1550.406520983574 9268.114990234375 0.765869140625 867.4107890648644 826
250 9.3 3051.409360824093 7422.753506900337 38045.009033203125 0.765869140625 857.8549140067576 911
260 7.3 1882.547383347603 4863.092796603961 38045.009033203125 0.765869140625 1061.0427263115507 1004
270 7.2 2815.101993136936 8870.454836190427 64623.197021484375 0.765869140625 1116.7250289704475 1077
280 8.5 8552.79491900276 20625.601544852932 67121.26196289063 0.765869140625 1223.150739518739 1149
290 7.1 2624.7649338413294 11078.364930196789 67405.5439453125 0.765869140625 1728.028985269259 1234
300 6.7 2914.0026199568565 11036.800900791903 67405.5439453125 0.765869140625 1776.8169181034482 1305
310 1.6 4590.173095703125 15128.550121616732 67405.5439453125 0.765869140625 1832.3500391123246 1372
320 0.2 865.7294921875 861.115478515625 67405.5439453125 0.765869140625 1864.1405066234577 1388
330 0 0 0 67405.5439453125 0.765869140625 1862.7039440127585 1390
340 0.4 1307.9579467773438 80.36964337387921 67405.5439453125 0.765869140625 1862.7039440127585 1390
350 3.3 4955.581476384943 21617.5460160872 127187.4130859375 0.765869140625 1861.1121334037616 1394
360 2.7 6478.136257595486 23689.533017203044 127216.09106445313 0.765869140625 1932.6730922813924 1427
370 0.9 1595.735134548611 1496.3539570501723 127216.09106445313 0.765869140625 2017.0799048422455 1454
380 0.1 1987.48193359375 0.0 127216.09106445313 0.765869140625 2014.487900103597 1463
390 0 0 0 127216.09106445313 0.765869140625 2014.4694534051614 1464
400 0 0 0 127216.09106445313 0.765869140625 2014.4694534051614 1464
410 0 0 0 127216.09106445313 0.765869140625 2014.4694534051614 1464
420 0 0 0 127216.09106445313 0.765869140625 2014.4694534051614 1464
430 0 0 0 127216.09106445313 0.765869140625 2014.4694534051614 1464
440 0 0 0 127216.09106445313 0.765869140625 2014.4694534051614 1464
450 0 0 0 127216.09106445313 0.765869140625 2014.4694534051614 1464
460 0 0 0 127216.09106445313 0.765869140625 2014.4694534051614 1464
470 0 0 0 127216.09106445313 0.765869140625 2014.4694534051614 1464
480 0 0 0 127216.09106445313 0.765869140625 2014.4694534051614 1464
488 0 0 0 127216.09106445313 0.765869140625 2014.4694534051614 1464
