0 10 10
10 22 22
20 22 26
30 26 28
40 34 35
50 45 46
60 60 60
70 62 64
80 70 72
90 98 100
100 123 123
110 126 136
120 159 159
130 226 227
140 271 272
150 378 378
160 476 477
170 559 560
180 679 680
190 831 833
200 990 991
210 1451 1453
220 1902 1904
230 2351 2352
240 2302 2437
250 2110 2437
260 1917 2437
270 1643 2437
280 1453 2437
290 1252 2437
300 1002 2437
310 837 2437
320 707 2437
330 592 2437
340 496 2437
350 386 2437
360 301 2437
370 246 2437
380 193 2437
390 147 2437
400 89 2437
410 69 2437
420 45 2437
430 32 2437
440 16 2437
450 4 2437
460 3 2437
470 1 2437
480 1 2437
488 0 2437
