0 1 10
10 1.2 22
20 0.8 30
30 0.9 39
40 1.2 51
50 1.6 67
60 2.2 89
70 1.1 100
80 2.1 121
90 4.8 169
100 4.9 218
110 2.5 243
120 5.9 302
130 9.5 397
140 7.1 468
150 14 608
160 15.7 765
170 16.6 931
180 24.6 1177
190 30.1 1478
200 31.1 1789
210 58.2 2371
220 62.6 2997
230 61.5 3612
240 11.7 3729
250 0 3729
260 0 3729
270 0 3729
280 0 3729
290 0 3729
300 0 3729
310 0 3729
320 0 3729
330 0 3729
340 0 3729
350 0 3729
360 0 3729
370 0 3729
380 0 3729
390 0 3729
400 0 3729
410 0 3729
420 0 3729
430 0 3729
440 0 3729
450 0 3729
460 0 3729
470 0 3729
480 0 3729
488 0 3729
