0 1.7 17
10 3.3 50
20 5.7 107
30 10.9 216
40 15.5 371
50 10.4 475
60 13.3 608
70 21.2 820
80 23.6 1056
90 27.3 1329
100 34.2 1671
110 43.7 2108
120 45.3 2561
130 57.7 3138
140 66.7 3805
150 75.7 4562
160 70.8 5270
170 75.3 6023
180 76.4 6787
190 74.6 7533
200 70.4 8237
210 64.6 8883
220 65.6 9539
230 55.4 10093
240 42.8 10521
250 42 10941
260 45.8 11399
270 41.3 11812
280 53 12342
290 48.5 12827
300 32.2 13149
310 9.5 13244
320 4.2 13286
330 2.1 13307
340 0.6 13313
350 0.3 13316
360 0 13316
370 0 13316
377 0.4 13320
