30 0.4 27720.52423095703 4269.763612089353 31980.4130859375 20641.85888671875 0 0
40 0.4 33565.365783691406 2561.245173963573 37851.91796875 20641.85888671875 27720.52423095703 4
50 0.5 36428.94677734375 14123.730552724868 53274.753173828125 18708.77490234375 30642.94500732422 8
60 1.3 38405.29302509014 10840.47458556184 64059.031005859375 18708.77490234375 32868.33030348558 13
70 0.7 40344.80678013393 13848.50048359236 65235.85986328125 18708.77490234375 35636.81166428786 26
80 1.6 37993.06156921387 18689.946187417616 84803.57006835938 9916.47607421875 36635.477294921875 33
90 1.5 48707.364485677084 19765.45818971279 84803.57006835938 9634.90185546875 37078.77011918049 49
100 2.2 42447.238270152695 21868.83557845364 90126.4599609375 6339.4951171875 39804.221923828125 64
110 2.2 40091.998979048294 17481.798620681864 90126.4599609375 6339.4951171875 40480.3423845158 86
120 1.5 32613.08505859375 10422.076251638864 90126.4599609375 6339.4951171875 40401.23539451317 108
130 3.3 38096.258071437034 13650.619695576295 90126.4599609375 6339.4951171875 39451.46096330348 123
140 3.2 40446.01759338379 15551.91740848982 90126.4599609375 6339.4951171875 39164.78342848558 156
150 2.7 47129.17371057581 18383.378139960194 90126.4599609375 6339.4951171875 39382.86583953208 188
160 3.1 43539.429616620466 12408.031106045639 90126.4599609375 6339.4951171875 40355.65799077944 215
170 3.7 49145.35195180532 13787.180879380006 92566.54077148438 6339.4951171875 40756.864984279724 246
180 5.1 50608.583041321996 15434.016958322682 92566.54077148438 6339.4951171875 41853.592962366114 283
190 8.5 53382.347794117646 20302.23058810021 100127.44995117188 6339.4951171875 43190.43276484141 334
200 14.2 49442.2997806173 15144.977333630113 100127.44995117188 6339.4951171875 45258.00502615043 419
210 19.9 48213.61152687266 18262.652604346706 109986.31005859375 6285.761962890625 46317.13132763759 561
220 22 44073.55257679332 17136.47056621945 109986.31005859375 6285.761962890625 46813.709695595186 760
230 30.5 45307.00009285349 17627.541272559527 109986.31005859375 6285.761962890625 46198.572383211096 980
240 35.7 40719.425078918284 17018.591744937516 109986.31005859375 6285.761962890625 45986.954057484196 1285
250 39.8 45639.23047120369 17525.25854707553 115278.67895507813 6285.761962890625 44841.699584068825 1642
260 43.4 47998.705474150345 16026.454846921188 118456.251953125 6285.761962890625 44997.29629636279 2040
270 37 52343.63440469277 13457.362322804824 121386.13891601563 6285.761962890625 45523.816742264076 2474
280 30.4 59665.96860463996 12694.959976267986 121386.13891601563 6285.761962890625 46411.064469092 2844
290 23.7 67486.45197743614 12209.631233205906 127547.376953125 6285.761962890625 47691.080624494345 3148
300 25.2 75573.31151665584 11688.168159049279 153943.5380859375 6285.761962890625 49077.04901759544 3385
310 5.8 84581.60914348734 10361.31888941974 153943.5380859375 6285.761962890625 50912.91873158038 3637
320 3.1 94673.01242754536 12090.724558607437 153943.5380859375 6285.761962890625 51441.412383512885 3695
330 1.5 101865.02789713541 7694.982088346568 153943.5380859375 6285.761962890625 51801.095583020404 3726
340 0.5 108088.0498046875 1808.914951062647 153943.5380859375 6285.761962890625 52001.83308227507 3741
350 0.3 134123.26399739584 21411.996500585792 163631.57006835938 6285.761962890625 52076.694556811126 3746
360 0.3 136249.50634765625 9001.675007301164 163631.57006835938 6285.761962890625 52142.34932030053 3749
370 0 0 0 163631.57006835938 6285.761962890625 52209.59917933093 3752
377 0.1 148904.84790039063 0.0 163631.57006835938 6285.761962890625 52209.59917933093 3752
