0 6.7703125 6.7703125
10 18.9109375 25.68125
20 35.44921875 61.13046875
30 91.72890625 152.859375
40 121.971875 274.83125
50 77.0265625 351.8578125
60 105.06796875 456.92578125
70 176.40703125 633.3328125
80 199.4578125 832.790625
90 195.8203125 1028.6109375
100 284.86796875 1313.47890625
110 383.4421875 1696.92109375
120 382.7109375 2079.63203125
130 433.821875 2513.45390625
140 561.40703125 3074.8609375
150 590.54921875 3665.41015625
160 536.1484375 4201.55859375
170 788.40703125 4989.965625
180 1181.70390625 6171.66953125
190 1619.90625 7791.57578125
200 2136.76484375 9928.340625
210 2611.50078125 12539.84140625
220 2787.4046875 15327.24609375
230 3609.65 18936.89609375
240 3968.87109375 22905.7671875
250 3720.66328125 26626.43046875
260 2841.40078125 29467.83125
270 2180.565625 31648.396875
280 1579.8234375 33228.2203125
290 1433.21640625 34661.43671875
300 1282.759375 35944.19609375
310 285.228125 36229.42421875
320 210.49765625 36439.921875
330 84.0234375 36523.9453125
340 47.44296875 36571.38828125
350 25.02734375 36596.415625
360 45.94921875 36642.36484375
370 0 36642.36484375
377 3.0390625 36645.40390625
