10 0.1 44.333984375 0 44.333984375 44.333984375 0 0
20 0.1 48.60205078125 0.0 48.60205078125 44.333984375 44.333984375 1
30 0.1 15.60205078125 0.0 48.60205078125 15.60205078125 46.468017578125 2
40 0.2 60.679931640625 36.422119140625 97.10205078125 15.60205078125 36.179361979166664 3
50 0.3 38.4296875 31.712520364066403 97.10205078125 15.60205078125 45.97958984375 5
60 0.2 20.3985595703125 7.4144287109375 97.10205078125 12.984130859375 43.14837646484375 8
70 0.6 16.710286458333332 5.102070652473614 97.10205078125 12.635009765625 38.5984130859375 10
80 0.7 56.14780970982143 85.21473656867863 263.845947265625 12.635009765625 30.390365600585938 16
90 0.5 25.3896484375 17.68026760159334 263.845947265625 12.635009765625 38.22958772078805 23
100 0.6 16.569742838541668 2.9868554419757256 263.845947265625 12.635009765625 35.936741420200896 28
110 1.6 78.31184387207031 95.46534955672301 329.583984375 12.635009765625 32.519035788143384 34
120 1.2 84.96923828125 71.64970229523036 329.583984375 12.48095703125 47.172734375 50
130 1.2 65.58341471354167 66.6460514414576 329.583984375 12.48095703125 54.488186743951616 62
140 2.2 117.32438520951705 103.30906078587702 465.3310546875 12.48095703125 56.287412901182435 74
150 1.9 692.657406455592 343.07198675957386 1353.966064453125 12.48095703125 70.27505238850911 96
160 1.2 2230.5989990234375 185.42064275282834 2484.01708984375 12.48095703125 173.10344132133153 115
170 2.9 1579.5713732489223 1259.444738096995 2968.760009765625 1.805908203125 367.51247039554625 127
180 4.4 991.1984530362216 1084.3863420991102 2968.760009765625 1.727783203125 592.8311125926482 156
190 5.5 1067.3241255326702 1059.2481142360357 2968.760009765625 1.727783203125 680.4719274902344 200
200 7.4 703.9560513883025 872.9314129550369 2968.760009765625 1.724853515625 763.9106368719363 255
210 9.1 437.3884250515108 756.2577078501304 2968.760009765625 1.724853515625 750.4254109576842 329
220 10.4 354.40175922100366 699.8120572054316 2968.760009765625 1.724853515625 682.6007306780133 420
230 14.9 361.8700336225881 698.673744427828 2968.760009765625 1.704833984375 617.4620035186067 524
240 17.4 486.10935675960883 718.4151546527742 2968.760009765625 1.704833984375 560.8747768997259 673
250 13.9 372.08350136297224 544.0910901991041 2968.760009765625 1.704833984375 545.5156469063606 847
260 8.2 511.4304169445503 560.2661621689473 2968.760009765625 1.704833984375 521.0662876461872 986
270 3.7 682.6178671347128 624.521826079104 2968.760009765625 1.704833984375 520.3264548769604 1068
280 1.8 1041.2245279947917 434.6842618859894 2968.760009765625 1.704833984375 525.760646961609 1105
290 1 829.12294921875 184.74865170753387 2968.760009765625 1.704833984375 534.0227572542158 1123
300 0.4 438.324462890625 236.94548229547397 2968.760009765625 1.704833984375 536.6273485336909 1133
310 0 0 0 2968.760009765625 1.704833984375 536.2815160424224 1137
320 0 0 0 2968.760009765625 1.704833984375 536.2815160424224 1137
330 0 0 0 2968.760009765625 1.704833984375 536.2815160424224 1137
340 0 0 0 2968.760009765625 1.704833984375 536.2815160424224 1137
350 0 0 0 2968.760009765625 1.704833984375 536.2815160424224 1137
360 0 0 0 2968.760009765625 1.704833984375 536.2815160424224 1137
370 0 0 0 2968.760009765625 1.704833984375 536.2815160424224 1137
377 0 0 0 2968.760009765625 1.704833984375 536.2815160424224 1137
