10 0.4 47.01251220703125 40.58003310702151 110.31201171875 11.326171875 0 0
20 0.6 28.897176106770832 21.38552684855425 110.31201171875 11.326171875 47.01251220703125 4
30 0.8 33.1199951171875 28.611804166822097 110.31201171875 10.666015625 36.143310546875 10
40 0.7 31.6474609375 39.880778349064244 124.39501953125 9.607177734375 34.79961480034722 18
50 0.6 12.7564697265625 3.6831843120631085 124.39501953125 9.607177734375 33.91701171875 25
60 0.9 14.57473415798611 8.714211406035112 124.39501953125 9.30908203125 29.821422946068544 31
70 0.5 14.65263671875 9.820179039193164 124.39501953125 9.30908203125 26.39091796875 40
80 1.3 15.703406700721153 8.21511041858488 124.39501953125 9.276123046875 25.086664496527778 45
90 1.1 20.685347123579547 16.265694482847714 124.39501953125 9.276123046875 22.9835205078125 58
100 1.5 45.29845377604167 92.83441039326935 387.81103515625 9.111083984375 22.61714504076087 69
110 2 89.46636962890625 84.68631856575931 387.81103515625 9.111083984375 26.667378743489582 84
120 2 48.13411865234375 37.904167086010055 387.81103515625 9.111083984375 38.74410775991586 104
130 3 42.16627604166668 27.79679451562748 387.81103515625 9.111083984375 40.258625645791334 124
140 2.2 118.26381613991477 97.45104500934141 387.81103515625 9.111083984375 40.630245852780035 154
150 3.4 664.8258487477023 433.4322116050417 1650.69580078125 9.111083984375 50.334442138671875 176
160 4.8 2137.0829569498696 452.27277748781756 2678.29296875 1.84619140625 149.82352701822916 210
170 7.9 1763.4017503955697 1034.9980870152351 2983.537841796875 1.7890625 519.5462116566739 258
180 10.7 1146.0685692903035 1119.3611946983383 2983.537841796875 1.73095703125 811.1325248922014 337
190 12.4 799.1881595734627 1019.3512217953709 2983.537841796875 1.73095703125 891.8490941503027 444
200 14.1 605.6698803191489 862.4015884482068 2983.537841796875 1.704833984375 871.6202985736686 568
210 18.6 487.19435168850805 826.6331903965769 2983.537841796875 1.681884765625 818.7303000209362 709
220 28.1 402.89386051490214 738.6448868974488 2983.537841796875 1.681884765625 749.8300917641411 895
230 29.3 333.091044455258 656.6371356751227 2983.537841796875 1.681884765625 666.9312133789063 1176
240 24.6 327.7100472799162 636.1132954480922 2983.537841796875 1.681884765625 600.344984995905 1469
250 10.4 421.06929837740387 586.3838706476894 2983.537841796875 1.681884765625 561.2381659415998 1715
260 2 611.3230346679688 549.2462505705404 2983.537841796875 1.681884765625 553.2241130407332 1819
270 0.5 451.3974609375 536.7276514191303 2983.537841796875 1.681884765625 553.8559664570163 1839
280 0 0 0 2983.537841796875 1.681884765625 553.5781505526792 1844
290 0 0 0 2983.537841796875 1.681884765625 553.5781505526792 1844
300 0 0 0 2983.537841796875 1.681884765625 553.5781505526792 1844
310 0 0 0 2983.537841796875 1.681884765625 553.5781505526792 1844
320 0 0 0 2983.537841796875 1.681884765625 553.5781505526792 1844
330 0 0 0 2983.537841796875 1.681884765625 553.5781505526792 1844
340 0 0 0 2983.537841796875 1.681884765625 553.5781505526792 1844
350 0 0 0 2983.537841796875 1.681884765625 553.5781505526792 1844
360 0 0 0 2983.537841796875 1.681884765625 553.5781505526792 1844
370 0 0 0 2983.537841796875 1.681884765625 553.5781505526792 1844
377 0 0 0 2983.537841796875 1.681884765625 553.5781505526792 1844
