0 0.1 27.913818359375 0 27.913818359375 27.913818359375 0 0
10 0.4 21.437255859375 11.954787991347803 41.218017578125 11.93701171875 27.913818359375 1
20 0.5 31.532958984375 26.060775499899872 77.556884765625 11.664794921875 22.732568359375 5
30 1.1 31.591175426136363 25.627337978045247 107.89892578125 10.4521484375 27.132763671875 10
40 0.8 13.407073974609375 4.274159834062104 107.89892578125 9.055908203125 29.468122209821427 21
50 0.3 32.465657552083336 17.252752508713307 107.89892578125 9.055908203125 25.03748821390086 29
60 0.9 12.694661458333334 2.448413744299107 107.89892578125 9.055908203125 25.73387908935547 32
70 0.8 15.084259033203125 6.361362461208827 107.89892578125 9.055908203125 22.87161180449695 41
80 1.1 24.026100852272727 18.154599989505765 107.89892578125 9.055908203125 21.600207270408163 49
90 1.1 20.60287198153409 12.003622640400083 107.89892578125 9.055908203125 22.044954427083333 60
100 1.6 52.99186706542969 87.35181522463833 373.234130859375 9.055908203125 21.821533203125 71
110 2.3 64.8200152853261 73.04694103852472 373.234130859375 9.055908203125 27.55400839619253 87
120 1.9 47.63246556332237 44.949464124733694 373.234130859375 9.055908203125 35.34599165482955 110
130 2.9 42.54280879579741 37.65755807983424 373.234130859375 9.055908203125 37.155627346778104 129
140 2.4 84.41215006510417 54.44236569181368 373.234130859375 9.055908203125 38.14441381526899 158
150 3.9 677.8537284655449 430.55885202155554 1625.988037109375 9.055908203125 44.2456537603022 182
160 5.7 2058.854689213267 324.8471770369017 2600.43115234375 9.055908203125 156.05884341416856 221
170 8.8 1669.4107471812856 1145.8537292959888 3152.968017578125 1.77099609375 546.2004376967176 278
180 10.6 1388.141511737176 1103.5446444761067 3152.968017578125 1.77001953125 816.261932873335 366
190 12.9 865.9354598171027 1039.7265456251937 3152.968017578125 1.700927734375 944.6925162622484 472
200 15.3 651.8214949065564 874.95282961308 3152.968017578125 1.666015625 927.7879234478993 601
210 18.6 456.19708711357526 819.3952675047323 3152.968017578125 1.666015625 871.7894306537011 754
220 29.8 458.54908045826335 791.482416837106 3152.968017578125 1.64892578125 789.5552009744847 940
230 30.4 293.104048076429 630.2073949624474 3152.968017578125 1.64892578125 709.8784449859274 1238
240 22.5 419.099513888889 694.8876000192952 3152.968017578125 1.64892578125 627.7128051282831 1542
250 5.9 544.2693615929554 608.7299545843885 3152.968017578125 1.64892578125 601.1491432556946 1767
260 1.7 546.8388241038602 574.9753259781404 3152.968017578125 1.64892578125 599.3112970792973 1826
270 0.1 1183.046875 0.0 3152.968017578125 1.64892578125 598.8272862054056 1843
280 0 0 0 3152.968017578125 1.64892578125 599.1441081082227 1844
290 0 0 0 3152.968017578125 1.64892578125 599.1441081082227 1844
300 0 0 0 3152.968017578125 1.64892578125 599.1441081082227 1844
310 0 0 0 3152.968017578125 1.64892578125 599.1441081082227 1844
320 0 0 0 3152.968017578125 1.64892578125 599.1441081082227 1844
330 0 0 0 3152.968017578125 1.64892578125 599.1441081082227 1844
340 0 0 0 3152.968017578125 1.64892578125 599.1441081082227 1844
350 0 0 0 3152.968017578125 1.64892578125 599.1441081082227 1844
360 0 0 0 3152.968017578125 1.64892578125 599.1441081082227 1844
370 0 0 0 3152.968017578125 1.64892578125 599.1441081082227 1844
377 0 0 0 3152.968017578125 1.64892578125 599.1441081082227 1844
