30 1.6 18.959976196289063 7.273831412893381 28.841064453125 9.807861328125 0 0
40 1.2 24.092529296875 7.224126704279251 35.391845703125 9.807861328125 18.959976196289063 16
50 0.4 15.9334716796875 5.172145561275025 35.391845703125 9.807861328125 21.159641810825892 28
60 0.4 10.2557373046875 0.6391065908765444 35.391845703125 9.807861328125 20.506370544433594 32
70 2.8 15.369986397879469 11.806989911325434 61.056884765625 9.807861328125 19.367411295572918 36
80 2.4 15.832265218098962 8.512208468602532 61.056884765625 9.807861328125 17.61853790283203 64
90 1.6 40.02842712402344 31.17452752758995 113.77685546875 9.807861328125 17.13137262517756 88
100 3.9 36.52786333133013 35.85800315735842 214.56005859375 9.807861328125 20.65399639423077 104
110 6.5 71.38851787860577 54.91163196282044 233.994140625 9.768798828125 24.983232831621503 143
120 5.5 58.69441139914775 64.16389156797524 348.298095703125 9.705810546875 39.484884408804085 208
130 4.1 49.175888433689025 42.151981286649 348.298095703125 9.68896484375 43.502085870663024 263
140 6.8 74.37429630055146 62.25373866966596 348.298095703125 9.68896484375 44.267302663702715 304
150 2.7 557.1439525462962 425.6353783589878 1566.76611328125 9.68896484375 49.770731608072914 372
160 1.4 2039.2070835658483 295.93688749096873 2559.992919921875 9.68896484375 84.10425783697525 399
170 4.8 1517.797246297201 1148.3883386111602 3012.078125 1.739990234375 150.3789298955811 413
180 11.9 875.3846261160714 1085.9858366855588 3012.078125 1.682861328125 292.7565420154894 461
190 18.1 717.1234704117747 995.8784048612592 3012.078125 1.682861328125 412.2957523740571 580
200 30.3 555.6935092435023 862.2075113068638 3012.078125 1.682861328125 484.79748294544595 761
210 38.3 276.9750090516892 641.3777356347889 3012.078125 1.68212890625 504.9868588555128 1064
220 30.9 312.089272508344 679.1028338026526 3012.078125 1.677978515625 444.6354155418539 1447
230 55.4 209.01833037779213 542.7621871329661 3012.078125 1.677978515625 421.3115213520164 1756
240 73 249.4780407213185 558.9540806133596 3012.078125 1.677978515625 370.39791624391245 2310
250 71.6 303.88070968542706 523.3245259170723 3012.078125 1.6591796875 341.3612356085527 3040
260 54.1 432.3642907556896 540.0801581921496 3012.078125 1.6591796875 334.2163856189473 3756
270 44.6 529.2600907808993 610.4117622547631 3012.078125 1.6591796875 346.5733827515928 4297
280 35 848.0861111886157 443.1654126840978 3012.078125 1.6591796875 363.75201901156976 4743
290 41 711.0768304592224 146.04878845946342 3012.078125 1.6591796875 397.03631751185765 5093
300 47.3 279.0801560641845 186.71518751648978 3012.078125 1.6591796875 420.4338480058463 5503
310 7.2 10.120791965060763 9.103706986086532 3012.078125 1.6591796875 409.24571275008896 5976
320 6.4 7.9327239990234375 3.678346559630862 3012.078125 1.6591796875 404.49422559788627 6048
330 2.4 6.946482340494792 0.9389022300532971 3012.078125 1.6591796875 400.34174914135366 6112
340 1.6 6.627685546875 1.144106848085643 3012.078125 1.6591796875 398.803045359864 6136
350 0.8 7.734649658203125 0.9886261065977373 3012.078125 1.6591796875 397.783083435773 6152
360 1.6 7.479034423828125 3.6059333122521924 3012.078125 1.6591796875 397.27652702826964 6160
370 0 0 0 3012.078125 1.6591796875 396.2666889645276 6176
377 0 0 0 3012.078125 1.6591796875 396.2666889645276 6176
