10 0.2 2
20 1 12
30 0.2 14
40 2.8 42
50 0.2 44
60 2 64
70 2.1 85
80 2.6 111
90 1.4 125
100 1.5 140
110 4.1 181
120 5.8 239
130 7.4 313
140 15.9 472
150 8.1 553
160 11.9 672
170 19.9 871
180 17.8 1049
190 17 1219
200 6.4 1283
210 8.6 1369
220 7.9 1448
230 14.3 1591
240 42.2 2013
250 66.3 2676
260 66.1 3337
270 65.2 3989
280 47.9 4468
290 43.7 4905
300 38.5 5290
310 49.9 5789
320 30.9 6098
330 3.7 6135
340 2.8 6163
350 2.7 6190
360 0.9 6199
370 1 6209
380 0 6209
390 0 6209
400 0 6209
410 0 6209
416 0 6209
