0 0.1 5.171912311777761 0 5.171912311777761 5.171912311777761 0 0
10 0.1 2.3622047244094486 0.0 5.171912311777761 2.3622047244094486 5.171912311777761 1
20 0.1 1.5732546705998034 0.0 5.171912311777761 1.5732546705998034 3.767058518093605 2
30 0.1 1.4851485148514851 0.0 5.171912311777761 1.4851485148514851 3.0357905689290043 3
40 0.1 2.06286836935167 0.0 5.171912311777761 1.4851485148514851 2.6481300554096245 4
50 0.1 1.9821605550049552 0.0 5.171912311777761 1.4851485148514851 2.5310777181980333 5
60 0.1 2.75049115913556 0.0 5.171912311777761 1.4851485148514851 2.4395915243325206 6
70 0.1 2.566633761105627 0.0 5.171912311777761 1.4851485148514851 2.484005757875812 7
80 0.1 3.4448818897637796 0.0 5.171912311777761 1.4851485148514851 2.494334258279539 8
90 0.1 3.44149459193707 0.0 5.171912311777761 1.4851485148514851 2.599950661777788 9
100 0.1 2.65748031496063 0.0 5.171912311777761 1.4851485148514851 2.684105054793716 10
110 0.1 5.458089668615984 0.0 5.458089668615984 1.4851485148514851 2.6816846238997987 11
120 0.1 4.043392504930966 0.0 5.458089668615984 1.4851485148514851 2.913051710959481 12
130 0.1 6.673209028459273 0.0 6.673209028459273 1.4851485148514851 3.000001002803441 13
140 0.1 8.097560975609756 0.0 8.097560975609756 1.4851485148514851 3.2623730046360007 14
150 0.1 8.644400785854616 0.0 8.644400785854616 1.4851485148514851 3.584718869367584 15
160 0.1 10.7421875 0.0 10.7421875 1.4851485148514851 3.9009489891480236 16
170 0.1 13.978494623655912 0.0 13.978494623655912 1.4851485148514851 4.303374783904022 17
180 0.1 16.586306653809064 0.0 16.586306653809064 1.4851485148514851 4.8408814416680155 18
190 0.1 20.52274927395934 0.0 20.52274927395934 1.4851485148514851 5.459061715991228 19
200 0.1 23.919308357348704 0.0 23.919308357348704 1.4851485148514851 6.212246093889634 20
210 0.1 23.82297551789077 0.0 23.919308357348704 1.4851485148514851 7.055439535006733 21
220 0.1 28.095238095238095 0.0 28.095238095238095 1.4851485148514851 7.817600261501462 22
230 0.1 34.74178403755869 0.0 34.74178403755869 1.4851485148514851 8.699236689055228 23
240 0.1 40.59040590405904 0.0 40.59040590405904 1.4851485148514851 9.784342828576206 24
250 0.1 37.988826815642454 0.0 40.59040590405904 1.4851485148514851 11.016585351595518 25
260 0.1 34.45692883895131 0.0 40.59040590405904 1.4851485148514851 12.053979254058863 26
270 0.1 31.296992481203006 0.0 40.59040590405904 1.4851485148514851 12.883718127573397 27
280 0.1 24.23954372623574 0.0 40.59040590405904 1.4851485148514851 13.541335068774455 28
290 0.1 19.6926032660903 0.0 40.59040590405904 1.4851485148514851 13.910238815583465 29
300 0.1 18.331716779825413 0.0 40.59040590405904 1.4851485148514851 14.102984297267026 30
310 0.1 15.17509727626459 0.0 40.59040590405904 1.4851485148514851 14.239395022510845 31
320 0.1 14.638971315529178 0.0 40.59040590405904 1.4851485148514851 14.268635717940649 32
330 0.1 4.8732943469785575 0.0 40.59040590405904 1.4851485148514851 14.279858008776666 33
340 0.1 2.65748031496063 0.0 40.59040590405904 1.4851485148514851 14.003194371664957 34
350 0.1 1.2833168805528135 0.0 40.59040590405904 1.2833168805528135 13.679031112901978 35
360 0.1 1.1869436201780417 0.0 40.59040590405904 1.1869436201780417 13.334705717558945 36
370 0.1 1.085883514313919 0.0 40.59040590405904 1.085883514313919 13.006387823035137 37
380 0.1 0.9891196834817012 0.0 40.59040590405904 0.9891196834817012 12.692690341226685 38
390 0.1 0.9861932938856016 0.0 40.59040590405904 0.9861932938856016 12.39259878589989 39
400 0.1 0.8884501480750246 0.0 40.59040590405904 0.8884501480750246 12.107438648599533 40
410 0.1 0.8884501480750246 0.0 40.59040590405904 0.8884501480750246 11.833804782733083 41
