0 0.1 0.0 0 0.0 0.0 0 0
10 0.1 0.0 0.0 0.0 0.0 0.0 1
20 0.1 0.0 0.0 0.0 0.0 0.0 2
30 0.1 0.0 0.0 0.0 0.0 0.0 3
40 0.1 0.0 0.0 0.0 0.0 0.0 4
50 0.1 0.0 0.0 0.0 0.0 0.0 5
60 0.1 0.0 0.0 0.0 0.0 0.0 6
70 0.1 0.0 0.0 0.0 0.0 0.0 7
80 0.1 0.0 0.0 0.0 0.0 0.0 8
90 0.1 0.0 0.0 0.0 0.0 0.0 9
100 0.1 0.0 0.0 0.0 0.0 0.0 10
110 0.1 0.078125 0.0 0.078125 0.0 0.0 11
120 0.1 0.05859375 0.0 0.078125 0.0 0.006510416666666667 12
130 0.1 0.05078125 0.0 0.078125 0.0 0.010516826923076924 13
140 0.1 0.05078125 0.0 0.078125 0.0 0.013392857142857142 14
150 0.1 0.0390625 0.0 0.078125 0.0 0.015885416666666666 15
160 0.1 0.03125 0.0 0.078125 0.0 0.017333984375 16
170 0.1 0.1015625 0.0 0.1015625 0.0 0.018152573529411766 17
180 0.1 0.16015625 0.0 0.16015625 0.0 0.022786458333333332 18
190 0.1 0.2109375 0.0 0.2109375 0.0 0.030016447368421052 19
200 0.1 0.37890625 0.0 0.37890625 0.0 0.0390625 20
210 0.1 0.390625 0.0 0.390625 0.0 0.05524553571428571 21
220 0.1 0.48828125 0.0 0.48828125 0.0 0.07049005681818182 22
230 0.1 0.48828125 0.0 0.48828125 0.0 0.08865489130434782 23
240 0.1 0.41015625 0.0 0.48828125 0.0 0.10530598958333333 24
250 0.1 0.4296875 0.0 0.48828125 0.0 0.1175 25
260 0.1 0.359375 0.0 0.48828125 0.0 0.12950721153846154 26
270 0.1 0.30859375 0.0 0.48828125 0.0 0.13802083333333334 27
280 0.1 0.26171875 0.0 0.48828125 0.0 0.14411272321428573 28
290 0.1 0.21875 0.0 0.48828125 0.0 0.14816810344827586 29
300 0.1 0.26171875 0.0 0.48828125 0.0 0.15052083333333333 30
310 0.1 0.21875 0.0 0.48828125 0.0 0.1541078629032258 31
320 0.1 0.19140625 0.0 0.48828125 0.0 0.1561279296875 32
330 0.1 0.16015625 0.0 0.48828125 0.0 0.1571969696969697 33
340 0.1 0.12890625 0.0 0.48828125 0.0 0.15728400735294118 34
350 0.1 0.109375 0.0 0.48828125 0.0 0.15647321428571428 35
360 0.1 0.1015625 0.0 0.48828125 0.0 0.15516493055555555 36
370 0.1 0.078125 0.0 0.48828125 0.0 0.15371621621621623 37
380 0.1 0.0703125 0.0 0.48828125 0.0 0.15172697368421054 38
390 0.1 0.05859375 0.0 0.48828125 0.0 0.14963942307692307 39
400 0.1 0.05078125 0.0 0.48828125 0.0 0.14736328125 40
410 0.1 0.0390625 0.0 0.48828125 0.0 0.14500762195121952 41
