0 1.4 74.07334681919642 145.3786597684076 568.282958984375 10.689208984375 0 0
10 2.5 139.6681640625 223.4845554440638 599.23486328125 9.94091796875 74.07334681919642 14
20 6.3 88.43725198412696 185.96243609648593 797.6708984375 9.31201171875 116.12130659054488 39
30 5.4 98.47722258391204 187.60201454350033 797.6708984375 8.373046875 99.02233168658087 102
40 13 92.65282827524035 266.1988619379587 1973.14111328125 8.373046875 98.83364007411858 156
50 13.6 91.83695714613971 193.60217449514928 1973.14111328125 8.373046875 96.02418016553756 286
60 13.9 86.09178633655578 256.3247756994672 1973.14111328125 8.373046875 94.6747433630776 422
70 23.3 79.52094370305797 180.85777622722046 1973.14111328125 7.864990234375 92.54812834224599 561
80 22.9 107.45257168565774 228.70592042891346 1973.14111328125 7.6279296875 88.72528952495277 794
90 16.3 105.17878283167175 218.47125514369512 1973.14111328125 7.6279296875 92.91741818067266 1023
100 26.5 79.0109780365566 191.60979202712514 1973.14111328125 7.6279296875 94.60258043877793 1186
110 30.5 62.7633140689037 141.85236379893757 1973.14111328125 7.6279296875 91.75504450729024 1451
120 44.3 73.57763782096511 191.4085943024726 2112.8720703125 7.3740234375 86.71946490381193 1756
130 59.1 132.1762670526649 292.05325784119657 2640.764892578125 7.3740234375 84.07197540963224 2199
140 80.7 119.1939889371322 316.97229455835514 4663.5859375 7.3740234375 94.26180923079077 2790
150 83.7 114.82190918552122 258.3752665275067 4663.5859375 7.3740234375 99.85543420243869 3597
160 109 129.07670943233975 329.65452467807233 4663.5859375 7.3740234375 102.68063482509093 4434
170 143.5 148.33458545432288 343.3885396572549 6145.154052734375 7.3740234375 107.8891289094322 5524
180 167.5 161.85025550956166 361.83000128624957 6145.154052734375 7.3740234375 116.22929705743022 6959
190 190.1 350.3798662453558 596.553685270431 6145.154052734375 7.3740234375 125.07978413263523 8634
200 148.4 1863.3589859214421 1485.166709683548 11268.89892578125 1.656005859375 165.7343124758988 10535
210 186.3 2916.7825904801134 2053.9649631720604 11566.859130859375 1.555908203125 375.34201822456225 12019
220 305.9 2573.0616394023045 2755.8857624660864 12627.801025390625 1.426025390625 716.4098604743888 13882
230 378.6 2114.221552006981 2904.643607021301 14423.787109375 1.197998046875 1051.6614862190613 16941
240 474.8 1945.886803181108 2283.870240488051 14423.787109375 1.197998046875 1245.7490246507236 20727
250 413.7 1923.7472530196242 1611.6473760913188 14423.787109375 1.197998046875 1376.2398655717154 25475
260 407.3 1924.6448599077576 1925.60899022803 14423.787109375 1.197998046875 1452.7304120350411 29612
270 364.7 1904.1217836631556 1964.4710315295251 14423.787109375 1.197998046875 1509.791642439838 33685
280 276.2 2805.8519191645273 2942.6217154851233 15278.5791015625 1.197998046875 1548.3141439142148 37332
290 235.8 2956.296427926535 3037.157149100345 16717.492919921875 1.197998046875 1634.9435481951887 40094
300 219.8 2716.5677908983357 2978.149765133287 16717.492919921875 1.197998046875 1708.3382078203306 42452
310 248.5 1774.27944345762 2303.331372666536 16717.492919921875 1.197998046875 1757.9706517980565 44650
320 140.5 441.7168877543928 829.3817580907677 16717.492919921875 1.197998046875 1758.8304661032228 47135
330 23 27.65818826426632 90.23148707819624 16717.492919921875 1.197998046875 1720.706350372277 48540
340 13.1 34.68491695491412 106.06700342710681 16717.492919921875 1.197998046875 1712.721911633609 48770
350 6.6 17.46943433357008 6.175743581271497 16717.492919921875 1.197998046875 1708.2266488311527 48901
360 5.4 14.853126808449074 6.4528428082651885 16717.492919921875 1.197998046875 1705.9477676222398 48967
370 2.1 25.5380859375 34.04493214273274 16717.492919921875 1.197998046875 1704.0849106710568 49021
380 0 0 0 16717.492919921875 1.197998046875 1703.3661495414249 49042
390 0 0 0 16717.492919921875 1.197998046875 1703.3661495414249 49042
400 0 0 0 16717.492919921875 1.197998046875 1703.3661495414249 49042
410 1.7 11.761761833639707 4.363212159606594 16717.492919921875 1.197998046875 1703.3661495414249 49042
416 1.7 12.504825367647058 4.630589916130756 16717.492919921875 1.197998046875 1702.779972191886 49059
