10 0.1 98 0 98 98 0 0
20 0.1 222.0 0.0 222 98 98.0 1
30 0.1 235.0 0.0 235 98 160.0 2
40 0.1 330.0 0.0 330 98 185.0 3
50 0.1 615.0 0.0 615 98 221.25 4
60 0.1 642.0 0.0 642 98 300.0 5
70 0.1 698.0 0.0 698 98 357.0 6
80 0.1 1101.0 0.0 1101 98 405.7142857142857 7
90 0.1 1012.0 0.0 1101 98 492.625 8
100 0.1 809.0 0.0 1101 98 550.3333333333334 9
110 0.1 1344.0 0.0 1344 98 576.2 10
120 0.1 1411.0 0.0 1411 98 646.0 11
130 0.1 2427.0 0.0 2427 98 709.75 12
140 0.1 3106.0 0.0 3106 98 841.8461538461538 13
150 0.1 3914.0 0.0 3914 98 1003.5714285714286 14
160 0.1 4409.0 0.0 4409 98 1197.6 15
170 0.1 6202.0 0.0 6202 98 1398.3125 16
180 0.1 7119.0 0.0 7119 98 1680.8823529411766 17
190 0.1 9577.0 0.0 9577 98 1983.0 18
200 0.1 10284.0 0.0 10284 98 2382.684210526316 19
210 0.1 9451.0 0.0 10284 98 2777.75 20
220 0.1 11817.0 0.0 11817 98 3095.5238095238096 21
230 0.1 12916.0 0.0 12916 98 3491.9545454545455 22
240 0.1 15570.0 0.0 15570 98 3901.695652173913 23
250 0.1 17130.0 0.0 17130 98 4387.875 24
260 0.1 16295.0 0.0 17130 98 4897.56 25
270 0.1 15020.0 0.0 17130 98 5335.923076923077 26
280 0.1 11785.0 0.0 17130 98 5694.592592592592 27
290 0.1 10314.0 0.0 17130 98 5912.107142857143 28
300 0.1 11875.0 0.0 17130 98 6063.896551724138 29
310 0.1 10214.0 0.0 17130 98 6257.6 30
320 0.1 12179.0 0.0 17130 98 6385.225806451613 31
330 0.1 1657.0 0.0 17130 98 6566.28125 32
340 0.1 750.0 0.0 17130 98 6417.515151515152 33
350 0.1 280.0 0.0 17130 98 6250.823529411765 34
360 0.1 167.0 0.0 17130 98 6080.228571428572 35
370 0.1 136.0 0.0 17130 98 5915.972222222223 36
380 0.1 86.0 0.0 17130 86 5759.756756756757 37
390 0.1 3.0 0.0 17130 3 5610.4473684210525 38
400 0.1 3.0 0.0 17130 3 5466.666666666667 39
410 0.1 2.0 0.0 17130 2 5330.075 40
