10 0.1 13281.93701171875 0 13281.93701171875 13281.93701171875 0 0
20 0.1 21202.81005859375 0.0 21202.81005859375 13281.93701171875 13281.93701171875 1
30 0.1 32351.77099609375 0.0 32351.77099609375 13281.93701171875 17242.37353515625 2
40 0.5 24619.560986328124 12237.883617793683 39296.511962890625 7595.39599609375 22278.83935546875 3
50 0.5 40605.66005859375 11707.586818384218 49769.656982421875 7595.39599609375 23741.79037475586 8
60 0.6 32343.927693684895 14116.548785374142 54062.301025390625 7595.39599609375 30227.894099308895 13
70 1.3 37615.713191105766 10983.416314499584 60369.072021484375 7595.39599609375 30896.115234375 19
80 1.8 40797.90421549479 18130.800058245786 81053.48608398438 7595.39599609375 33625.951904296875 32
90 1.3 50367.82645357572 12217.980557048122 81422.94287109375 7595.39599609375 36207.854736328125 50
100 1.4 44368.08297293527 14340.663457288187 81422.94287109375 7595.39599609375 39129.753662109375 63
110 2 38392.55081787108 16050.516986351111 81422.94287109375 4965.964111328125 40082.17717316863 77
120 1.9 45447.17728464227 18481.389957987754 87758.287109375 4965.964111328125 39733.80060506604 97
130 3.2 38459.35331726074 16848.55229515937 87758.287109375 4965.964111328125 40669.61230258284 116
140 3.6 37366.717658148875 19830.812995620396 87758.287109375 4965.964111328125 40191.7184679186 148
150 4.9 39593.54342215404 18001.802823085312 87758.287109375 4965.964111328125 39639.000918181046 184
160 4.9 34876.76112085459 11487.382953690798 87758.287109375 4965.964111328125 39629.44118725692 233
170 6.8 38472.020127240336 14866.038401770751 87758.287109375 4965.964111328125 38803.62089203098 282
180 7.8 39778.07938326321 17801.544833167492 90328.93286132813 4965.964111328125 38739.19560058594 350
190 6.7 42494.64929017023 15936.870514441012 92442.62182617188 4965.964111328125 38928.5248880832 428
200 5.5 45793.13249733663 14856.635202448688 104087.27099609375 4965.964111328125 39411.21243341619 495
210 6.6 51720.892848159325 14831.399605318971 104087.27099609375 4965.964111328125 40049.40443980824 550
220 9.6 53093.76331837972 17926.841191764932 104087.27099609375 4965.964111328125 41299.921054988714 616
230 15.4 53679.4472434304 17803.89713258356 104087.27099609375 4965.964111328125 42890.10203432233 712
240 19.2 55687.44365564982 17199.599354661335 116690.69897460938 4965.964111328125 44808.761574972035 866
250 23.1 54322.57369981906 17501.315679974465 116690.69897460938 4965.964111328125 46782.964750293526 1058
260 32.7 58941.20146305189 19609.819568802883 116690.69897460938 4965.964111328125 48134.12818500291 1289
270 32.7 62161.016666517346 18991.018032841814 141790.24194335938 4965.964111328125 50320.95551292495 1616
280 32.8 65484.26802546804 17166.379231570176 141790.24194335938 4965.964111328125 52313.59575853726 1943
290 32.7 74523.04551393469 16284.817878995304 141790.24194335938 4965.964111328125 54215.83288031325 2271
300 38.9 79027.82730471247 14678.26904916905 141790.24194335938 4965.964111328125 56771.82153743189 2598
310 38.8 89117.7098634071 15622.304873564583 157437.11401367188 4965.964111328125 59670.243446863475 2987
320 28.8 94437.03269958495 12455.77399477748 157437.11401367188 4965.964111328125 63055.61143786167 3375
330 5.3 101608.19235056751 10765.716745212938 157437.11401367188 4965.964111328125 65522.94677047874 3663
340 2.5 108469.7648046875 11423.344279397805 157437.11401367188 4965.964111328125 66037.61792649185 3716
350 1.2 125161.20574951172 19807.57164822392 183430.81884765625 4965.964111328125 66321.17945334426 3741
360 0.4 138353.88549804688 12839.77984996993 183430.81884765625 4965.964111328125 66509.31702743273 3753
370 0.2 144138.3594970703 9044.684448242188 183430.81884765625 4965.964111328125 66585.80844981293 3757
380 0 0 0 183430.81884765625 4965.964111328125 66627.07078077715 3759
390 0 0 0 183430.81884765625 4965.964111328125 66627.07078077715 3759
400 0 0 0 183430.81884765625 4965.964111328125 66627.07078077715 3759
410 0.1 186608.1298828125 0.0 186608.1298828125 4965.964111328125 66627.07078077715 3759
416 0.1 177603.71411132813 0.0 186608.1298828125 4965.964111328125 66658.9806369213 3760
