0 32.090625 32.090625
10 78.40546875 110.49609375
20 171.0375 281.53359375
30 143.5734375 425.10703125
40 371.53203125 796.6390625
50 354.75390625 1151.39296875
60 367.534375 1518.92734375
70 665.78984375 2184.7171875
80 687.19921875 2871.91640625
90 534.0328125 3405.94921875
100 718.7875 4124.73671875
110 860.5265625 4985.26328125
120 1208.70859375 6193.971875
130 1768.240625 7962.2125
140 2337.7625 10299.975
150 2505.55 12805.525
160 2998.9546875 15804.4796875
170 3918.65859375 19723.13828125
180 4410.26953125 24133.4078125
190 5047.48671875 29180.89453125
200 3847.00703125 33027.9015625
210 4198.11875 37226.0203125
220 5067.30234375 42293.32265625
230 4847.34609375 47140.66875
240 6645.43203125 53786.10078125
250 5859.2125 59645.31328125
260 5457.14375 65102.45703125
270 5021.5265625 70123.98359375
280 4006.70859375 74130.6921875
290 3869.39296875 78000.08515625
300 4052.096875 82052.18203125
310 4688.85078125 86741.0328125
320 2818.215625 89559.2484375
330 473.28671875 90032.53515625
340 307.2984375 90339.83359375
350 177.91875 90517.75234375
360 111.06171875 90628.8140625
370 52.2 90681.0140625
380 0 90681.0140625
390 0 90681.0140625
400 0 90681.0140625
410 22.41796875 90703.43203125
416 21.453125 90724.88515625
