10 0.2 17.116943359375 2.97802734375 20.094970703125 14.138916015625 0 0
20 0 0 0 20.094970703125 14.138916015625 17.116943359375 2
30 0.1 18.0400390625 0.0 20.094970703125 14.138916015625 17.116943359375 2
40 0.2 128.5845947265625 109.3675537109375 237.9521484375 14.138916015625 17.424641927083332 3
50 0.3 57.192301432291664 42.45941187646402 237.9521484375 14.138916015625 61.888623046875 5
60 0.8 15.695770263671875 3.4340074405789425 237.9521484375 12.384033203125 60.12750244140625 8
70 0.5 25.383154296875 20.508197976171644 237.9521484375 12.384033203125 37.91163635253906 16
80 0.7 48.64306640625 68.32903833568005 237.9521484375 12.384033203125 34.92866443452381 21
90 0.5 15.556201171875 2.5122300425255024 237.9521484375 11.751953125 38.357264927455354 28
100 0.6 13.390421549479166 0.9896825213665598 237.9521484375 11.751953125 34.90255829782197 33
110 1.1 45.83396218039773 51.114697050897384 237.9521484375 11.344970703125 31.592998798076923 39
120 0.7 26.542515345982142 14.825073080535546 237.9521484375 11.344970703125 34.7260107421875 50
130 1.2 76.93243408203125 156.52702351746626 594.294921875 11.344970703125 33.72102007949562 57
140 2.5 52.98126953125 66.74090374347564 594.294921875 11.344970703125 41.236048601675726 69
150 2.8 85.00005231584821 104.65666438743774 594.294921875 11.344970703125 44.35977757230718 94
160 2.4 104.5692138671875 158.64517048937634 611.364013671875 11.344970703125 53.68705374295594 122
170 3.3 58.58172052556818 43.938577521247225 611.364013671875 11.344970703125 62.05124444830908 146
180 4.2 78.86017136346729 59.563793020377844 611.364013671875 11.344970703125 61.41161154635126 179
190 4.3 274.71873296693315 313.9086241559515 1132.223876953125 11.344970703125 64.72762743919684 221
200 3.4 1611.5405919692096 970.783986198413 3306.048095703125 11.344970703125 98.93072417288116 264
210 4.3 2393.8235942042147 1321.5227052917592 6118.079833984375 4.976806640625 271.51037351877096 298
220 8.1 2290.348512249228 2431.6676311000465 7379.140869140625 1.758056640625 539.1334482679619 341
230 10.2 1473.3748228783695 2199.31114440049 7379.140869140625 1.529052734375 875.2671453828495 422
240 15.7 1710.3524053294188 1588.1200364246745 7379.140869140625 1.529052734375 991.692685658695 524
250 17.7 1582.1070480777719 1084.3893646059296 7379.140869140625 1.529052734375 1157.3748824109764 681
260 13.7 2049.6954604100133 1475.2594481746007 7379.140869140625 1.529052734375 1244.9944550485322 858
270 9.1 1340.2333018543954 1310.3026737321409 7379.140869140625 1.529052734375 1355.7924829224246 995
280 3.1 2506.0951912172377 2419.4076569692174 8159.36181640625 1.529052734375 1354.4887209728936 1086
290 1.2 4026.5560709635415 2509.3269333013513 9144.809814453125 1.529052734375 1386.4491512124412 1117
300 0.5 2419.92158203125 2223.376095729374 9144.809814453125 1.529052734375 1414.5105179414165 1129
310 0.7 1785.6114676339287 2080.506171977847 9144.809814453125 1.529052734375 1418.9435473245287 1134
320 0.3 26.854654947916668 9.812231396955907 9144.809814453125 1.529052734375 1421.1930437681447 1141
330 0 0 0 9144.809814453125 1.529052734375 1417.5365619792806 1144
340 0 0 0 9144.809814453125 1.529052734375 1417.5365619792806 1144
350 0 0 0 9144.809814453125 1.529052734375 1417.5365619792806 1144
360 0 0 0 9144.809814453125 1.529052734375 1417.5365619792806 1144
370 0 0 0 9144.809814453125 1.529052734375 1417.5365619792806 1144
380 0 0 0 9144.809814453125 1.529052734375 1417.5365619792806 1144
390 0 0 0 9144.809814453125 1.529052734375 1417.5365619792806 1144
400 0 0 0 9144.809814453125 1.529052734375 1417.5365619792806 1144
410 0 0 0 9144.809814453125 1.529052734375 1417.5365619792806 1144
416 0 0 0 9144.809814453125 1.529052734375 1417.5365619792806 1144
