20 0.8 10.597076416015625 3.5876597213111534 20.073974609375 8.81201171875 0 0
30 0 0 0 20.073974609375 8.81201171875 10.597076416015625 8
40 2.4 11.047810872395834 4.327310854904294 26.158935546875 7.809814453125 10.597076416015625 8
50 0 0 0 26.158935546875 7.809814453125 10.935127258300781 32
60 1.6 18.629318237304688 33.36298720612642 146.41796875 7.809814453125 10.935127258300781 32
70 1.6 10.87255859375 4.413238342111686 146.41796875 7.701904296875 13.499857584635416 48
80 2 12.26907958984375 4.373495896011904 146.41796875 7.701904296875 12.843032836914063 64
90 1.2 12.686848958333334 7.686047223123006 146.41796875 7.701904296875 12.706377301897321 84
100 0.8 14.222625732421875 7.470456089535461 146.41796875 7.701904296875 12.703936258951822 96
110 3.1 9.543102633568548 2.8948834772522227 146.41796875 7.154052734375 12.820758526141827 104
120 4.3 17.18161791424419 11.774343667189004 146.41796875 7.02099609375 12.068111617476852 135
130 5.4 21.995103624131943 16.950210166624014 146.41796875 6.630126953125 13.303396846471207 178
140 12.8 26.59349250793457 25.042482370284105 195.81396484375 6.630126953125 15.326466527478448 232
150 6.1 19.772364882172134 9.657093620138465 195.81396484375 6.630126953125 19.3325202094184 360
160 9.3 22.7757555233535 12.691272277937136 195.81396484375 6.630126953125 19.396250672691504 421
170 15.8 54.09991377818434 56.80945335624807 324.2958984375 6.630126953125 20.007717503647857 514
180 13.8 36.96911798007249 32.54622018022146 324.2958984375 6.630126953125 28.02344222295852 672
190 11.7 86.27670105502142 136.12110046085442 1136.012939453125 6.630126953125 29.54752031491127 810
200 2.3 999.1827445652174 767.502189236018 3118.85107421875 6.630126953125 36.70751400055624 927
210 3.3 1969.2903719815336 1354.271776713589 4657.31201171875 1.679931640625 60.00954589843751 950
220 14.8 785.4155240445523 1612.8410897953875 7171.138916015625 1.572998046875 124.10544341699517 983
230 16.8 1065.292332240513 2041.0665899340281 7339.02197265625 1.52197265625 210.64292523209548 1131
240 32 859.5047309875487 1473.5103263888723 7339.02197265625 1.4970703125 321.17495015697165 1299
250 29.2 1307.8124113736087 1122.373158508557 7339.02197265625 1.458984375 427.5773774984075 1619
260 55.9 1065.81133083282 1328.3179471866392 7339.02197265625 1.458984375 562.076922182635 1911
270 57.8 1275.8520655648515 1306.8795047230926 7339.02197265625 1.458984375 676.0799725613612 2470
280 45.9 2068.780580341945 2010.3971781641017 8727.362060546875 1.43505859375 789.8162815364324 3048
290 53.9 1691.7999790736608 1882.945003456151 8727.362060546875 1.43505859375 957.2085293698314 3507
300 58 1486.8330448545264 1933.8089870826836 8727.362060546875 1.43505859375 1055.0693280327982 4046
310 90.8 892.4101949683377 1189.4857677177527 8727.362060546875 1.43505859375 1109.2031273749085 4626
320 57 229.65222810444044 180.6600580111353 8727.362060546875 1.43505859375 1073.6324763765047 5534
330 5 10.441318359375 4.965197674003794 8727.362060546875 1.43505859375 994.8204282908107 6104
340 3.8 9.011635228207236 3.0125497806571433 8727.362060546875 1.43505859375 986.8225479696258 6154
350 2.4 10.470611572265625 1.910195466365795 8727.362060546875 1.43505859375 980.8217704043523 6192
360 2.4 9.517690022786459 3.177768104512677 8727.362060546875 1.43505859375 977.075240833572 6216
370 0.8 9.780670166015625 3.359766977058434 8727.362060546875 1.43505859375 973.3538656381459 6240
380 0 0 0 8727.362060546875 1.43505859375 972.1200971420228 6248
390 0 0 0 8727.362060546875 1.43505859375 972.1200971420228 6248
400 0 0 0 8727.362060546875 1.43505859375 972.1200971420228 6248
410 0.8 6.89044189453125 0.8544203526410932 8727.362060546875 1.43505859375 972.1200971420228 6248
416 0.8 7.65277099609375 0.25951731437139214 8727.362060546875 1.43505859375 970.8857881199672 6256
