10 0.1 17.864990234375 0 17.864990234375 17.864990234375 0 0
20 0 0 0 17.864990234375 17.864990234375 17.864990234375 1
30 0 0 0 17.864990234375 17.864990234375 17.864990234375 1
40 0.3 39.466634114583336 30.346880365541736 82.363037109375 16.867919921875 17.864990234375 1
50 0 0 0 82.363037109375 16.867919921875 34.06622314453125 4
60 0.2 21.0015869140625 3.7774658203125 82.363037109375 16.867919921875 34.06622314453125 4
70 0.2 17.761474609375 1.234375 82.363037109375 16.527099609375 29.711344401041668 6
80 0.3 46.723958333333336 34.420496538170205 95.166015625 16.527099609375 26.723876953125 8
90 0.1 33.0009765625 0.0 95.166015625 16.527099609375 32.17844460227273 11
100 0.1 18.2509765625 0.0 95.166015625 16.527099609375 32.246988932291664 12
110 0.4 19.96051025390625 4.956218314264977 95.166015625 15.56396484375 31.170372596153847 13
120 0.6 30.1937255859375 24.611258555895386 95.166015625 14.303955078125 28.532757927389707 17
130 0.7 99.33499581473214 79.67770776880867 202.70703125 14.303955078125 28.96605383831522 23
140 1.5 50.92509765625 31.310019846426318 202.70703125 14.303955078125 45.3854736328125 30
150 0.8 34.6605224609375 11.525834587479002 202.70703125 14.303955078125 47.232014973958336 45
160 1.3 54.15593073918269 42.264094986717 202.70703125 14.303955078125 45.33443119840802 53
170 1.8 124.95967610677083 113.02737306939038 355.653076171875 14.303955078125 47.07199928977273 66
180 1.8 98.10978190104167 116.59172677145749 544.3759765625 14.303955078125 63.762215750558035 84
190 1.8 161.11288791232639 145.7665492897785 561.805908203125 14.303955078125 69.82355095358456 102
200 1.9 1575.152896278783 944.1633435093121 3239.13720703125 14.303955078125 83.51695149739584 120
210 1.8 2791.634806315104 1640.6820791668565 5841.619873046875 6.781982421875 287.40963459700987 139
220 2.8 1924.5431082589287 2449.7535742098944 7057.76611328125 2.110107421875 574.5182530105494 157
230 3.2 1040.5941162109375 1742.6628392229677 7057.76611328125 2.02099609375 778.8463392103041 185
240 6.7 1425.5436865963154 1648.9732489258124 7057.76611328125 1.948974609375 817.4450897357431 217
250 7.7 1635.8000329748377 1118.6819170291885 7057.76611328125 1.81005859375 960.9049699810189 284
260 11.6 1525.8898483802532 1395.930194702937 7057.76611328125 1.68896484375 1104.8576565475676 361
270 9.5 1632.7812217310852 1581.7195298767276 7057.76611328125 1.68896484375 1207.2470365320362 477
280 5.5 2408.7374689275566 2126.0681105076533 7718.433837890625 1.68896484375 1277.9214204374728 572
290 5.2 3109.9574538010816 2601.3138371062637 8684.94189453125 1.68896484375 1377.1158106559012 627
300 4.2 2225.1034458705362 1955.8991465122704 8684.94189453125 1.68896484375 1509.822387155974 679
310 2.8 1458.9613996233259 1682.6386386861561 8684.94189453125 1.68896484375 1551.489244945172 721
320 1.4 98.54377092633929 185.42796189518393 8684.94189453125 1.68896484375 1548.0302600733273 749
330 0.7 14.633719308035714 5.913178098952283 8684.94189453125 1.68896484375 1521.4341777036577 763
340 0.4 14.607177734375 4.592090654082065 8684.94189453125 1.68896484375 1507.735991718243 770
350 0.3 20.763997395833332 6.181076110272776 8684.94189453125 1.68896484375 1500.0195637389982 774
360 0.3 16.842692057291668 7.7729945539561225 8684.94189453125 1.68896484375 1494.3081522859359 777
370 0.1 16.554931640625 0.0 8684.94189453125 1.68896484375 1488.625592823518 780
380 0 0 0 8684.94189453125 1.68896484375 1486.740739224052 781
390 0 0 0 8684.94189453125 1.68896484375 1486.740739224052 781
400 0 0 0 8684.94189453125 1.68896484375 1486.740739224052 781
410 0.1 12.64599609375 0.0 8684.94189453125 1.68896484375 1486.740739224052 781
416 0.1 12.676025390625 0.0 8684.94189453125 1.68896484375 1484.8557075832205 782
