20 0.1 797.804931640625 0 797.804931640625 797.804931640625 0 0
30 0.1 703.513916015625 0.0 797.804931640625 703.513916015625 797.804931640625 1
40 0 0 0 797.804931640625 703.513916015625 750.659423828125 2
50 0.2 748.0264892578125 41.4334716796875 797.804931640625 703.513916015625 750.659423828125 2
60 0.3 1133.8627115885417 592.1338981205969 1971.14404296875 702.820068359375 749.3429565429688 4
70 0.3 585.8937174479166 198.53468030053682 1971.14404296875 305.416015625 914.1371372767857 7
80 0.7 840.7920619419643 122.46134180674268 1971.14404296875 305.416015625 815.664111328125 10
90 0.8 731.342041015625 258.2442495204023 1971.14404296875 292.533935546875 826.0109145220588 17
100 0.4 722.6483154296875 23.37683450702382 1971.14404296875 292.533935546875 795.716875 25
110 0.5 614.072021484375 208.80450964188725 1971.14404296875 197.636962890625 785.6384529903017 29
120 0.6 989.1461995442709 618.3794759218536 2112.968017578125 197.636962890625 760.4080954159008 34
130 1.3 911.9363544170673 485.0113714255477 2321.47607421875 197.636962890625 794.7188110351563 40
140 1.2 1091.4896240234375 1118.86914745063 4663.64599609375 197.636962890625 823.4702839401533 53
150 1.9 991.9720523231908 609.2870644427629 4663.64599609375 197.636962890625 872.9507774939904 65
160 1.9 1157.7776649876644 514.6373245013622 4663.64599609375 197.636962890625 899.8722563244048 84
170 2.1 1304.8929385230654 333.1823245277076 4663.64599609375 197.636962890625 947.4470404467536 103
180 2.9 1828.599853515625 401.53687347471106 4663.64599609375 197.636962890625 1007.9822328629032 124
190 2.3 3651.781589673913 1152.4938492212466 6021.663818359375 197.636962890625 1163.5241348166871 153
200 2.6 6718.981905423678 1113.9021195424068 8810.072021484375 197.636962890625 1488.6941431218927 176
210 2.8 7749.830575125558 2120.9627705176163 10568.380126953125 2.1220703125 2161.8994986656867 202
220 4.8 5766.791819254555 4433.91027986851 12520.618896484375 1.77099609375 2842.16936884341 230
230 5.9 4169.78269001589 5310.172154861489 14377.540771484375 1.705078125 3347.1401516482124 278
240 8.2 3629.05307676734 4450.756776810143 14377.540771484375 1.6259765625 3491.163622757094 337
250 13.2 2454.1350966944847 2640.5309084277183 14377.540771484375 1.6259765625 3518.1491483629175 419
260 13.9 3062.4813768126114 3142.9680494274508 14377.540771484375 1.6259765625 3263.2492303588647 551
270 13.8 2870.508748372397 3132.078982110111 14377.540771484375 1.6259765625 3222.8046917459237 690
280 11.6 3946.4722984577047 4161.570810758418 15278.63720703125 1.567138671875 3164.0887011836694 828
290 7 5072.7171456473225 4579.63278301248 16717.55810546875 1.567138671875 3260.2290584758175 944
300 5.5 6965.742134232954 4115.727780017357 16717.55810546875 1.567138671875 3385.351510252943 1014
310 4.6 5183.237623131793 3882.878512860661 16717.55810546875 1.567138671875 3569.562440392233 1069
320 2.1 3230.017415364582 2751.0363662292757 16717.55810546875 1.567138671875 3636.135586944717 1115
330 0.4 577.3335571289063 335.6239210111607 16717.55810546875 1.567138671875 3628.628120744732 1136
340 0.4 529.70751953125 300.91650577159083 16717.55810546875 1.567138671875 3617.9218240302907 1140
350 0 0 0 16717.55810546875 1.567138671875 3607.1238719166577 1144
360 0 0 0 16717.55810546875 1.567138671875 3607.1238719166577 1144
370 0 0 0 16717.55810546875 1.567138671875 3607.1238719166577 1144
380 0 0 0 16717.55810546875 1.567138671875 3607.1238719166577 1144
390 0 0 0 16717.55810546875 1.567138671875 3607.1238719166577 1144
400 0 0 0 16717.55810546875 1.567138671875 3607.1238719166577 1144
410 0 0 0 16717.55810546875 1.567138671875 3607.1238719166577 1144
416 0 0 0 16717.55810546875 1.567138671875 3607.1238719166577 1144
