0 0.7 15.473597935267858 36.01263705938615 103.68603515625 0.64599609375 0 0
10 0.8 0.692840576171875 0.03908546487955956 103.68603515625 0.62890625 15.473597935267858 7
20 1 0.7279541015625 0.03756054917282393 103.68603515625 0.62890625 7.59052734375 15
30 1.1 0.71044921875 0.047341310362130164 103.68603515625 0.62890625 4.845498046875 25
40 2.1 0.6685849144345238 0.06191550832261033 103.68603515625 0.537109375 3.5820109049479165 36
50 1.6 0.70404052734375 0.1006102116006879 103.68603515625 0.537109375 2.508643434758772 57
60 1.4 0.6581159319196427 0.06475499177390003 103.68603515625 0.537109375 2.113114030393836 73
70 1.4 0.6851632254464286 0.09603227845777099 103.68603515625 0.537109375 1.8789764053520117 87
80 1.9 0.6926655016447368 0.09615073787315581 103.68603515625 0.537109375 1.713497350711634 101
90 3 0.6691080729166666 0.09711737580270424 103.68603515625 0.537109375 1.5518656412760419 120
100 4.6 0.6309655230978263 0.09673125545257855 103.68603515625 0.510009765625 1.375314127604167 150
110 3.4 0.6159955193014706 0.054407533578156184 103.68603515625 0.510009765625 1.2006200673628828 196
120 6.5 0.645282451923077 0.08534551472017443 103.68603515625 0.510009765625 1.1141973080842391 230
130 8.3 0.5990387330572291 0.05627501258583448 103.68603515625 0.501953125 1.0108770855402542 295
140 8.3 0.6374335231551205 0.10507408686968825 103.68603515625 0.501953125 0.9204469711061508 378
150 11.6 0.5857943830818964 0.07435718972106861 103.68603515625 0.484130859375 0.8694922722342733 461
160 14.8 0.6020227380701012 0.1386164673926039 103.68603515625 0.484130859375 0.8124576879332756 577
170 15 0.9226481119791666 3.740114802765208 103.68603515625 0.484130859375 0.769499932650862 725
180 22 0.593018687855113 0.07581797909261215 103.68603515625 0.484130859375 0.79575390625 875
190 38.5 0.5983994521103893 0.08922124067471415 103.68603515625 0.482177734375 0.7550217162528537 1095
200 39.7 0.6203250452613358 0.5701398193815527 103.68603515625 0.466064453125 0.714278762404983 1480
210 15.9 0.6343049823113207 0.7288677149312089 103.68603515625 0.466064453125 0.6944068254278769 1877
220 6.2 0.5435318485383066 0.058149009081855746 103.68603515625 0.462158203125 0.6897132139074779 2036
230 2.9 0.5454775053879309 0.0512298639614952 103.68603515625 0.462158203125 0.6853932688870352 2098
240 0.3 0.6449381510416666 0.026152565381990706 103.68603515625 0.462158203125 0.6834856256611425 2127
250 0 0 0 103.68603515625 0.462158203125 0.6834313334433686 2130
260 0.3 0.6863606770833334 0.06592831628532235 103.68603515625 0.462158203125 0.6834313334433686 2130
270 0.4 0.67889404296875 0.04027779282737685 103.68603515625 0.462158203125 0.6834354534766175 2133
280 0 0 0 103.68603515625 0.462158203125 0.6834269529422088 2137
290 0.2 0.81298828125 0.01806640625 103.68603515625 0.462158203125 0.6834269529422088 2137
300 0.6 0.813720703125 0.01926340183240376 103.68603515625 0.462158203125 0.6835480949041609 2139
310 0.1 0.778076171875 0.0 103.68603515625 0.462158203125 0.6839122140879954 2145
320 0.2 0.826416015625 0.01953125 103.68603515625 0.462158203125 0.6839560929126866 2146
329 0.2 0.7894287109375 0.0604248046875 103.68603515625 0.462158203125 0.6840887371610221 2148
