0 0.1 6.111185284844253 0 6.111185284844253 6.111185284844253 0 0
10 0.1 2.060843964671246 0.0 6.111185284844253 2.060843964671246 6.111185284844253 1
20 0.1 1.2833168805528135 0.0 6.111185284844253 1.2833168805528135 4.08601462475775 2
30 0.1 1.5794669299111548 0.0 6.111185284844253 1.2833168805528135 3.151782043356105 3
40 0.1 1.5841584158415842 0.0 6.111185284844253 1.2833168805528135 2.758703264994867 4
50 0.1 2.171767028627838 0.0 6.111185284844253 1.2833168805528135 2.5237942951642105 5
60 0.1 2.3738872403560833 0.0 6.111185284844253 1.2833168805528135 2.465123084074815 6
70 0.1 2.0792079207920793 0.0 6.111185284844253 1.2833168805528135 2.452089392114996 7
80 0.1 2.4752475247524752 0.0 6.111185284844253 1.2833168805528135 2.4054792081996315 8
90 0.1 2.6627218934911245 0.0 6.111185284844253 1.2833168805528135 2.4132312433721697 9
100 0.1 2.868447082096934 0.0 6.111185284844253 1.2833168805528135 2.438180308384065 10
110 0.1 3.277060575968222 0.0 6.111185284844253 1.2833168805528135 2.4772954696306897 11
120 0.1 3.9721946375372394 0.0 6.111185284844253 1.2833168805528135 2.543942561825484 12
130 0.1 4.568023833167826 0.0 6.111185284844253 1.2833168805528135 2.6538081061110037 13
140 0.1 5.660377358490567 0.0 6.111185284844253 1.2833168805528135 2.790537800900777 14
150 0.1 7.874015748031496 0.0 7.874015748031496 1.2833168805528135 2.9818604380734297 15
160 0.1 8.721506442021804 0.0 8.721506442021804 1.2833168805528135 3.2876201449458087 16
170 0.1 11.383709519136408 0.0 11.383709519136408 1.2833168805528135 3.607260515362044 17
180 0.1 13.073170731707318 0.0 13.073170731707318 1.2833168805528135 4.039285460016175 18
190 0.1 16.197866149369545 0.0 16.197866149369545 1.2833168805528135 4.514753105894656 19
200 0.1 17.733990147783253 0.0 17.733990147783253 1.2833168805528135 5.098908758068401 20
210 0.1 20.857699805068226 0.0 20.857699805068226 1.2833168805528135 5.700579300435774 21
220 0.1 17.058823529411764 0.0 20.857699805068226 1.2833168805528135 6.389539323373612 22
230 0.1 13.875123885034688 0.0 20.857699805068226 1.2833168805528135 6.853421245375272 23
240 0.1 11.1 0.0 20.857699805068226 1.2833168805528135 7.145992188694414 24
250 0.1 9.831181727904667 0.0 20.857699805068226 1.2833168805528135 7.304152501146637 25
260 0.1 4.671968190854871 0.0 20.857699805068226 1.2833168805528135 7.4013459329450235 26
270 0.1 3.740157480314961 0.0 20.857699805068226 1.2833168805528135 7.300257868423166 27
280 0.1 2.1760633036597428 0.0 20.857699805068226 1.2833168805528135 7.17311142599073 28
290 0.1 1.8700787401574805 0.0 20.857699805068226 1.2833168805528135 7.000799421772419 29
300 0.1 2.0648967551622417 0.0 20.857699805068226 1.2833168805528135 6.829775399051922 30
310 0.1 1.3847675568743818 0.0 20.857699805068226 1.2833168805528135 6.676069636345803 31
320 0.1 1.3820335636722607 0.0 20.857699805068226 1.2833168805528135 6.510716446362321 32
329 0.1 1.2833168805528135 0.0 20.857699805068226 1.2833168805528135 6.355301813553531 33
