0 0.1 3171.1171875 0 3171.1171875 3171.1171875 0 0
10 0.1 3170.42578125 0.0 3171.1171875 3170.42578125 3171.1171875 1
20 0.1 3168.01953125 0.0 3171.1171875 3168.01953125 3170.771484375 2
30 0.1 3166.33203125 0.0 3171.1171875 3166.33203125 3169.8541666666665 3
40 0.1 3164.65234375 0.0 3171.1171875 3164.65234375 3168.9736328125 4
50 0.1 3162.3671875 0.0 3171.1171875 3162.3671875 3168.109375 5
60 0.1 3156.8203125 0.0 3171.1171875 3156.8203125 3167.15234375 6
70 0.1 3156.203125 0.0 3171.1171875 3156.203125 3165.676339285714 7
80 0.1 3154.78515625 0.0 3171.1171875 3154.78515625 3164.4921875 8
90 0.1 3152.62890625 0.0 3171.1171875 3152.62890625 3163.413628472222 9
100 0.1 3151.7890625 0.0 3171.1171875 3151.7890625 3162.33515625 10
110 0.1 3146.4609375 0.0 3171.1171875 3146.4609375 3161.3764204545455 11
120 0.1 3139.6796875 0.0 3171.1171875 3139.6796875 3160.1334635416665 12
130 0.1 3140.63671875 0.0 3171.1171875 3139.6796875 3158.560096153846 13
140 0.1 3129.08203125 0.0 3171.1171875 3129.08203125 3157.279854910714 14
150 0.1 3120.2734375 0.0 3171.1171875 3120.2734375 3155.4 15
160 0.1 3099.66796875 0.0 3171.1171875 3099.66796875 3153.20458984375 16
170 0.1 3088.421875 0.0 3171.1171875 3088.421875 3150.055376838235 17
180 0.1 3061.15625 0.0 3171.1171875 3061.15625 3146.631293402778 18
190 0.1 3042.421875 0.0 3171.1171875 3042.421875 3142.1326069078946 19
200 0.1 3029.12890625 0.0 3171.1171875 3029.12890625 3137.1470703125 20
210 0.1 3015.48046875 0.0 3171.1171875 3015.48046875 3132.003348214286 21
220 0.1 2997.921875 0.0 3171.1171875 2997.921875 3126.706853693182 22
230 0.1 2989.61328125 0.0 3171.1171875 2989.61328125 3121.1075067934785 23
240 0.1 3004.2734375 0.0 3171.1171875 2989.61328125 3115.6285807291665 24
250 0.1 3014.015625 0.0 3171.1171875 2989.61328125 3111.174375 25
260 0.1 3030.0 0.0 3171.1171875 2989.61328125 3107.4375 26
270 0.1 3040.74609375 0.0 3171.1171875 2989.61328125 3104.5694444444443 27
280 0.1 3051.50390625 0.0 3171.1171875 2989.61328125 3102.2900390625 28
290 0.1 3053.50390625 0.0 3171.1171875 2989.61328125 3100.5387931034484 29
300 0.1 3054.3046875 0.0 3171.1171875 2989.61328125 3098.9709635416666 30
310 0.1 3064.9453125 0.0 3171.1171875 2989.61328125 3097.5301159274195 31
320 0.1 3065.5859375 0.0 3171.1171875 2989.61328125 3096.5118408203125 32
329 0.1 3074.6875 0.0 3171.1171875 2989.61328125 3095.5746922348485 33
