0 1.3 35.54839618389423 69.31392322733048 255.2041015625 4.748046875 0 0
10 2.5 13.335419921875 15.442529568729558 255.2041015625 4.748046875 35.54839618389423 13
20 4.8 21.575342814127605 31.444850399331603 255.2041015625 3.8271484375 20.934596011513158 38
30 6.6 15.211355498342803 18.930275253945716 255.2041015625 3.8271484375 21.292222133902616 86
40 10.8 14.31980613425926 17.561403635156058 255.2041015625 3.8271484375 18.651845831620065 152
50 11.3 13.095156509264381 15.164230516272177 255.2041015625 3.751953125 16.852383188100962 260
60 12.6 19.076261005704364 24.243926419071897 255.2041015625 3.7470703125 15.714134891295242 373
70 17.7 20.560013076006346 28.32127364340935 255.2041015625 3.7470703125 16.563088579502754 499
80 14.6 18.151158162992296 23.179964045893183 255.2041015625 3.739013671875 17.60962058524408 676
90 17.3 18.78952820177023 29.9877533830481 255.2041015625 3.674072265625 17.705806091754102 822
100 26.4 13.269888213186553 14.711944290088963 255.2041015625 3.64013671875 17.894232147063438 995
110 32.1 30.289702133226264 68.81809532125843 870.717041015625 3.5859375 16.924552402390287 1259
120 33.1 16.702844717711482 23.09342820039486 870.717041015625 3.5859375 19.639877126186708 1580
130 47.1 27.4060836111664 56.69837148997423 870.717041015625 3.5859375 19.131160366790947 1911
140 54.3 40.20775512920122 71.53771919500494 870.717041015625 3.5859375 20.767385743827404 2382
150 72.3 47.71029625097251 66.74865482472147 870.717041015625 3.5859375 24.376315855368595 2925
160 87.3 96.41989782449171 110.45776603301876 870.717041015625 3.5859375 29.000895851536804 3648
170 93.9 287.9259359503964 206.17976885410675 1177.349853515625 3.5859375 42.0194290792275 4521
180 110.5 618.1955919913037 305.4872779031403 2017.034912109375 0.701904296875 84.309943722456 5460
190 164.1 643.1836809324541 562.0286246011347 2466.403076171875 0.64208984375 174.17188452018283 6565
200 202.8 514.746342826406 506.0670027590098 2466.403076171875 0.63916015625 267.9628128546377 8206
210 182.8 559.9359820009056 485.00985638550037 2466.403076171875 0.512939453125 316.8661740802334 10234
220 175.7 592.6633064560955 448.72731260267585 2466.403076171875 0.512939453125 353.70348206224213 12062
230 142.6 714.2172288292751 410.02858502963215 2466.403076171875 0.512939453125 384.085739205306 13819
240 138.2 546.9840964111685 240.60601060324467 2466.403076171875 0.512939453125 414.9658641120807 15245
250 93.6 149.67958916558155 131.47437066665245 2466.403076171875 0.512939453125 425.9389318355028 16627
260 29.3 11.07831997920222 16.155214670786318 2466.403076171875 0.512939453125 411.2160060973574 17563
270 31.9 13.811165262539188 13.361960934042738 2466.403076171875 0.512939453125 404.65012672725106 17856
280 15.1 10.170246856891556 3.8526230607547514 2466.403076171875 0.512939453125 397.79028470759533 18175
290 3.3 9.181485262784092 5.551824425453853 2466.403076171875 0.512939453125 394.59642758026496 18326
300 15.7 8.860433979398888 4.109616187880756 2466.403076171875 0.512939453125 393.9036505719052 18359
310 1.9 11.819515830592104 3.501202416961643 2466.403076171875 0.512939453125 390.63881016333835 18516
320 2 15.5406005859375 28.58426397940542 2466.403076171875 0.512939453125 390.25048717481275 18535
329 3.4 10.180520450367647 5.64057073746295 2466.403076171875 0.512939453125 389.84659616259086 18555
