10 0.1 78 0 78 78 0 0
20 0.1 177.0 0.0 177 78 78.0 1
30 0.1 253.0 0.0 253 78 127.5 2
40 0.1 394.0 0.0 394 78 169.33333333333334 3
50 0.1 613.0 0.0 613 78 225.5 4
60 0.1 643.0 0.0 643 78 303.0 5
70 0.1 644.0 0.0 644 78 359.6666666666667 6
80 0.1 936.0 0.0 936 78 400.2857142857143 7
90 0.1 802.0 0.0 936 78 467.25 8
100 0.1 953.0 0.0 953 78 504.44444444444446 9
110 0.1 1396.0 0.0 1396 78 549.3 10
120 0.1 1814.0 0.0 1814 78 626.2727272727273 11
130 0.1 1990.0 0.0 1990 78 725.25 12
140 0.1 2489.0 0.0 2489 78 822.5384615384615 13
150 0.1 3408.0 0.0 3408 78 941.5714285714286 14
160 0.1 4128.0 0.0 4128 78 1106.0 15
170 0.1 5551.0 0.0 5551 78 1294.875 16
180 0.1 5425.0 0.0 5551 78 1545.235294117647 17
190 0.1 6753.0 0.0 6753 78 1760.7777777777778 18
200 0.1 7693.0 0.0 7693 78 2023.5263157894738 19
210 0.1 9185.0 0.0 9185 78 2307.0 20
220 0.1 7530.0 0.0 9185 78 2634.5238095238096 21
230 0.1 7010.0 0.0 9185 78 2857.0454545454545 22
240 0.1 6412.0 0.0 9185 78 3037.608695652174 23
250 0.1 5978.0 0.0 9185 78 3178.2083333333335 24
260 0.1 2654.0 0.0 9185 78 3290.2 25
270 0.1 1448.0 0.0 9185 78 3265.730769230769 26
280 0.1 904.0 0.0 9185 78 3198.4074074074074 27
290 0.1 327.0 0.0 9185 78 3116.464285714286 28
300 0.1 468.0 0.0 9185 78 3020.2758620689656 29
310 0.1 356.0 0.0 9185 78 2935.2 30
320 0.1 105.0 0.0 9185 78 2852.0 31
329 0.1 274.0 0.0 9185 78 2766.15625 32
