0 0.1 480.822998046875 0 480.822998046875 480.822998046875 0 0
10 0.1 573.844970703125 0.0 573.844970703125 480.822998046875 480.822998046875 1
20 0.5 7998.526904296875 7100.199424296649 19853.369140625 381.723876953125 527.333984375 2
30 0.8 13908.283264160156 12444.80491386896 35425.150146484375 381.723876953125 5863.900355747768 7
40 0.4 21167.169067382813 14472.249778635394 40677.049072265625 234.255126953125 10154.237906901042 15
50 0.8 22467.291625976563 17691.12752744879 54869.681884765625 234.255126953125 12472.749730160362 19
60 1.1 19950.43974165483 14137.457833654726 54869.681884765625 234.255126953125 15434.095477068866 27
70 1.8 28372.88210720486 15997.397955548222 60501.802978515625 135.81201171875 16741.458290501643 38
80 1 21731.523681640625 15704.330549855751 60501.802978515625 135.81201171875 20480.130231584822 56
90 2.2 23007.583584872158 21074.20226536486 72486.02197265625 135.81201171875 20669.735299775093 66
100 2.8 24139.987574986048 25563.823845610405 75390.63403320313 135.81201171875 21254.197371049362 88
110 2.2 28681.49246493253 24701.382971492247 83043.0341796875 135.81201171875 21950.767420275457 116
120 3.2 18718.36651611329 21054.51047101345 83043.0341796875 56.718017578125 23023.781557829483 138
130 3.9 21633.625513321313 17347.41451122036 83043.0341796875 56.718017578125 22213.35049115349 170
140 5.1 17344.268597771148 16790.590015679853 83043.0341796875 56.718017578125 22105.172146007775 209
150 5.8 24756.101255219557 20226.35469522763 86007.09204101563 56.718017578125 21171.302603853666 260
160 6.9 25876.728614696556 21180.35040620565 88170.17602539063 56.718017578125 21825.133804417255 318
170 6.4 24719.027126312252 19393.498587507187 88170.17602539063 56.718017578125 22547.51117369186 387
180 8.9 24771.22186622191 21043.080757921343 88170.17602539063 56.718017578125 22855.664213531563 451
190 13.7 19716.11840998518 20183.790306191924 88170.17602539063 56.718017578125 23171.37649332682 540
200 18.9 24907.360828217996 22629.76205650758 88170.17602539063 56.718017578125 22472.158830966695 677
210 15 30922.855870768228 20688.042084633358 91557.48486328125 56.718017578125 23003.629012814847 866
220 15.2 41490.00646330182 17170.54115866167 100669.63305664063 56.718017578125 24172.806206410325 1016
230 17 44205.75996811811 13164.113493427232 103774.48095703125 56.718017578125 26426.414459019492 1168
240 19.1 48120.09319652937 12464.661034646226 110093.7099609375 56.718017578125 28685.374650758476 1338
250 16.9 57086.28836041513 13398.005330843323 110093.7099609375 56.718017578125 31113.125626718087 1529
260 6.4 62676.32588195801 10526.34275538624 110093.7099609375 56.718017578125 33698.20483872916 1698
270 4.3 79243.01533543786 18885.32252799455 143560.90087890625 56.718017578125 34750.758611014426 1762
280 1.8 84271.88703070747 12313.92018852704 143560.90087890625 56.718017578125 35810.68494849376 1805
290 1 95036.72932128907 15445.524473124233 143560.90087890625 56.718017578125 36289.18282972242 1823
300 1.2 109398.18959554036 13848.489112458814 143560.90087890625 56.718017578125 36609.68226502829 1833
310 0.2 109579.88903808594 4107.7940673828125 143560.90087890625 56.718017578125 37083.1034509178 1845
320 0.2 124529.88842773438 14585.7744140625 143560.90087890625 56.718017578125 37161.60565512697 1847
329 0.2 124863.82299804688 1357.592041015625 143560.90087890625 56.718017578125 37256.10893557328 1849
