20 0.3 9.018717447916666 0.5398862261085735 9.777099609375 8.56298828125 0 0
30 0 0 0 9.777099609375 8.56298828125 9.018717447916666 3
40 0 0 0 9.777099609375 8.56298828125 9.018717447916666 3
50 0.2 8.992919921875 0.764892578125 9.777099609375 8.22802734375 9.018717447916666 3
60 0.4 9.16497802734375 0.9562911831177923 10.656005859375 8.22802734375 9.0083984375 5
70 0.2 9.5400390625 0.126953125 10.656005859375 8.22802734375 9.077989366319445 9
80 0.2 8.8179931640625 0.1038818359375 10.656005859375 8.22802734375 9.161998401988637 11
90 0 0 0 10.656005859375 8.22802734375 9.10907451923077 13
100 0.1 10.946044921875 0.0 10.946044921875 8.22802734375 9.10907451923077 13
110 0.1 8.050048828125 0.0 10.946044921875 8.050048828125 9.240286690848214 14
120 0.3 8.116943359375 0.2040087718635993 10.946044921875 7.923095703125 9.1609375 15
130 0.3 11.101806640625 0.4738745003921262 11.569091796875 7.923095703125 8.9869384765625 18
140 0.8 22.051055908203125 14.03764743468362 49.010986328125 7.923095703125 9.2890625 21
150 0.4 8.3453369140625 0.24002776526737665 49.010986328125 7.923095703125 12.809612405711206 29
160 0.9 64.87654622395833 51.52239529308595 144.489013671875 7.822021484375 12.268488103693182 33
170 1.2 262.4505208333333 137.94747117141353 435.072998046875 7.822021484375 23.541643415178573 42
180 1.3 545.2612492487981 177.97227253255497 904.18603515625 7.822021484375 76.6325050636574 54
190 1.4 628.1410435267857 402.36029226118717 1029.06201171875 0.796142578125 167.56047035331156 67
200 2.3 481.25307829483694 391.9932072344051 1029.06201171875 0.71484375 247.16698917341822 81
210 2.3 452.5200301460598 362.3786062465707 1029.06201171875 0.68798828125 298.936028113732 104
220 2.8 516.0595703125 301.21187786251835 1029.06201171875 0.68798828125 326.75045367864175 127
230 1.6 531.0271911621094 265.4586443859679 1029.06201171875 0.68798828125 360.94822958669357 155
240 1.2 448.955810546875 74.83966959519847 1029.06201171875 0.68798828125 376.8620505528143 171
250 0.6 47.786905924479164 56.978931308788525 1029.06201171875 0.68798828125 381.589510224556 183
260 0.1 7.85595703125 0.0 1029.06201171875 0.68798828125 370.9926021515377 189
270 0 0 0 1029.06201171875 0.68798828125 369.0813566509046 190
280 0.1 4.262939453125 0.0 1029.06201171875 0.68798828125 369.0813566509046 190
290 0 0 0 1029.06201171875 0.68798828125 367.17131258180626 191
300 0 0 0 1029.06201171875 0.68798828125 367.17131258180626 191
310 0 0 0 1029.06201171875 0.68798828125 367.17131258180626 191
320 0 0 0 1029.06201171875 0.68798828125 367.17131258180626 191
329 0 0 0 1029.06201171875 0.68798828125 367.17131258180626 191
