30 0.1 11.820068359375 0 11.820068359375 11.820068359375 0 0
40 0.2 11.79833984375 0.466552734375 12.264892578125 11.331787109375 11.820068359375 1
50 0.1 12.593994140625 0.0 12.593994140625 11.331787109375 11.805582682291666 3
60 0.2 12.714111328125 0.9970703125 13.711181640625 11.331787109375 12.002685546875 4
70 0.4 15.23345947265625 4.078298595632437 22.28515625 11.331787109375 12.239827473958334 6
80 0.2 12.359375 0.594482421875 22.28515625 11.331787109375 13.4372802734375 10
90 0.2 18.3740234375 6.053955078125 24.427978515625 11.331787109375 13.25762939453125 12
100 0.4 14.74078369140625 2.3621055224175733 24.427978515625 11.331787109375 13.988542829241071 14
110 0.5 116.55439453125 202.83282628077376 522.18798828125 11.331787109375 14.155707465277779 18
120 0.4 20.02606201171875 7.225747940705593 522.18798828125 11.331787109375 36.41629161005435 23
130 0.5 25.099853515625 17.693340618419633 522.18798828125 11.331787109375 33.98810944733797 27
140 0.7 25.100027901785715 11.147554648634433 522.18798828125 11.331787109375 32.59931945800781 32
150 0.9 44.415066189236114 20.322422125018086 522.18798828125 11.331787109375 31.253292768429485 39
160 1.1 86.4200772372159 54.87554505072904 522.18798828125 11.331787109375 33.72112528483073 48
170 1.6 280.54693603515625 123.53146423222172 522.18798828125 11.331787109375 43.54635361493644 59
180 1.3 523.5147235576923 214.08301100654532 940.156005859375 1.26904296875 94.10647786458334 75
190 1.1 483.1036487926136 444.81385348577425 1059.3759765625 0.97119140625 157.54178688742897 88
200 2.1 412.11356026785717 396.3803653589089 1059.3759765625 0.933837890625 193.71532709911617 99
210 2.2 442.6061456853693 369.0631831159131 1059.3759765625 0.9189453125 231.93501790364584 120
220 3.9 493.44205103165064 311.1026739186388 1059.3759765625 0.9189453125 264.57420671489876 142
230 3.1 495.54029895413305 300.6026042439955 1059.3759765625 0.910888671875 313.8882726174033 181
240 3.1 428.2280667212702 96.21042444246078 1059.3759765625 0.910888671875 340.4505972232459 212
250 2.3 118.86179517663045 81.83778461150769 1059.3759765625 0.910888671875 351.64854600694446 243
260 0.8 9.9930419921875 6.82818245699908 1059.3759765625 0.910888671875 331.52036830357144 266
270 1.3 13.325232872596153 6.087168865966556 1059.3759765625 0.910888671875 322.1327091411953 274
280 0.6 10.029988606770834 3.8436648879324156 1059.3759765625 0.910888671875 308.14491404888935 287
290 0.1 6.579833984375 0.0 1059.3759765625 0.910888671875 302.04017154836816 293
300 0.9 8.402452256944445 3.7726184281786757 1059.3759765625 0.910888671875 301.03520441379675 294
310 0.1 13.7060546875 0.0 1059.3759765625 0.910888671875 292.3431424685437 303
320 0.1 6.346923828125 0.0 1059.3759765625 0.910888671875 291.42657310084286 304
329 0.2 9.740966796875 3.69384765625 1059.3759765625 0.910888671875 290.4918857261782 305
