30 0.8 5.199615478515625 0.850047749846197 6.951904296875 4.538818359375 0 0
40 1.6 4.7698516845703125 0.4828682561638337 6.951904296875 4.538818359375 5.199615478515625 8
50 0.8 5.795013427734375 2.3717967784982346 11.773193359375 4.538818359375 4.913106282552083 24
60 1.6 5.3897857666015625 1.0824859915705105 11.773193359375 4.4951171875 5.133583068847656 32
70 3.2 5.517555236816405 1.6440825182662906 12.721923828125 4.485107421875 5.218983968098958 48
80 1.6 5.1275787353515625 0.831716244883664 12.721923828125 4.485107421875 5.338412475585938 80
90 1.6 7.597244262695313 5.622780373667849 24.638916015625 4.4658203125 5.303273518880208 96
100 3.2 5.629829406738281 1.5389199829127584 24.638916015625 4.4658203125 5.630983625139509 112
110 4 8.030145263671875 6.0125299103511125 34.6630859375 4.4658203125 5.630727132161458 144
120 3.2 5.390045166015625 1.0332315054350656 34.6630859375 4.4658203125 6.152339769446331 184
130 4 9.543402099609377 4.874945277581673 34.6630859375 4.4658203125 6.039407235604745 216
140 5.6 16.256552559988837 18.769553670946443 100.05712890625 4.447998046875 6.586906433105469 256
150 7.2 24.527323404947918 33.77912355184102 178.033203125 4.447998046875 8.322483943058895 312
160 8.2 46.8445479230183 44.941625485048164 223.740966796875 4.447998046875 11.360891342163086 384
170 6.8 182.26735911649823 151.52683584030345 496.427001953125 4.447998046875 17.60479657742087 466
180 8.2 512.2737858469893 163.0161404950659 895.50390625 0.7998046875 38.5730629681648 534
190 11.4 499.34557248834966 446.57349890198697 1056.0029296875 0.755126953125 101.63062672800832 616
200 16.2 365.7842912085263 397.226822210727 1056.0029296875 0.72998046875 163.73953606592463 730
210 12.5 446.842732421875 367.7906623741893 1056.0029296875 0.72998046875 200.4337628967559 892
220 23.3 440.18366919259654 318.0209050422482 1056.0029296875 0.72998046875 230.72001775480888 1017
230 25.3 573.1548121757659 220.87601962669652 1056.0029296875 0.72998046875 269.7640423828125 1250
240 34.6 388.29263288023844 97.90004586648206 1056.0029296875 0.72998046875 320.83381268062834 1503
250 27.9 104.13950842853937 72.18711167613327 1056.0029296875 0.72998046875 333.457258753676 1849
260 5.6 5.469290597098213 2.392640845236519 1056.0029296875 0.72998046875 303.3916326537168 2128
270 10.5 6.375276692708334 3.3719564776202966 1056.0029296875 0.72998046875 295.7525982420086 2184
280 5.5 4.558429509943184 0.6160749885745118 1056.0029296875 0.72998046875 282.4784091801141 2289
290 0.8 5.4468994140625 0.7161434844007405 1056.0029296875 0.72998046875 275.95724924758025 2344
300 7.2 4.512091742621528 0.5696776599901201 1056.0029296875 0.72998046875 275.037146016854 2352
310 0.8 4.639923095703125 0.07922226327144373 1056.0029296875 0.72998046875 267.0017483651441 2424
320 0.8 4.12860107421875 0.06833896332222981 1056.0029296875 0.72998046875 266.13871604517885 2432
329 1.6 4.775390625 1.8428669225028897 1056.0029296875 0.72998046875 265.27966648789703 2440
