20 0.1 10.655029296875 0 10.655029296875 10.655029296875 0 0
30 0.2 14.29443359375 0.04541015625 14.33984375 10.655029296875 10.655029296875 1
40 0.3 9.636067708333334 0.2669880867077046 14.33984375 9.362060546875 13.081298828125 3
50 0.2 9.7281494140625 0.1199951171875 14.33984375 9.362060546875 11.358683268229166 6
60 0.2 11.3594970703125 1.7784423828125 14.33984375 9.362060546875 10.9510498046875 8
70 0.4 10.27557373046875 1.3708800491662818 14.33984375 9.01513671875 11.0327392578125 10
80 0.2 12.35400390625 2.76513671875 15.119140625 9.01513671875 10.81640625 14
90 0.4 12.2655029296875 2.651879802347079 15.119140625 9.01513671875 11.00860595703125 16
100 0.4 13.103759765625 3.6553661712778847 17.638916015625 9.01513671875 11.2599853515625 20
110 0.8 17.868896484375 10.172421757847628 42.9931640625 8.755126953125 11.567281087239584 24
120 0.5 15.576025390625 8.58126914709168 42.9931640625 8.755126953125 13.142684936523438 32
130 1.1 21.323952414772727 18.016971982457967 60.511962890625 8.755126953125 13.471514727618244 37
140 1 21.6414306640625 14.554547227008475 61.157958984375 8.755126953125 15.271031697591146 48
150 0.7 26.818603515625 25.071390136034097 73.260009765625 8.755126953125 16.369376346982758 58
160 1.4 82.03346470424107 63.8021363243734 220.633056640625 8.755126953125 17.494677734375 65
170 2.2 250.2874090021307 105.43652458033 429.346923828125 8.755126953125 28.931931121439874 79
180 1.2 551.2675170898438 137.83112851828324 767.00390625 8.755126953125 77.14797580832303 101
190 3.1 559.9161101310483 421.2593941580339 1038.702880859375 0.722900390625 127.49695364352876 113
200 3.5 540.6338588169642 346.44523136050566 1038.702880859375 0.722900390625 220.5871887207031 144
210 4.3 343.8295557776162 388.33613759105504 1038.702880859375 0.677001953125 283.16614656075416 179
220 4 515.5190124511719 300.51840439544947 1038.702880859375 0.677001953125 294.9162663640202 222
230 2.4 644.516845703125 73.91720379165793 1038.702880859375 0.677001953125 328.59607492694414 262
240 1.4 430.79635184151783 143.8723241357232 1038.702880859375 0.677001953125 355.106908838232 286
250 0.3 71.60270182291667 61.51592641180678 1038.702880859375 0.677001953125 358.63908284505203 300
260 0.4 8.6973876953125 3.060450498211295 1038.702880859375 0.677001953125 355.79713847849627 303
270 0 0 0 1038.702880859375 0.677001953125 351.27466615558836 307
280 0 0 0 1038.702880859375 0.677001953125 351.27466615558836 307
290 0 0 0 1038.702880859375 0.677001953125 351.27466615558836 307
300 0 0 0 1038.702880859375 0.677001953125 351.27466615558836 307
310 0 0 0 1038.702880859375 0.677001953125 351.27466615558836 307
320 0 0 0 1038.702880859375 0.677001953125 351.27466615558836 307
329 0 0 0 1038.702880859375 0.677001953125 351.27466615558836 307
