20 0.1 76.253173828125 0 76.253173828125 76.253173828125 0 0
30 0.1 54.7451171875 0.0 76.253173828125 54.7451171875 76.253173828125 1
40 0 0 0 76.253173828125 54.7451171875 65.4991455078125 2
50 0 0 0 76.253173828125 54.7451171875 65.4991455078125 2
60 0.2 60.4844970703125 1.5926513671875 76.253173828125 54.7451171875 65.4991455078125 2
70 0.5 71.524658203125 17.730701589053524 105.8740234375 54.7451171875 62.9918212890625 4
80 0.1 55.802001953125 0.0 105.8740234375 54.7451171875 67.73228624131944 9
90 0.6 73.30989583333333 16.005110740053738 105.8740234375 54.7451171875 66.5392578125 10
100 0.1 56.06201171875 0.0 105.8740234375 54.7451171875 69.0782470703125 16
110 0.3 90.59342447916667 4.345858450219929 105.8740234375 54.7451171875 68.3125861672794 17
120 0.4 66.71954345703125 3.893833439849112 105.8740234375 54.7451171875 71.6547119140625 20
130 0.5 128.662353515625 61.87824528785867 216.2509765625 54.7451171875 70.83218383789063 24
140 1.1 189.10169566761363 123.45944264419522 461.742919921875 54.7451171875 80.80290274784483 29
150 0.9 188.97298177083334 70.98680648550403 461.742919921875 54.7451171875 110.58507080078125 40
160 1 275.5766357421875 76.06700812644739 461.742919921875 54.7451171875 124.98285036670919 49
170 1.1 372.995361328125 134.34435552666972 587.368896484375 54.7451171875 150.50722076933263 59
180 1.2 710.0769449869791 167.0907542076502 1130.8740234375 54.7451171875 185.46964285714284 70
190 1.5 835.870068359375 428.5835274073096 1232.8388671875 0.782958984375 262.2414431688262 82
200 2.7 532.2853461371528 456.89572527212545 1232.8388671875 0.7470703125 350.94690067251935 97
210 2.7 572.6589355468749 425.13190022487703 1232.8388671875 0.6708984375 390.431884765625 124
220 3.2 545.8996734619142 351.48477528187414 1232.8388671875 0.6708984375 423.01552960730544 151
230 2.5 748.1556640625 208.89411750620516 1232.8388671875 0.6708984375 444.5034673305157 183
240 1.7 567.9355899586398 135.77694588950595 1232.8388671875 0.6708984375 481.00012559157153 208
250 0.8 236.60253906250003 141.76267256700606 1232.8388671875 0.6708984375 487.56858289930557 225
260 0.2 61.364501953125 3.030517578125 1232.8388671875 0.6708984375 478.95172302508047 233
270 0.2 60.6644287109375 6.4144287109375 1232.8388671875 0.6708984375 475.3977892287234 235
280 0 0 0 1232.8388671875 0.6708984375 471.8979296462948 237
290 0 0 0 1232.8388671875 0.6708984375 471.8979296462948 237
300 0 0 0 1232.8388671875 0.6708984375 471.8979296462948 237
310 0 0 0 1232.8388671875 0.6708984375 471.8979296462948 237
320 0.1 56.1240234375 0.0 1232.8388671875 0.6708984375 471.8979296462948 237
329 0 0 0 1232.8388671875 0.6708984375 470.15098046054356 238
