0 0.6 20.002644856770832 43.04938375553484 116.263916015625 0.662841796875 0 0
10 0.7 0.7337472098214286 0.055567279268510864 116.263916015625 0.633056640625 20.002644856770832 6
20 0.7 0.6788155691964286 0.07588178089000806 116.263916015625 0.5810546875 9.627084585336538 13
30 1.6 1.167755126953125 1.2090917298501285 116.263916015625 0.5810546875 6.4951904296875 20
40 1.3 1.567626953125 1.5515024614312927 116.263916015625 0.5810546875 4.12744140625 36
50 0.9 1.8997938368055556 1.7310023162800128 116.263916015625 0.5810546875 3.448306959502551 49
60 2.2 1.8498868075284092 1.6959158216524102 116.263916015625 0.571044921875 3.208020440463362 58
70 1.3 1.8398813100961537 1.6644607564599694 116.263916015625 0.571044921875 2.83453369140625 80
80 2.3 2.153659986413044 1.7878203094589855 116.263916015625 0.571044921875 2.6954962617607525 93
90 3.5 2.232931082589286 1.797730842086667 116.263916015625 0.5400390625 2.5880632071659484 116
100 4.3 1.5242437318313953 1.7716687490855714 116.263916015625 0.52490234375 2.5057478140521523 151
110 4.4 1.3115067915482956 1.4004836270051975 116.263916015625 0.52490234375 2.2881979401578607 194
120 7.8 1.3861584785657048 1.4992118379249906 116.263916015625 0.501953125 2.107633189994748 238
130 7.7 1.465893237621753 1.536323881642373 116.263916015625 0.5009765625 1.9295476599584651 316
140 7.8 1.2340181790865385 1.3321666949519029 116.263916015625 0.5009765625 1.8387044270833333 393
150 15.4 1.3341270545860389 1.4589675681110044 116.263916015625 0.5009765625 1.7385653032112527 471
160 18 1.4340020073784723 1.5807859614464936 116.263916015625 0.5009765625 1.63891171875 625
170 15 1.4358365885416668 1.6412735031864882 116.263916015625 0.496826171875 1.5930933981948758 805
180 25.4 1.4441956046998032 1.6453199669780951 116.263916015625 0.494140625 1.5683933757362565 955
190 30.3 1.5218598520008249 1.6910131530215706 116.263916015625 0.494140625 1.542300543773263 1209
200 32 1.296017456054687 1.492138581943937 116.263916015625 0.494140625 1.5382042940331515 1512
210 11.8 1.435114456435381 1.503900295067267 116.263916015625 0.494140625 1.4959009162203194 1832
220 2.1 1.0315522693452381 1.0841852170570174 116.263916015625 0.494140625 1.4922225560897435 1950
230 0.2 1.0479736328125 0.0609130859375 116.263916015625 0.494140625 1.4873143490772451 1971
240 0.3 1.9193522135416667 1.701234547973638 116.263916015625 0.494140625 1.4868689960957298 1973
250 0.1 4.30908203125 0.0 116.263916015625 0.494140625 1.4875256001707995 1976
260 0 0 0 116.263916015625 0.494140625 1.4889527910818159 1977
270 0.3 1.9200032552083333 1.7013240395295104 116.263916015625 0.494140625 1.4889527910818159 1977
280 0.6 2.7167561848958335 3.012290911510501 116.263916015625 0.494140625 1.489605897845644 1980
290 0.4 2.57720947265625 1.7802344101872212 116.263916015625 0.494140625 1.4933133005255539 1986
300 0.1 0.748046875 0.0 116.263916015625 0.494140625 1.4954919862986809 1990
310 0 0 0 116.263916015625 0.494140625 1.49511657438944 1991
320 0.2 0.7235107421875 0.1004638671875 116.263916015625 0.494140625 1.49511657438944 1991
330 0 0 0 116.263916015625 0.494140625 1.4943422584514552 1993
337 0.2 4.3555908203125 0.0035400390625 116.263916015625 0.494140625 1.4943422584514552 1993
