0 1.4 76.77870396205357 118.00179937844379 427.164794921875 6.171142578125 0 0
10 4.9 18.527901785714285 18.727281833319473 427.164794921875 6.123046875 76.77870396205357 14
20 4.9 31.867322026466837 60.59637994117215 427.164794921875 5.80908203125 31.47252449156746 63
30 8.8 18.009141401811075 18.877280825618097 427.164794921875 5.80908203125 31.645248413085938 112
40 13.5 20.910917607060185 23.396256110445925 427.164794921875 5.80908203125 25.645361328125 200
50 13.5 18.98448350694444 20.70584623211057 427.164794921875 5.80908203125 23.737451171875 335
60 12.2 20.818693567494876 21.028631534142207 427.164794921875 5.716064453125 22.372237055352393 470
70 16.2 24.203262140721446 47.13189864839027 427.164794921875 5.716064453125 22.052081133868242 592
80 23.2 17.41256819100216 19.598337378369756 427.164794921875 5.716064453125 22.5142712175688 754
90 26 17.728565392127404 18.777531875734002 427.164794921875 5.716064453125 21.31387050543547 986
100 29.2 17.54410584332192 20.06311833918354 427.164794921875 5.716064453125 20.56573300185594 1246
110 36.2 21.386332306414026 29.900282952446904 427.164794921875 5.716064453125 19.99205606408485 1538
120 46.3 20.79290652841526 22.58527376191213 427.164794921875 5.578125 20.257702379728617 1900
130 56 19.522606113978807 21.236495412318533 427.164794921875 5.578125 20.362568871832686 2363
140 73 21.394502488227744 28.80858076294287 498.631103515625 5.578125 20.201645456027634 2923
150 86 21.642478765443293 23.15346397915476 498.631103515625 5.578125 20.440020937414463 3653
160 144.1 22.785960507839608 24.511602228352405 498.631103515625 5.578125 20.66916202584894 4513
170 160.3 26.219833935638267 26.892351386328798 498.631103515625 5.578125 21.181474187849034 5954
180 193.8 31.743767611382555 36.14397247304087 498.631103515625 5.578125 22.250217164652813 7557
190 226.2 40.23662007919562 37.10480408157375 498.631103515625 5.578125 24.187921300067476 9495
200 257.7 119.44820334479274 234.0860040040441 1850.85205078125 0.531005859375 27.275627061604247 11757
210 245.1 284.0438577565596 666.9233577717448 4125.43798828125 0.51513671875 43.84662811377229 14334
220 249.6 105.73408547425882 101.06024444716492 4125.43798828125 0.51513671875 78.92100463176287 16785
230 164.3 24.24095074867811 25.44627673502636 4125.43798828125 0.51513671875 82.39206161961982 19281
240 118.6 19.11667389893812 18.265193427737593 4125.43798828125 0.51513671875 77.82590432842515 20924
250 75.8 16.98924203032241 15.77067094459766 4125.43798828125 0.51513671875 74.67668916382218 22110
260 56.5 16.11236907148784 13.804854664255307 4125.43798828125 0.51513671875 72.76453747031191 22868
270 18.7 15.484005525150401 14.4850109679889 4125.43798828125 0.51513671875 71.39858026699454 23433
280 17 14.844521197150733 10.48850193962295 4125.43798828125 0.51513671875 70.95590348982584 23620
290 11.3 14.632654780835177 10.433395160949372 4125.43798828125 0.51513671875 70.55493942972686 23790
300 4.6 17.86070185122283 14.457430708139983 4125.43798828125 0.51513671875 70.29057018045586 23903
310 0 0 0 4125.43798828125 0.51513671875 70.18986560226283 23949
320 3.4 12.502290613511029 3.405464330859407 4125.43798828125 0.51513671875 70.18986560226283 23949
330 0 0 0 4125.43798828125 0.51513671875 70.10808360878337 23983
337 3.4 12.816068761488971 4.879894175079943 4125.43798828125 0.51513671875 70.10808360878337 23983
