10 0.1 89 0 89 89 0 0
20 0.1 276.0 0.0 276 89 89.0 1
30 0.1 252.0 0.0 276 89 182.5 2
40 0.1 467.0 0.0 467 89 205.66666666666666 3
50 0.1 722.0 0.0 722 89 271.0 4
60 0.1 645.0 0.0 722 89 361.2 5
70 0.1 689.0 0.0 722 89 408.5 6
80 0.1 976.0 0.0 976 89 448.57142857142856 7
90 0.1 1023.0 0.0 1023 89 514.5 8
100 0.1 1421.0 0.0 1421 89 571.0 9
110 0.1 1562.0 0.0 1562 89 656.0 10
120 0.1 1919.0 0.0 1919 89 738.3636363636364 11
130 0.1 2651.0 0.0 2651 89 836.75 12
140 0.1 3031.0 0.0 3031 89 976.3076923076923 13
150 0.1 4080.0 0.0 4080 89 1123.0714285714287 14
160 0.1 5531.0 0.0 5531 89 1320.2 15
170 0.1 7133.0 0.0 7133 89 1583.375 16
180 0.1 8272.0 0.0 8272 89 1909.8235294117646 17
190 0.1 10629.0 0.0 10629 89 2263.277777777778 18
200 0.1 12419.0 0.0 12419 89 2703.5789473684213 19
210 0.1 13669.0 0.0 13669 89 3189.3500000000004 20
220 0.1 12949.0 0.0 13669 89 3688.3809523809523 21
230 0.1 10410.0 0.0 13669 89 4109.318181818182 22
240 0.1 7209.0 0.0 13669 89 4383.260869565217 23
250 0.1 4742.0 0.0 13669 89 4500.999999999999 24
260 0.1 3247.0 0.0 13669 89 4510.6399999999985 25
270 0.1 1920.0 0.0 13669 89 4462.03846153846 26
280 0.1 866.0 0.0 13669 89 4367.888888888887 27
290 0.1 631.0 0.0 13669 89 4242.821428571427 28
300 0.1 414.0 0.0 13669 89 4118.275862068964 29
310 0.1 122.0 0.0 13669 89 3994.799999999998 30
320 0.1 153.0 0.0 13669 89 3869.870967741934 31
330 0.1 1.0 0.0 13669 1 3753.718749999998 32
337 0.1 76.0 0.0 13669 1 3639.999999999998 33
