0 32.7125 32.7125
10 129.86953125 162.58203125
20 109.65 272.23203125
30 220.45859375 492.690625
40 321.17578125 813.86640625
50 342.3375 1156.20390625
60 315.7328125 1471.93671875
70 446.34453125 1918.28125
80 536.91484375 2455.19609375
90 620.05234375 3075.2484375
100 659.5984375 3734.846875
110 809.44921875 4544.29609375
120 1192.1 5736.39609375
130 1311.42265625 7047.81875
140 1735.8078125 8783.6265625
150 2201.29453125 10984.92109375
160 3512.978125 14497.89921875
170 3983.615625 18481.51484375
180 4920.43046875 23401.9453125
190 5465.82265625 28867.76796875
200 6051.1203125 34918.88828125
210 5909.39296875 40828.28125
220 6337.5703125 47165.8515625
230 4289.98046875 51455.83203125
240 3124.625 54580.45703125
250 2038.18046875 56618.6375
260 1608.05078125 58226.68828125
270 486.96953125 58713.6578125
280 512.9796875 59226.6375
290 359.98828125 59586.62578125
300 170.6234375 59757.24921875
310 0 59757.24921875
320 110.303125 59867.55234375
330 0 59867.55234375
337 110.3125 59977.86484375
