20 0.1 39.75390625 0 39.75390625 39.75390625 0 0
30 0.2 36.14404296875 2.839111328125 39.75390625 33.304931640625 39.75390625 1
40 0.2 34.447509765625 3.508544921875 39.75390625 30.93896484375 37.347330729166664 3
50 0.4 31.85003662109375 1.26923671386838 39.75390625 30.39501953125 36.18740234375 5
60 0.4 33.15997314453125 2.556114756864358 39.75390625 30.39501953125 34.259684244791664 9
70 0.3 43.415120442708336 16.16016886955008 66.26904296875 30.39501953125 33.92131159855769 13
80 0.2 43.6285400390625 3.3375244140625 66.26904296875 30.39501953125 35.70140075683594 16
90 0.8 33.267242431640625 2.107877464429727 66.26904296875 30.39501953125 36.582194010416664 18
100 0.3 31.069986979166668 0.5637537911328271 66.26904296875 30.27294921875 35.56220890925481 26
110 1.1 38.126220703125 5.648138790705323 66.26904296875 30.27294921875 35.09749629579741 29
120 1 33.525927734375 1.661404430108934 66.26904296875 30.27294921875 35.9303955078125 40
130 1.2 36.8248291015625 4.404390968169122 66.26904296875 30.27294921875 35.449501953125 50
140 2.1 37.46332077752976 8.692166567152048 67.1630859375 30.27294921875 35.71569430443548 62
150 2.1 36.231177920386905 5.195360831787271 67.1630859375 30.27294921875 36.15786485786898 83
160 1.8 38.483072916666664 5.970881575238454 67.1630859375 30.27294921875 36.17266845703126 104
170 3.2 43.61911773681641 11.051970897601244 87.026123046875 30.27294921875 36.51354780353484 122
180 4.6 47.01813540251361 13.223165232549231 112.051025390625 30.27294921875 37.99002986759335 154
190 3.8 60.00138132195724 22.026139306708057 120.927001953125 30.27294921875 40.06649414062501 200
200 5.2 90.96631328876202 35.57643817888983 191.073974609375 0.60205078125 43.249375287224275 238
210 7.7 164.36974304991884 386.7445578914664 3497.764892578125 0.60205078125 51.80551589439656 290
220 8 98.92405700683595 70.6931913286997 3497.764892578125 0.60205078125 75.42253358097751 367
230 5.7 40.09143708881579 12.590433455906755 3497.764892578125 0.60205078125 79.62862278471057 447
240 3.3 35.9010194720644 10.407268832546567 3497.764892578125 0.60205078125 75.1571553548177 504
250 2.1 33.95063709077381 7.940848149147914 3497.764892578125 0.60205078125 72.74476711621276 537
260 1.4 33.798165457589285 3.434723507385859 3497.764892578125 0.60205078125 71.28477297547043 558
270 0.6 31.7440185546875 0.9356103369864085 3497.764892578125 0.60205078125 70.36726859566215 572
280 0.4 27.88623046875 13.399910923097734 3497.764892578125 0.60205078125 69.96633520423335 578
290 0.2 31.5330810546875 0.7808837890625 3497.764892578125 0.60205078125 69.67712486240872 582
300 0.1 32.089111328125 0.0 3497.764892578125 0.60205078125 69.54649457539598 584
310 0 0 0 3497.764892578125 0.60205078125 69.48246486044339 585
320 0 0 0 3497.764892578125 0.60205078125 69.48246486044339 585
330 0 0 0 3497.764892578125 0.60205078125 69.48246486044339 585
337 0 0 0 3497.764892578125 0.60205078125 69.48246486044339 585
