10 0.1 12.768798828125 0 12.768798828125 12.768798828125 0 0
20 0 0 0 12.768798828125 12.768798828125 12.768798828125 1
30 0.1 22.16015625 0.0 22.16015625 12.768798828125 12.768798828125 1
40 0.2 15.20703125 3.073974609375 22.16015625 12.133056640625 17.4644775390625 2
50 0.2 16.4979248046875 0.4139404296875 22.16015625 12.133056640625 16.33575439453125 4
60 0 0 0 22.16015625 12.133056640625 16.389811197916668 6
70 0.3 11.478271484375 0.18896715686837917 22.16015625 11.260009765625 16.389811197916668 6
80 0.4 12.13983154296875 0.6242764188508223 22.16015625 11.2080078125 14.752631293402779 9
90 0.2 14.02099609375 2.157958984375 22.16015625 11.2080078125 13.948692908653847 13
100 0.2 12.5474853515625 0.4364013671875 22.16015625 11.2080078125 13.958333333333334 15
110 0.1 11.3759765625 0.0 22.16015625 11.2080078125 13.792351217830882 17
120 0.3 12.31494140625 0.4099889989478003 22.16015625 11.2080078125 13.65810818142361 18
130 0.4 13.57049560546875 3.5265199004377705 22.16015625 11.2080078125 13.466227213541666 21
140 0.6 14.62646484375 3.5601073060177804 22.4208984375 11.2080078125 13.48291015625 25
150 0.6 12.244791666666666 0.5773644757483121 22.4208984375 11.2080078125 13.70424332157258 31
160 1.9 14.424226459703947 1.9923908885051549 22.4208984375 11.130859375 13.467575485641891 37
170 2.1 19.327706473214285 15.624311375319477 85.3349609375 11.130859375 13.792153494698661 56
180 3 25.57490234375 17.027769049321055 90.449951171875 11.130859375 15.301849761566558 77
190 1.9 31.078780324835527 21.69413482618025 90.449951171875 11.130859375 18.182144878066588 107
200 3.2 61.321083068847656 30.865217980952714 163.7919921875 11.130859375 20.126875620039684 126
210 4.1 93.10371808307927 60.85507721379457 238.98193359375 11.130859375 28.470006242583068 158
220 4.2 76.13019670758929 71.69943548982017 260.851806640625 10.718017578125 41.786499636856156 199
230 3.2 16.43427276611328 10.47446767698261 260.851806640625 4.5361328125 47.77170825499222 241
240 2.7 14.88450339988426 2.615621715133178 260.851806640625 4.5361328125 44.09845574347528 273
250 1.6 12.643508911132813 1.727076048918276 260.851806640625 4.5361328125 41.46920003255208 300
260 1.8 12.487874348958334 1.6334528744672223 260.851806640625 4.5361328125 40.00967136817643 316
270 0.4 13.5780029296875 1.62403584726149 260.851806640625 4.5361328125 38.526460750374255 334
280 0.7 17.145228794642858 4.085677255437437 260.851806640625 4.5361328125 38.23121272882767 338
290 0.5 14.41640625 1.2473134123371685 260.851806640625 4.5361328125 37.80338117074277 345
300 0.2 13.3790283203125 0.3638916015625 260.851806640625 4.5361328125 37.46928152901787 350
310 0 0 0 260.851806640625 4.5361328125 37.33240509033204 352
320 0.2 14.785400390625 1.6064453125 260.851806640625 4.5361328125 37.33240509033204 352
330 0 0 0 260.851806640625 4.5361328125 37.20502088298906 354
337 0.2 21.4208984375 4.39892578125 260.851806640625 4.5361328125 37.20502088298906 354
