30 0.2 53.9310302734375 0.8939208984375 54.824951171875 53.037109375 0 0
40 0.2 58.405517578125 0.3095703125 58.715087890625 53.037109375 53.9310302734375 2
50 0.3 58.034993489583336 3.654376103131152 61.402099609375 52.9560546875 56.16827392578125 4
60 0.5 55.1666015625 1.428383593029247 61.402099609375 52.9560546875 56.968296595982146 7
70 0.3 170.55037434895834 155.45721535381645 390.282958984375 52.9560546875 56.21759033203125 12
80 0.2 61.3580322265625 7.8189697265625 390.282958984375 52.9560546875 79.08414713541667 15
90 0.5 59.610986328125 6.97712766163017 390.282958984375 52.9560546875 76.99872185202206 17
100 0.3 62.099934895833336 4.267315141192113 390.282958984375 52.9560546875 73.0469637784091 22
110 0.8 58.69769287109375 4.40335908493261 390.282958984375 52.9560546875 71.7333203125 25
120 1 59.074560546875 4.334245993379606 390.282958984375 52.9560546875 68.57316820549242 33
130 1.2 59.295450846354164 6.568156762889005 390.282958984375 52.767822265625 66.36418968023256 43
140 1.5 63.690364583333334 7.811097835326304 390.282958984375 52.767822265625 64.82191938920455 55
150 2.3 66.99656080163045 11.061665277633653 390.282958984375 52.44091796875 64.579443359375 70
160 1.9 66.92914782072368 8.884890365737018 390.282958984375 52.44091796875 65.17722509240592 93
170 2.7 72.05660445601853 16.250283766263674 390.282958984375 52.44091796875 65.47442626953126 112
180 3.4 82.1987663717831 22.584609365107852 390.282958984375 52.44091796875 66.75297886690649 139
190 4.6 89.08267875339673 21.113397700219018 390.282958984375 52.44091796875 69.78856716266259 173
200 4.7 126.78560816988032 42.59234619295485 390.282958984375 0.73388671875 73.84121160637844 219
210 5.8 230.82905946928878 494.80139926559247 3937.963134765625 0.73388671875 83.1960485931626 266
220 7.2 158.64060804578992 81.39117055049594 3937.963134765625 0.73388671875 109.62418016975309 324
230 7.4 74.05537703230578 22.373150229664457 3937.963134765625 0.73388671875 118.53625796539615 396
240 4.8 62.255696614583314 17.297650147431852 3937.963134765625 0.73388671875 111.53288522273937 470
250 3.1 58.34338772681452 3.7177476909416196 3937.963134765625 0.73388671875 106.96665925132721 518
260 1.7 58.4091796875 5.065742776914021 3937.963134765625 0.73388671875 104.22108289930556 549
270 0.8 47.7548828125 16.554807152164933 3937.963134765625 0.73388671875 102.84510700778489 566
280 0.5 46.086865234375 19.696481774805093 3937.963134765625 0.73388671875 102.07729900506315 574
290 0.3 54.127360026041664 0.509752308300912 3937.963134765625 0.73388671875 101.59378921429727 579
300 0.3 54.309733072916664 0.8076788927271484 3937.963134765625 0.73388671875 101.3491168988939 582
310 0 0 0 3937.963134765625 0.73388671875 101.10788928952991 585
320 0 0 0 3937.963134765625 0.73388671875 101.10788928952991 585
330 0 0 0 3937.963134765625 0.73388671875 101.10788928952991 585
337 0 0 0 3937.963134765625 0.73388671875 101.10788928952991 585
