0 0.1 3170.0390625 0 3170.0390625 3170.0390625 0 0
10 0.1 3170.45703125 0.0 3170.45703125 3170.0390625 3170.0390625 1
20 0.1 3169.2578125 0.0 3170.45703125 3169.2578125 3170.248046875 2
30 0.1 3165.640625 0.0 3170.45703125 3165.640625 3169.91796875 3
40 0.1 3165.0625 0.0 3170.45703125 3165.0625 3168.8486328125 4
50 0.1 3161.37109375 0.0 3170.45703125 3161.37109375 3168.09140625 5
60 0.1 3158.7265625 0.0 3170.45703125 3158.7265625 3166.9713541666665 6
70 0.1 3158.109375 0.0 3170.45703125 3158.109375 3165.793526785714 7
80 0.1 3159.72265625 0.0 3170.45703125 3158.109375 3164.8330078125 8
90 0.1 3157.08203125 0.0 3170.45703125 3157.08203125 3164.265190972222 9
100 0.1 3153.47265625 0.0 3170.45703125 3153.47265625 3163.546875 10
110 0.1 3153.47265625 0.0 3170.45703125 3153.47265625 3162.631036931818 11
120 0.1 3145.9609375 0.0 3170.45703125 3145.9609375 3161.8678385416665 12
130 0.1 3145.13671875 0.0 3170.45703125 3145.13671875 3160.644230769231 13
140 0.1 3133.29296875 0.0 3170.45703125 3133.29296875 3159.536551339286 14
150 0.1 3114.890625 0.0 3170.45703125 3114.890625 3157.7869791666667 15
160 0.1 3101.52734375 0.0 3170.45703125 3101.52734375 3155.10595703125 16
170 0.1 3083.08203125 0.0 3170.45703125 3083.08203125 3151.954273897059 17
180 0.1 3074.50390625 0.0 3170.45703125 3074.50390625 3148.1280381944443 18
190 0.1 3068.23828125 0.0 3170.45703125 3068.23828125 3144.2530838815787 19
200 0.1 3061.23046875 0.0 3170.45703125 3061.23046875 3140.4523437499997 20
210 0.1 3054.08203125 0.0 3170.45703125 3054.08203125 3136.6798735119046 21
220 0.1 3046.46484375 0.0 3170.45703125 3046.46484375 3132.9254261363635 22
230 0.1 3040.07421875 0.0 3170.45703125 3040.07421875 3129.166270380435 23
240 0.1 3031.76171875 0.0 3170.45703125 3031.76171875 3125.4541015625 24
250 0.1 3018.71484375 0.0 3170.45703125 3018.71484375 3121.70640625 25
260 0.1 3018.88671875 0.0 3170.45703125 3018.71484375 3117.7451923076924 26
270 0.1 3031.62109375 0.0 3170.45703125 3018.71484375 3114.0837673611113 27
280 0.1 3047.02734375 0.0 3170.45703125 3018.71484375 3111.138671875 28
290 0.1 3060.734375 0.0 3170.45703125 3018.71484375 3108.927936422414 29
300 0.1 3073.46484375 0.0 3170.45703125 3018.71484375 3107.321484375 30
310 0.1 3076.10546875 0.0 3170.45703125 3018.71484375 3106.2293346774195 31
320 0.1 3084.59375 0.0 3170.45703125 3018.71484375 3105.2879638671875 32
330 0.1 3087.0546875 0.0 3170.45703125 3018.71484375 3104.6608664772725 33
338 0.1 3086.84375 0.0 3170.45703125 3018.71484375 3104.1430376838234 34
