0 1.8 28.13902452256945 42.97343707738244 169.840087890625 8.1279296875 0 0
10 3.3 50.84302497632576 67.3272916687293 221.455078125 8.1279296875 28.13902452256945 18
20 7 50.74803292410714 65.81128850498851 269.56201171875 8.1279296875 42.82984834558823 51
30 12.6 38.987306625123985 54.78226576259932 376.116943359375 8.1279296875 47.41061628357438 121
40 8.1 68.84040738329473 92.14202524264003 479.556884765625 7.4638671875 43.11370528371709 247
50 10.1 51.22349744740099 79.79715521465769 479.556884765625 7.4638671875 49.46694574123474 328
60 10.4 62.84964693509615 80.92295305602063 479.556884765625 7.152099609375 49.8804928795163 429
70 13.8 63.050829016644045 92.51032539702155 479.556884765625 7.152099609375 52.41105952450749 533
80 19.9 48.95413714078204 73.15902288978731 479.556884765625 7.152099609375 54.59926845135525 671
90 22.9 56.7645375614083 78.1674146544729 511.93115234375 7.10595703125 53.30802577227011 870
100 18.1 58.70193262258287 84.93275170085994 511.93115234375 7.10595703125 54.02826344261829 1099
110 23.7 137.11447516976529 218.54711098067068 1519.591064453125 7.10595703125 54.68914947509766 1280
120 39.4 148.08942920665453 243.3598044654083 1659.026123046875 6.87890625 67.56640866404705 1517
130 42.7 378.3479667145417 415.99239730861626 2285.419921875 6.87890625 84.16822451636905 1911
140 43.1 745.2957398310615 674.8310521280173 3362.719970703125 6.87890625 137.8956624627419 2338
150 48.1 1351.8569691235712 1078.4985945216602 5536.830078125 6.87890625 232.4386141946833 2769
160 55.5 2522.1658528645844 1845.8339676824794 8651.248046875 1.490966796875 398.1125307241587 3250
170 82.4 2530.5610117495694 2497.1990123909227 9955.302001953125 1.450927734375 707.9284555041683 3805
180 121.2 1766.5786312090675 2199.172705125553 9955.302001953125 1.43408203125 1032.372012718731 4629
190 175.8 1235.3741731437535 1867.2651330845506 9955.302001953125 1.407958984375 1184.7189433145686 5841
200 218.4 1014.4074400737611 1558.4297783603042 9955.302001953125 1.389892578125 1196.4378397535352 7599
210 186.4 1076.5238462783736 1497.949870647673 9955.302001953125 1.363037109375 1155.8005717477467 9783
220 185.1 1182.9915485928195 1576.3883344350397 9955.302001953125 1.363037109375 1143.1130284941269 11647
230 149.9 1459.9101854035516 1403.9270102450425 9955.302001953125 1.363037109375 1148.5816268570459 13498
240 137.2 1547.813600056373 1029.4999501825032 9955.302001953125 1.363037109375 1179.6999511393165 14997
250 126.2 1454.8821535911504 648.439723459544 9955.302001953125 1.363037109375 1210.5541222135544 16369
260 124.2 1100.3742095898115 674.9452312591806 9955.302001953125 1.363037109375 1228.0427488143441 17631
270 79.8 386.1413592575188 413.53016193062876 9955.302001953125 1.363037109375 1219.64109959499 18873
280 34.6 21.942905668578383 21.50020282918674 9955.302001953125 1.363037109375 1185.828238388681 19671
290 24.4 18.489994236680335 14.28758831613766 9955.302001953125 1.363037109375 1165.7101225311023 20017
300 10.6 18.24369380159198 10.78094643545275 9955.302001953125 1.363037109375 1151.8943330190427 20261
310 3.5 14.373842075892858 5.841238492612513 9955.302001953125 1.363037109375 1145.9942511337847 20367
320 3.6 15.442396375868055 6.719760026086183 9955.302001953125 1.363037109375 1144.0529358550361 20402
330 0.3 12.423177083333334 2.2663959667602684 9955.302001953125 1.363037109375 1142.0649732647018 20438
338 2 22.76527099609375 5.483158868177745 9955.302001953125 1.363037109375 1141.8991826777176 20441
