0 6.60703125 6.60703125
10 20.42421875 27.03125
20 84.30625 111.3375
30 164.4546875 275.7921875
40 105.959375 381.7515625
50 138.60546875 520.35703125
60 160.21171875 680.56875
70 197.13203125 877.70078125
80 276.4609375 1154.16171875
90 300.65625 1454.81796875
100 259.1203125 1713.93828125
110 313.57421875 2027.5125
120 502.4453125 2529.9578125
130 520.71953125 3050.67734375
140 654.91875 3705.59609375
150 746.05390625 4451.65
160 731.08359375 5182.73359375
170 913.00703125 6095.740625
180 1155.20625 7250.946875
190 1639.87890625 8890.82578125
200 2021.0125 10911.83828125
210 1835.88984375 12747.728125
220 2164.93203125 14912.66015625
230 1889.87421875 16802.534375
240 1841.515625 18644.05
250 1727.9 20371.95
260 1753.28515625 22125.23515625
270 1202.1578125 23327.39296875
280 620.8140625 23948.20703125
290 454.72734375 24402.934375
300 196.4640625 24599.3984375
310 78.57265625 24677.97109375
320 68.35703125 24746.328125
330 8.578125 24754.90625
338 29.97734375 24784.88359375
