20 0.8 19.14251708984375 7.1722472503041965 37.47314453125 14.35595703125 0 0
30 3.2 21.46143341064453 9.104175171039758 60.302978515625 9.712890625 19.14251708984375 8
40 0 0 0 60.302978515625 9.712890625 20.997650146484375 40
50 0.8 45.81402587890625 26.03579646358615 95.050048828125 9.712890625 20.997650146484375 40
60 0 0 0 95.050048828125 9.712890625 25.133712768554688 48
70 0.8 15.468231201171875 1.1064534969818347 95.050048828125 9.712890625 25.133712768554688 48
80 4 21.413134765625 9.77255227849912 95.050048828125 9.712890625 23.7529296875 56
90 3.2 23.79633331298828 9.990839675609223 95.050048828125 9.712890625 22.77801513671875 96
100 0.8 22.395355224609375 7.646882978490414 95.050048828125 9.712890625 23.032594680786133 128
110 0.8 19.91851806640625 10.442378019779325 95.050048828125 9.712890625 22.995110006893384 136
120 4.6 47.95894191576089 60.06407143432762 317.9619140625 9.712890625 22.824188232421875 144
130 3.9 247.93445137219553 186.20442607523955 820.52978515625 9.712890625 28.90944438733553 190
140 2.8 614.9817853655134 387.27864741886265 1283.368896484375 9.712890625 66.21064645025928 229
150 1.5 1512.3641764322917 416.3747876597228 2447.60107421875 9.712890625 125.99894174063716 257
160 1.9 2301.6804456208883 1432.9828675719978 3822.134033203125 1.548095703125 202.452906889074 272
170 4.4 1455.6566162109384 1719.2571596508983 4692.817138671875 1.548095703125 339.5158733354811 291
180 6.8 1060.1389590992646 1493.0382200080733 4692.817138671875 1.538818359375 486.11346344449646 335
190 14.7 818.5611813084608 1345.860289923695 4692.817138671875 1.47607421875 582.9713634557229 403
200 18.1 588.017061518042 1118.7595971451642 4692.817138671875 1.4580078125 645.9380965909093 550
210 15.1 840.0725534199089 1208.4084722804728 4692.817138671875 1.446044921875 631.5964996713622 731
220 21.7 598.5812223232283 1028.4261698114528 4692.817138671875 1.446044921875 667.2879782609659 882
230 17.5 1023.0193233816964 1009.5767498474502 4692.817138671875 1.446044921875 653.7216761331324 1099
240 22.3 1132.5393197782375 726.8031417148488 4692.817138671875 1.446044921875 704.449374931012 1274
250 25 1121.221084960937 296.5936736666139 4692.817138671875 1.446044921875 768.2196205562166 1497
260 30.7 782.9157826178235 436.7657604035569 4692.817138671875 1.446044921875 818.734998977041 1747
270 19 358.25031481291126 241.39384242738973 4692.817138671875 1.446044921875 813.381299160936 2054
280 5.1 15.221947763480392 13.21878723336405 4692.817138671875 1.446044921875 774.8452532491157 2244
290 3.3 11.870598070549242 8.086639188110825 4692.817138671875 1.446044921875 757.9647353494349 2295
300 1.6 15.785308837890623 9.400796625834007 4692.817138671875 1.446044921875 747.3886586612033 2328
310 0 0 0 4692.817138671875 1.446044921875 742.3947791402251 2344
320 0.8 8.477630615234375 2.0810294789739125 4692.817138671875 1.446044921875 742.3947791402251 2344
330 0 0 0 4692.817138671875 1.446044921875 739.8984623085074 2352
338 0.8 14.280914306640625 3.5252386529295574 4692.817138671875 1.446044921875 739.8984623085074 2352
