20 0.3 19.123372395833332 3.708036748405779 24.361083984375 16.282958984375 0 0
30 0.2 14.7640380859375 2.7230224609375 24.361083984375 12.041015625 19.123372395833332 3
40 0.1 41.60009765625 0.0 41.60009765625 12.041015625 17.379638671875 5
50 0.3 43.434651692708336 23.468886931090875 73.39306640625 12.041015625 21.4163818359375 6
60 0.3 23.128580729166668 6.810254173989251 73.39306640625 12.041015625 28.75580512152778 9
70 0.4 43.65185546875 13.473598768005028 73.39306640625 12.041015625 27.3489990234375 12
80 0.3 26.959635416666668 13.02556560276356 73.39306640625 12.041015625 31.424713134765625 16
90 0.2 26.8231201171875 15.8880615234375 73.39306640625 10.93505859375 30.719700863486842 19
100 0.3 32.202067057291664 14.204484567920161 73.39306640625 10.93505859375 30.348597935267858 21
110 0.7 24.267613002232142 19.68664247822016 73.39306640625 10.780029296875 30.580281575520832 24
120 0.5 43.451025390625 35.92249087389381 105.8330078125 9.58203125 29.154840284778224 31
130 0.5 204.158447265625 109.46009151672816 313.841064453125 9.58203125 31.140421549479168 36
140 0.9 456.86162651909723 332.09561853235783 981.751953125 9.58203125 52.24018078315549 41
150 0.8 967.9526977539063 737.7708417382325 2805.03515625 9.58203125 125.072041015625 50
160 0.6 2552.883015950521 1026.5301576147076 3729.153076171875 9.58203125 241.3314419450431 58
170 1.9 2194.357666015625 1929.2623835427314 4615.363037109375 1.64501953125 458.03940200805664 64
180 2.4 1537.6339518229167 1553.9841571230813 4615.363037109375 1.64501953125 855.5098479856928 83
190 3.7 566.1209023965372 1173.7183177284144 4615.363037109375 1.47509765625 1008.5096469772196 107
200 3.8 1226.6401559930098 1124.7358050390385 4615.363037109375 1.47509765625 894.8403167724609 144
210 4 841.0508117675781 1162.1309125856762 4615.363037109375 1.47509765625 964.1172062800481 182
220 3.4 1081.469992244945 1170.4826992088704 4615.363037109375 1.47509765625 941.9430811426661 222
230 2.7 1238.255298755787 1036.4425303157775 4615.363037109375 1.47509765625 960.4739990234375 256
240 0.3 1671.6153157552083 141.53618689376785 4615.363037109375 1.47509765625 986.976101824757 283
250 0.7 1286.372349330357 116.05985612962226 4615.363037109375 1.47509765625 994.1576320408108 286
260 0.1 677.669921875 0.0 4615.363037109375 1.47509765625 1001.1388710204245 293
270 0.1 877.132080078125 0.0 4615.363037109375 1.47509765625 1000.0386364995217 294
280 0 0 0 4615.363037109375 1.47509765625 999.6220041048729 295
290 0 0 0 4615.363037109375 1.47509765625 999.6220041048729 295
300 0 0 0 4615.363037109375 1.47509765625 999.6220041048729 295
310 0 0 0 4615.363037109375 1.47509765625 999.6220041048729 295
320 0 0 0 4615.363037109375 1.47509765625 999.6220041048729 295
330 0 0 0 4615.363037109375 1.47509765625 999.6220041048729 295
338 0 0 0 4615.363037109375 1.47509765625 999.6220041048729 295
