0 0.1 0.0 0 0.0 0.0 0 0
10 0.1 0.0 0.0 0.0 0.0 0.0 1
20 0.1 0.0 0.0 0.0 0.0 0.0 2
30 0.1 0.0 0.0 0.0 0.0 0.0 3
40 0.1 0.0 0.0 0.0 0.0 0.0 4
50 0.1 0.0 0.0 0.0 0.0 0.0 5
60 0.1 0.0 0.0 0.0 0.0 0.0 6
70 0.1 0.0 0.0 0.0 0.0 0.0 7
80 0.1 0.0 0.0 0.0 0.0 0.0 8
90 0.1 0.0 0.0 0.0 0.0 0.0 9
100 0.1 0.0 0.0 0.0 0.0 0.0 10
110 0.1 0.0 0.0 0.0 0.0 0.0 11
120 0.1 0.0 0.0 0.0 0.0 0.0 12
130 0.1 0.0 0.0 0.0 0.0 0.0 13
140 0.1 0.0 0.0 0.0 0.0 0.0 14
150 0.1 0.0 0.0 0.0 0.0 0.0 15
160 0.1 0.078125 0.0 0.078125 0.0 0.0 16
170 0.1 0.140625 0.0 0.140625 0.0 0.004595588235294118 17
180 0.1 0.12109375 0.0 0.140625 0.0 0.012152777777777778 18
190 0.1 0.1015625 0.0 0.140625 0.0 0.017886513157894735 19
200 0.1 0.078125 0.0 0.140625 0.0 0.022070312499999998 20
210 0.1 0.1484375 0.0 0.1484375 0.0 0.024739583333333332 21
220 0.1 0.12890625 0.0 0.1484375 0.0 0.030362215909090908 22
230 0.1 0.1796875 0.0 0.1796875 0.0 0.034646739130434784 23
240 0.1 0.30078125 0.0 0.30078125 0.0 0.040690104166666664 24
250 0.1 0.26171875 0.0 0.30078125 0.0 0.05109375 25
260 0.1 0.21875 0.0 0.30078125 0.0 0.059194711538461536 26
270 0.1 0.26171875 0.0 0.30078125 0.0 0.06510416666666667 27
280 0.1 0.21875 0.0 0.30078125 0.0 0.07212611607142858 28
290 0.1 0.19140625 0.0 0.30078125 0.0 0.07718211206896551 29
300 0.1 0.16015625 0.0 0.30078125 0.0 0.08098958333333334 30
310 0.1 0.12890625 0.0 0.30078125 0.0 0.08354334677419355 31
320 0.1 0.109375 0.0 0.30078125 0.0 0.0849609375 32
330 0.1 0.1015625 0.0 0.30078125 0.0 0.08570075757575757 33
340 0.1 0.078125 0.0 0.30078125 0.0 0.0861672794117647 34
350 0.1 0.0703125 0.0 0.30078125 0.0 0.0859375 35
360 0.1 0.05859375 0.0 0.30078125 0.0 0.08550347222222222 36
370 0.1 0.05078125 0.0 0.30078125 0.0 0.08477618243243243 37
380 0.1 0.0390625 0.0 0.30078125 0.0 0.08388157894736842 38
