0 0.6 177.01436360677084 284.84351621216155 807.666015625 10.583984375 0 0
10 1.6 110.6790771484375 240.70978934765506 807.666015625 9.650146484375 177.01436360677084 6
20 2.3 89.9486667798913 201.76645657853138 807.666015625 8.821044921875 128.77051890980113 22
30 5 69.3869580078125 156.85619634800344 960.701904296875 8.821044921875 108.92823893229166 45
40 5.4 45.49778917100694 92.00144258897045 960.701904296875 7.52880859375 88.11703844572368 95
50 8 81.89112854003906 204.78413759521348 1227.4169921875 7.52880859375 72.67113602401426 149
60 7.5 36.72513020833333 72.02138997204632 1227.4169921875 7.52880859375 75.89209410821506 229
70 16.5 47.84260771780303 120.90007455055941 1227.4169921875 7.52880859375 66.22919183028371 304
80 14.7 32.127280306653894 71.3871785898325 1227.4169921875 7.52880859375 59.76056415744935 469
90 18.5 50.87696896114864 145.6973951281212 1233.309814453125 7.52880859375 53.16625778396407 616
100 26.5 29.97275022110849 66.48123744822705 1233.309814453125 7.347900390625 52.637520665086605 801
110 27.1 33.876997268507814 101.2848067449486 1464.152099609375 7.347900390625 47.00322032019523 1066
120 31.4 37.21861082429338 116.20428645793078 1795.735107421875 6.89599609375 44.342632102538325 1337
130 41.1 25.841654905147507 50.21645229282058 1795.735107421875 6.89599609375 42.9877304178812 1651
140 57.2 39.58790428321676 105.55706865895613 1853.073974609375 6.89599609375 39.57015668571168 2062
150 66.1 45.56278255306831 181.85175978837512 2619.4931640625 6.89599609375 39.5740107577591 2634
160 85.1 41.00647503396738 86.96299839494651 2619.4931640625 6.89599609375 40.77540018316104 3295
170 102 90.69542762905935 260.045862430965 3474.913818359375 6.89599609375 40.82283016339167 4146
180 127.6 87.65487240399696 262.5830792848571 4762.01708984375 6.7470703125 50.66991677101479 5166
190 185.3 103.23348355074553 328.4173096471947 5563.984130859375 6.7470703125 57.99571673805689 6442
200 211.7 88.99386015735716 210.43958110583972 5563.984130859375 6.7470703125 68.10127212128921 8295
210 262.2 98.06173675793161 157.7390979284662 5563.984130859375 6.7470703125 72.34921765263341 10412
220 292.3 394.7936084602451 411.8801230986161 5563.984130859375 6.7470703125 77.52170691871382 13034
230 284.6 1117.831337345042 780.3655331045612 5563.984130859375 6.7470703125 135.63950902474227 15957
240 296.3 1814.2168936908058 1013.8352365327034 6464.112060546875 1.192138671875 284.30291079039523 18803
250 298.3 1691.4804873285848 1224.3192082192963 6679.591064453125 1.192138671875 492.569709069083 21766
260 303.5 1038.149033170947 809.2504208137385 6679.591064453125 1.192138671875 637.0745719543751 24749
270 307.6 703.6573362511689 598.6675536336935 6679.591064453125 1.192138671875 680.886153792566 27784
280 234.9 314.5534579624969 366.6236140667502 6679.591064453125 1.192138671875 683.1558931717839 30860
290 110.8 61.52653288583021 114.07694177271165 6679.591064453125 1.192138671875 657.0832285234471 33209
300 50.7 21.34208531727688 19.24374514431545 6679.591064453125 1.192138671875 637.8543676449764 34317
310 29.2 22.699129287510715 14.93006184834081 6679.591064453125 1.192138671875 628.878611639344 34824
320 22.3 23.900000875840806 12.940889298626397 6679.591064453125 1.192138671875 623.8380486809564 35116
330 3.1 17.51917685231855 7.929874508000278 6679.591064453125 1.192138671875 620.0522543839887 35339
340 3.7 21.559986011402025 5.494228281408952 6679.591064453125 1.192138671875 619.5241648899689 35370
350 1.7 22.52102481617647 6.017953728737126 6679.591064453125 1.192138671875 618.8992976428565 35407
360 0 0 0 6679.591064453125 1.192138671875 618.6130953326134 35424
370 0 0 0 6679.591064453125 1.192138671875 618.6130953326134 35424
380 1.7 22.466222426470587 4.955819037692686 6679.591064453125 1.192138671875 618.6130953326134 35424
385 1.7 26.009880514705884 11.218040925852778 6679.591064453125 1.192138671875 618.3271413008591 35441
