10 0.1 41 0 41 41 0 0
20 0.1 67.0 0.0 67 41 41.0 1
30 0.1 111.0 0.0 111 41 54.0 2
40 0.1 235.0 0.0 235 41 73.0 3
50 0.1 295.0 0.0 295 41 113.5 4
60 0.1 375.0 0.0 375 41 149.8 5
70 0.1 495.0 0.0 495 41 187.33333333333334 6
80 0.1 740.0 0.0 740 41 231.28571428571428 7
90 0.1 610.0 0.0 740 41 294.875 8
100 0.1 798.0 0.0 798 41 329.8888888888889 9
110 0.1 1213.0 0.0 1213 41 376.7 10
120 0.1 1178.0 0.0 1213 41 452.72727272727275 11
130 0.1 1547.0 0.0 1547 41 513.1666666666666 12
140 0.1 1696.0 0.0 1696 41 592.6923076923077 13
150 0.1 2867.0 0.0 2867 41 671.5 14
160 0.1 2705.0 0.0 2867 41 817.8666666666667 15
170 0.1 4294.0 0.0 4294 41 935.8125 16
180 0.1 4685.0 0.0 4685 41 1133.3529411764705 17
190 0.1 7111.0 0.0 7111 41 1330.6666666666667 18
200 0.1 9641.0 0.0 9641 41 1634.8947368421052 19
210 0.1 10844.0 0.0 10844 41 2035.2 20
220 0.1 14984.0 0.0 14984 41 2454.6666666666665 21
230 0.1 16536.0 0.0 16536 41 3024.181818181818 22
240 0.1 17101.0 0.0 17101 41 3611.6521739130435 23
250 0.1 15789.0 0.0 17101 41 4173.708333333333 24
260 0.1 17159.0 0.0 17159 41 4638.32 25
270 0.1 1.81e4 0.0 18100 41 5119.884615384615 26
280 0.1 16623.0 0.0 18100 41 5600.62962962963 27
290 0.1 9823.0 0.0 18100 41 5994.285714285715 28
300 0.1 3561.0 0.0 18100 41 6126.310344827586 29
310 0.1 1365.0 0.0 18100 41 6040.8 30
320 0.1 1444.0 0.0 18100 41 5889.967741935484 31
330 0.1 512.0 0.0 18100 41 5751.03125 32
340 0.1 229.0 0.0 18100 41 5592.272727272727 33
350 0.1 145.0 0.0 18100 41 5434.529411764706 34
360 0.1 94.0 0.0 18100 41 5283.4 35
370 0.1 2.0 0.0 18100 2 5139.25 36
380 0.1 2.0 0.0 18100 2 5000.405405405405 37
