0 1.721875 1.721875
10 8.6 10.321875
20 11.846875 22.16875
30 47.79609375 69.96484375
40 35.0109375 104.97578125
50 62.92890625 167.9046875
60 48.71953125 216.62421875
70 143.1265625 359.75078125
80 116.01796875 475.76875
90 139.93359375 615.70234375
100 197.58125 813.28359375
110 217.79296875 1031.0765625
120 237.96484375 1269.04140625
130 320.56875 1589.61015625
140 484.609375 2074.21953125
150 449.2140625 2523.43359375
160 635.33828125 3158.771875
170 820.9765625 3979.7484375
180 961.1453125 4940.89375
190 1486.17265625 6427.06640625
200 1674.20625 8101.27265625
210 2009.340625 10110.61328125
220 2251.234375 12361.84765625
230 2209.6828125 14571.53046875
240 2441.71015625 17013.240625
250 2632.75859375 19645.99921875
260 3027.03984375 22673.0390625
270 3083.84140625 25756.88046875
280 2490.39375 28247.27421875
290 1141.58359375 29388.8578125
300 533.2703125 29922.128125
310 329.22265625 30251.35078125
320 272.521875 30523.87265625
330 35.35859375 30559.23125
340 45.265625 30604.496875
350 22.14140625 30626.63828125
360 0 30626.63828125
370 0 30626.63828125
380 22.15546875 30648.79375
385 22.12734375 30670.92109375
