10 0.2 14.678955078125 1.64404296875 16.322998046875 13.034912109375 0 0
20 0.1 16.28515625 0.0 16.322998046875 13.034912109375 14.678955078125 2
30 0.3 12.816650390625 2.4635320398466534 16.322998046875 9.468994140625 15.21435546875 3
40 0.4 33.7919921875 29.054704694340238 82.677978515625 7.673095703125 14.0155029296875 6
50 0.2 17.2509765625 7.10595703125 82.677978515625 7.673095703125 21.9260986328125 10
60 0.2 10.45263671875 0.199462890625 82.677978515625 7.673095703125 21.14691162109375 12
70 1.3 14.769869290865385 9.280676870989478 82.677978515625 7.673095703125 19.619158063616073 14
80 0.5 10.89921875 1.1539516742213658 82.677978515625 7.673095703125 17.284315321180557 27
90 0.9 52.437581380208336 82.26387108461383 245.83203125 7.673095703125 16.286643981933594 32
100 1.4 11.196690150669642 3.910778788877885 245.83203125 7.673095703125 24.222215605945124 41
110 1.8 24.975206163194443 56.65084891354856 258.3779296875 7.673095703125 20.906627308238637 55
120 2.1 12.531156994047619 6.462716914794484 258.3779296875 7.673095703125 21.90983853274829 73
130 1.9 10.538175884046053 2.508600772162639 258.3779296875 7.673095703125 19.814601167719413 94
140 3 19.967496744791667 25.771643798514912 258.3779296875 7.673095703125 18.25484824391593 113
150 2.8 16.535731724330354 21.32337154116852 258.3779296875 7.673095703125 18.61414513221154 143
160 4.5 32.749240451388886 105.76169672500693 726.66015625 7.55908203125 18.273820129751464 171
170 5.7 55.74475311814694 119.75989042076813 726.66015625 7.55908203125 21.28953269675926 216
180 7.1 52.59755309198944 117.34737096292497 841.41796875 7.553955078125 28.483479817708332 273
190 8.3 59.85973679875751 99.99727183549678 841.41796875 7.177001953125 33.46051238303961 344
200 10.4 53.04312368539664 58.85790949117806 841.41796875 7.177001953125 38.59197755049766 427
210 11.1 59.85004706855294 68.5670804247997 841.41796875 7.177001953125 41.422333855637945 531
220 16.5 331.79095495975383 292.6821250312029 1183.4228515625 7.177001953125 44.60843380366531 642
230 15.8 974.2505485438094 549.7833831467085 2303.215087890625 7.177001953125 103.32604965342317 807
240 21.5 1558.595980196221 665.7637154919295 2983.952880859375 1.576904296875 245.92301423858484 965
250 20.3 1579.0592876866533 732.6800126526036 3264.76708984375 1.576904296875 485.0964783749338 1180
260 8.9 980.6499791520362 485.56294428106304 3264.76708984375 1.576904296875 645.6709182088305 1383
270 3 532.5339925130208 349.5197564281581 3264.76708984375 1.576904296875 665.9244076272715 1472
280 0.6 128.13330078125 167.21336292044805 3264.76708984375 1.576904296875 663.2601516662679 1502
290 0.1 10.379150390625 0.0 3264.76708984375 1.576904296875 661.1309997396697 1508
300 0 0 0 3264.76708984375 1.576904296875 660.6997526559394 1509
310 0 0 0 3264.76708984375 1.576904296875 660.6997526559394 1509
320 0 0 0 3264.76708984375 1.576904296875 660.6997526559394 1509
330 0 0 0 3264.76708984375 1.576904296875 660.6997526559394 1509
340 0 0 0 3264.76708984375 1.576904296875 660.6997526559394 1509
350 0 0 0 3264.76708984375 1.576904296875 660.6997526559394 1509
360 0 0 0 3264.76708984375 1.576904296875 660.6997526559394 1509
370 0 0 0 3264.76708984375 1.576904296875 660.6997526559394 1509
380 0 0 0 3264.76708984375 1.576904296875 660.6997526559394 1509
385 0 0 0 3264.76708984375 1.576904296875 660.6997526559394 1509
