10 0.2 52.68798828125 1.56298828125 54.2509765625 51.125 0 0
20 0.3 41.651692708333336 22.25252287321381 59.3701171875 10.26904296875 52.68798828125 2
30 0.3 49.8857421875 27.46333518777472 76.929931640625 10.26904296875 46.0662109375 5
40 0.3 29.510335286458332 27.758717936202224 76.929931640625 9.875 47.49853515625 8
50 0.2 37.4925537109375 24.9395751953125 76.929931640625 9.875 42.59266246448863 11
60 0.7 11.511997767857142 1.7619920744090392 76.929931640625 9.324951171875 41.80803034855769 13
70 0.8 10.3836669921875 0.9692139053162149 76.929931640625 9.007080078125 31.2044189453125 20
80 1.2 20.668192545572918 33.23458205943944 130.867919921875 9.007080078125 25.255632672991073 28
90 1 13.028857421875 4.619827180515907 130.867919921875 9.007080078125 23.879400634765624 40
100 1.6 16.782730102539063 19.915446444444672 130.867919921875 9.007080078125 21.7092919921875 50
110 1.7 12.737232881433824 5.181954995551466 130.867919921875 9.007080078125 20.514973958333332 66
120 2 11.36717529296875 2.970602477962634 130.867919921875 8.466064453125 18.921942653426203 83
130 2.6 16.397770808293266 15.78769900600007 130.867919921875 8.287109375 17.454997534890776 103
140 3 18.604223632812502 19.108439382234767 130.867919921875 8.287109375 17.241913078367247 129
150 3.9 31.478453024839748 89.164031323099 569.381103515625 8.287109375 17.49895280562107 159
160 6 22.984501139322916 32.10539369911214 569.381103515625 8.192138671875 20.252490727588384 198
170 6.1 94.10465628201845 205.79787721755108 1136.511962890625 8.18994140625 20.8878419861313 258
180 6.8 94.79201013901654 227.8186228565389 1136.511962890625 8.0849609375 34.888549422021946 319
190 10.8 70.27044225622105 127.75229538749468 1136.511962890625 7.693115234375 45.414222106145026 387
200 11.5 52.64071628736412 89.4947822126248 1136.511962890625 7.693115234375 50.83739741161616 495
210 13.9 75.85494358419513 77.47635627117401 1136.511962890625 7.693115234375 51.177367363601434 610
220 21.6 318.7440162941262 276.5489894334259 1136.511962890625 7.693115234375 55.75705106809079 749
230 18.5 922.914868823902 560.7643480079413 2215.64501953125 7.693115234375 114.62252722231219 965
240 22.1 1633.7033647217904 699.5042209141034 3153.962158203125 1.465087890625 244.65216478430708 1150
250 12.2 1760.1105216604765 646.1923890375126 3205.27587890625 1.465087890625 468.5619497487008 1371
260 1.5 949.4427897135415 485.39910146335177 3205.27587890625 1.465087890625 574.1004130931325 1493
270 0.1 781.517822265625 0.0 3205.27587890625 1.465087890625 577.8339247969163 1508
280 0 0 0 3205.27587890625 1.465087890625 577.9689041855636 1509
290 0 0 0 3205.27587890625 1.465087890625 577.9689041855636 1509
300 0 0 0 3205.27587890625 1.465087890625 577.9689041855636 1509
310 0 0 0 3205.27587890625 1.465087890625 577.9689041855636 1509
320 0 0 0 3205.27587890625 1.465087890625 577.9689041855636 1509
330 0 0 0 3205.27587890625 1.465087890625 577.9689041855636 1509
340 0 0 0 3205.27587890625 1.465087890625 577.9689041855636 1509
350 0 0 0 3205.27587890625 1.465087890625 577.9689041855636 1509
360 0 0 0 3205.27587890625 1.465087890625 577.9689041855636 1509
370 0 0 0 3205.27587890625 1.465087890625 577.9689041855636 1509
380 0 0 0 3205.27587890625 1.465087890625 577.9689041855636 1509
385 0 0 0 3205.27587890625 1.465087890625 577.9689041855636 1509
