30 0.1 18.205078125 0 18.205078125 18.205078125 0 0
40 0.1 13.72607421875 0.0 18.205078125 13.72607421875 18.205078125 1
50 0.2 17.303955078125 1.239013671875 18.54296875 13.72607421875 15.965576171875 2
60 0 0 0 18.54296875 13.72607421875 16.634765625 4
70 0.2 29.0831298828125 15.2430419921875 44.326171875 13.72607421875 16.634765625 4
80 0.1 13.232177734375 0.0 44.326171875 13.232177734375 20.784220377604168 6
90 0.2 103.160400390625 79.935546875 183.095947265625 13.232177734375 19.705357142857142 7
100 0.4 43.4560546875 54.49510375802489 183.095947265625 11.56201171875 38.25092230902778 9
110 0.4 21.062744140625 11.870490150131596 183.095947265625 11.56201171875 39.85250150240385 13
120 0.6 14.397623697916666 1.255221956424468 183.095947265625 11.56201171875 35.43138212316177 17
130 0.4 14.50628662109375 1.431450204038024 183.095947265625 11.56201171875 29.944314707880434 23
140 0.7 31.609933035714285 22.1402420173556 183.095947265625 11.56201171875 27.65719943576389 27
150 0.7 17.237444196428573 6.220648129955559 183.095947265625 11.010009765625 28.470997529871322 34
160 1.3 25.270057091346153 17.103216565036973 183.095947265625 10.653076171875 26.553073790015244 41
170 2 18.25474853515625 12.25485102093773 183.095947265625 10.4970703125 26.24419939959491 54
180 2.6 46.02714655949519 48.87275082327575 190.001953125 10.4970703125 24.084888355152028 74
190 2.7 110.82048430266204 188.91225688640142 797.340087890625 10.4970703125 29.78987548828125 100
200 3.1 64.37637033770162 66.77662203512571 797.340087890625 10.4970703125 47.01685531496063 127
210 4.9 110.09308235012755 108.07311456243939 797.340087890625 10.445068359375 50.42283611056171 158
220 4.1 350.1341820693598 227.7763659635491 1092.037109375 10.445068359375 64.54767700785024 207
230 4.6 1035.1982209578805 603.6557013555038 2172.016845703125 10.445068359375 111.76157502205142 248
240 5.2 1716.1446627103364 740.7587108159456 3121.678955078125 1.45703125 256.24485976031036 294
250 7.5 1552.561923828125 796.0106296030096 3121.678955078125 1.34814453125 475.6517665620484 346
260 5.1 860.8357460171569 501.4024735357559 3121.678955078125 1.34814453125 667.5003694004231 421
270 2.7 548.9734248408566 379.1368966313577 3121.678955078125 1.34814453125 688.3904206874007 472
280 1 175.5164794921875 187.87178306878263 3121.678955078125 1.34814453125 680.846815701716 499
290 0.2 14.152587890625 2.0244140625 3121.678955078125 1.34814453125 670.9189112575209 509
300 0.7 23.193708147321427 13.008005384364177 3121.678955078125 1.34814453125 668.3483972717405 511
310 0 0 0 3121.678955078125 1.34814453125 659.630090661951 518
320 0 0 0 3121.678955078125 1.34814453125 659.630090661951 518
330 0 0 0 3121.678955078125 1.34814453125 659.630090661951 518
340 0 0 0 3121.678955078125 1.34814453125 659.630090661951 518
350 0 0 0 3121.678955078125 1.34814453125 659.630090661951 518
360 0 0 0 3121.678955078125 1.34814453125 659.630090661951 518
370 0 0 0 3121.678955078125 1.34814453125 659.630090661951 518
380 0 0 0 3121.678955078125 1.34814453125 659.630090661951 518
385 0 0 0 3121.678955078125 1.34814453125 659.630090661951 518
