40 0.2 203.2554931640625 114.6175537109375 317.873046875 88.637939453125 0 0
50 0.1 62.220947265625 0.0 317.873046875 62.220947265625 203.2554931640625 2
60 0.3 67.24430338541667 1.1005501630840235 317.873046875 62.220947265625 156.24397786458334 3
70 0.1 67.776123046875 0.0 317.873046875 62.220947265625 111.744140625 6
80 0.2 72.7454833984375 6.1514892578125 317.873046875 62.220947265625 105.46299525669643 7
90 0.4 387.6632080078125 466.1583280305582 1191.862060546875 62.220947265625 98.19243706597223 9
100 0.2 71.1470947265625 5.0780029296875 1191.862060546875 62.220947265625 187.26036658653845 13
110 0.7 75.072021484375 13.913999818510913 1191.862060546875 62.220947265625 171.77859700520833 15
120 0.4 487.9605712890625 726.3507434771155 1746.01806640625 62.195068359375 141.00832297585228 22
130 1 76.9761474609375 11.597222043778208 1746.01806640625 62.006103515625 194.3855919471154 26
140 0.6 301.9819742838542 475.1233243502786 1746.01806640625 62.006103515625 161.77185736762152 36
150 0.7 476.0511997767857 849.8321612432826 2550.033935546875 62.006103515625 181.80187406994048 42
160 0.8 99.20330810546875 32.463468470352694 2550.033935546875 62.006103515625 223.83749202806123 49
170 1.5 110.21090494791666 32.810253826810055 2550.033935546875 62.006103515625 206.34497498629386 57
180 1.8 139.96150716145834 80.92132694859777 2550.033935546875 61.837158203125 186.31704372829861 72
190 2.3 536.1269106657608 1260.1797745012755 5200.27197265625 61.837158203125 177.04593641493057 90
200 2.2 143.61964000355113 65.91049279234497 5200.27197265625 61.837158203125 250.13321435978983 113
210 3.7 220.79212415540542 113.8915258784086 5200.27197265625 61.837158203125 232.7754466869213 135
220 3.1 498.76095482610884 338.84923638708693 5200.27197265625 61.837158203125 230.1976389330487 172
230 4.7 1055.2449197972078 579.2702601591056 5200.27197265625 61.837158203125 271.20977091671796 203
240 5.8 1770.7172009698277 678.0388135683562 5200.27197265625 1.468994140625 418.60837890625 250
250 6.9 1550.3507239300275 847.6967441034532 5200.27197265625 1.468994140625 673.2262739701705 308
260 8.1 1117.5358314043215 464.4839505823946 5200.27197265625 1.468994140625 833.7609876233007 377
270 4.2 966.7468843005952 394.0095256324447 5200.27197265625 1.468994140625 883.948241654442 458
280 3.1 258.7004473286291 228.8961012110758 5200.27197265625 1.468994140625 890.9033276367188 500
290 0.2 101.4710693359375 16.8060302734375 5200.27197265625 1.468994140625 853.9950615547024 531
300 0.7 69.24183872767857 3.1479079410212556 5200.27197265625 1.468994140625 851.1713317527557 533
310 0 0 0 5200.27197265625 1.468994140625 841.0352086950232 540
320 0 0 0 5200.27197265625 1.468994140625 841.0352086950232 540
330 0 0 0 5200.27197265625 1.468994140625 841.0352086950232 540
340 0 0 0 5200.27197265625 1.468994140625 841.0352086950232 540
350 0 0 0 5200.27197265625 1.468994140625 841.0352086950232 540
360 0 0 0 5200.27197265625 1.468994140625 841.0352086950232 540
370 0 0 0 5200.27197265625 1.468994140625 841.0352086950232 540
380 0 0 0 5200.27197265625 1.468994140625 841.0352086950232 540
385 0 0 0 5200.27197265625 1.468994140625 841.0352086950232 540
